,0,1,2,3,4,5,6,7,8,9,10,11,12,13,14,15,16,17,18,19,20,21,22,23,24,25,26,27,28,29,30,31,32,33,34,35,36,37,38,39,40,present/pseudo_absent,decimal_latitude,decimal_longitude,taxon_name,row_n
0,-0.015119219661989996,0.04063373782855314,0.4637858515093765,1.4690772608413198,-0.1573740831179572,0.6574370174062557,-1.4855987442104144,1.0963652292216193,1.2352445430680872,1.252855559998227,1.2595285168408128,0.5296481363878942,1.156954223564074,1.9414870333388328,1.449425721373579,-1.4229233779579016,0.7227307179720316,0.7400747528274716,1.126288371545699,-0.21612227997957742,-0.17767999337372647,-0.21251611383411392,1.097207113088185,0.67657652327004,1.2903954676528524,2.031455551530484,2.4395276194819964,-0.12917152037853158,0.07910616587014112,2.1867978711448455,0.3405425539728638,0.6826157345366747,3.306890671218939,1.1202806331411,1.5876047783910991,-1.472278242472862,0.8475133777734914,1.150925945861387,-1.0319435506404302,0.8196529764432188,1.0553557758723042,1,7.532999999999999,-8.933,Cephalophus_niger,120
1,1.3941628683940894,-0.08189299612387813,1.9258304852713162,0.9764795159056829,-1.255953613519078,1.5427798349869246,-1.4855987442104144,3.908253321505279,1.3397432265712304,1.354809415300948,1.2364430387289,0.8285095747610262,1.156954223564074,1.5166393435128553,0.9975244339119756,-1.5650302426259173,0.3316101892049094,0.43341123368822726,1.29565000071717,-0.21901565548707458,-1.5813077645683296,-0.531460420201891,1.1714418674371152,0.8007936554193344,1.3345162003047484,3.802542531589935,3.464571192712545,2.425116452544262,-0.36376022260484236,2.796877566444669,3.3013358538891375,1.8962196629638675,3.7210625249480835,-0.4431683552169194,2.023108613724392,-1.474585805767784,0.624859924639918,1.4561152083714053,-1.6402682686349597,0.9614969787605959,1.1334228440112237,1,5.346419,-8.745141,Cephalophus_niger,146
2,0.6586859038012763,0.20400271643179482,0.5551636411194977,1.1259971343631425,-0.09522610886605488,-0.24849521012169445,-1.3709530283428701,0.6147124870555289,1.4824241213543683,1.4940156408104326,1.2502943255960477,1.079553182994457,1.156954223564074,1.5201232945130412,1.0627262257998116,-1.3481876228916567,0.5564505359618482,0.7624092040268642,1.3904419573429934,-0.29858348194324597,-0.9207770487120457,-0.4962141528867348,1.2726710779129289,1.0285250643597075,1.3688323257006674,0.5706000901821049,0.5231418086596665,-0.5075845534041307,0.02005731407347666,0.5040505797134649,-0.21935105081899564,0.3222442623399537,0.8940988256572961,-0.2517256219485905,1.490826148317034,-1.3686301911426138,0.9152774722054485,1.4711245163637015,-1.4447353235652896,1.160078582004924,1.2017315286327783,1,7.43,-3.47,Cephalophus_niger,121
3,-1.1363991292459257,-0.08189299612387813,0.281030272289134,1.2109176023324375,-0.19830073793035619,0.7603838523788149,-1.4439094020217758,1.1676538774783418,1.078898435826846,1.1003169072568484,1.3056994730646387,0.33837681582908974,1.156954223564074,1.7092240271100323,1.2386840766527751,-1.4289744635041453,0.6193198122026606,0.4965306699043066,1.1085938729755453,-0.2334825330245603,-0.012547314409655536,0.012276773120268966,0.9892292885806504,0.5730622464789614,1.202154002349061,1.9600877373669046,1.9314625440546809,-0.19224035921613142,0.07910616587014112,2.1599811812415566,0.19819672224611987,0.6031220274344569,3.976307969688137,0.7373951666044422,1.490826148317034,-1.4203580683371162,0.6635822643153221,1.1159042272126964,-1.1188470817825058,0.6399839068412077,0.9870470912507497,1,8.531,-8.906,Cephalophus_niger,108
4,0.5272993507351824,-0.08189299612387813,1.9258304852713162,0.9947933959830778,-1.0399513985872038,1.4398330306949148,-1.4682281822041718,3.423353463981544,1.356221865123649,1.3708867540217617,1.2410601343512826,0.8763274049007272,1.156954223564074,1.5257363348838315,1.015134853818289,-1.5656210330203542,0.3533499988751487,0.4569112157180635,1.3070250355122688,-0.21901565548707458,-1.5813077645683296,-0.4568164222675801,1.184939095500557,0.831847938456658,1.3394185039327366,3.426769142728637,2.8851987382778868,2.078237838937463,-0.45233350029983904,2.5119502362222237,2.883788080824022,1.9174179848577924,3.282810912281198,-0.41126123300553125,1.926329983650327,-1.4572790810558687,0.653901679396471,1.4511121057073066,-1.6113004249209346,0.9898657792240714,1.1383020357699063,1,5.473058999999999,-8.569025,Cephalophus_niger,145
5,0.8967199599193698,-0.08189299612387813,1.9258304852713162,0.9515163045544347,-1.4416396887998932,1.604548003467669,-1.496021079757574,4.340805961954353,1.3272837681535479,1.342653378707162,1.2318259431065173,0.8165551172261009,1.156954223564074,1.4825740612520222,0.9775855451382403,-1.5869404584700386,0.2893056462493836,0.38213884196964176,1.289330536942115,-0.21901565548707458,-1.5813077645683296,-0.4818148513551008,1.1646932534053942,0.7800908000611187,1.3296138966767599,4.089470274247593,3.9013288891325177,2.7089262273134613,-0.3342357967065101,3.088509069142936,3.6619452942635555,1.9015192434373487,4.029283439351167,-0.4750754774283075,2.1198872437984573,-1.4795855262401152,0.5958181698833649,1.461118311035504,-1.669236112348985,0.9142156446548035,1.1334228440112237,1,5.311659,-8.757204,Cephalophus_niger,147
6,0.17934505075915644,-0.08189299612387813,1.9258304852713162,0.9470726479218392,-1.474608403031883,1.5839585321592888,-1.4890728532984912,4.15429449048722,1.3232645880188116,1.3387320765801343,1.2272088474841347,0.8165551172261009,1.156954223564074,1.4959292313642076,0.9730738452326089,-1.5858965980776876,0.2914600525716429,0.37242815947486035,1.2817471804120493,-0.21901565548707458,-1.5813077645683296,-0.5539802584605474,1.1579446393736734,0.7800908000611187,1.3296138966767599,3.9787773379938773,3.68740675211049,2.7089262273134613,-0.39328464850317457,2.9309610159611132,3.6239864058030906,1.9598146286456417,3.8559091749994328,-0.4750754774283075,2.023108613724392,-1.47766255682768,0.5958181698833649,1.4511121057073066,-1.6547521904919724,0.9142156446548035,1.1285436522525414,1,5.315728,-8.711751,Cephalophus_niger,147
7,-0.02854371144985144,0.36737169503503647,-0.08448088615135091,1.1744041144714488,0.1431342328572636,0.34859649714830315,-1.419590605273521,1.046576427354535,1.3429585706790192,1.35794645700257,1.2225917518617522,0.8165551172261009,1.156954223564074,1.605092980147079,1.2503270872184595,-1.399648000806512,0.5560590430665562,0.48507213568362734,1.24383039776172,-0.3419841145557031,-0.8382107092300103,-0.5174488781484906,1.1714418674371152,0.8525507938148738,1.3149069857927946,1.342537671951438,1.735367251784489,-0.22377477863493134,0.10863059176847335,1.3320158804775108,0.12227894532518978,0.4600333546504647,2.748240263863349,0.06734560016529101,1.490826148317034,-1.4053589069201229,0.7700686984226832,1.3210314364407414,-1.336105909637695,0.8953031110124866,1.1334228440112237,1,6.92,-7.62,Cephalophus_niger,127
8,-0.24718570844692336,-0.08189299612387813,1.9258304852713162,0.9332512843583335,-1.3719126615654245,1.4604223792810969,-1.454331729286006,3.4313725341832284,1.3200492439110225,1.3355950348785122,1.213357560616987,0.864372947365802,1.156954223564074,1.4525735115487741,0.9637593035343466,-1.5457927966937695,0.30595335863498185,0.40311395171995107,1.2792193949020274,-0.21901565548707458,-1.5813077645683296,-0.3328908330616527,1.1579446393736734,0.8111450830984422,1.3198092894207831,3.4311386007386524,2.7069302907595305,2.3935820331254622,-0.5409067779948358,2.461668942653557,3.16847974427751,2.1082028819031153,3.1383323586547522,-0.5069825996396957,1.8295513535762618,-1.4445874829337975,0.624859924639918,1.4361027977150107,-1.6113004249209346,0.9520407119394375,1.1187852687351763,1,5.3658199999999985,-8.384561999999999,Cephalophus_niger,146
9,1.288854483185435,-0.08189299612387813,0.281030272289134,1.3570206130857725,-0.1668478632065621,0.7603838523788149,-1.4439094020217758,1.1627340330228317,1.1833971193299893,1.2022707625595692,1.3703388117779949,0.4101035610386414,1.156954223564074,1.8418076113007131,1.3487121698623084,-1.3978068744481202,0.6765091541168174,0.629567138621417,1.181899652766182,-0.2334825330245603,-0.012547314409655536,0.7651380228138035,1.0634640429295805,0.67657652327004,1.2560793422569334,2.0838890476506653,2.074077302069366,-0.22377477863493134,0.07910616587014112,2.3409938380887567,0.19819672224611987,0.6296199298018628,4.236369366215739,0.9288378998727711,1.490826148317034,-1.423434819397012,0.7797492833415343,1.135916637869091,-1.0609113943544553,0.7440028418739509,1.0309598170788918,1,8.525,-8.937000000000003,Cephalophus_niger,108
10,1.3266739625562542,-0.16357748542549896,1.46894153722071,1.4814443947950557,0.16321874494482616,0.9662775530044829,-1.4925469706694972,1.6547184785738407,1.2669960661325037,1.283833846801746,1.2779968993303432,0.649192711737147,1.156954223564074,1.99084298122999,1.3894633730707775,-1.5344304788956664,0.851994200758976,0.798727061726463,1.1894830092962478,-0.16982827185962318,-0.8382107092300103,-0.023351237272305574,1.1174529551833479,0.6972793786282558,1.3002000749088294,2.673765879002703,2.796064514518709,-0.034568262122131814,-0.009467111824855575,2.803581738920491,0.5777856068507703,1.0005905629455463,4.149682234039872,1.0564663887183237,1.8779406686132945,-1.4834314650649851,0.8475133777734914,1.2459848964792615,-1.16954080828205,0.8385655100855357,1.094389309941764,1,8.032,-9.736,Cephalophus_niger,114
11,0.08027245147234384,0.4082139396858469,0.281030272289134,1.2932241663665636,0.051428110987605795,0.5133114430755765,-1.419590605273521,0.9816345706268444,1.1906316435725146,1.2093291063882192,1.1995062737498392,0.5176936788529689,1.156954223564074,1.7572252610404508,1.3245525009937498,-1.3781794424414269,0.7219471344823709,0.544695868447911,1.1149133367506003,-0.3116036717269831,-0.5079453513018684,0.07143843911407834,1.0702126569613015,0.7076308063073636,1.2511770386289451,1.6687905366992317,1.8155880531677493,-0.22377477863493134,0.07910616587014112,1.824772557450445,0.13176866744030602,0.4918308374913518,3.494712790933318,0.705488044393054,1.4424368332800015,-1.3974747323291392,0.7700686984226832,1.165935253853683,-1.1116051208539994,0.7345465750527924,1.0455973923549393,1,8.139,-8.573,Cephalophus_niger,113
12,0.4342097245620285,0.08147598247936355,0.1896524826790128,1.1715939732987577,-0.40066068640529356,1.1104031465105053,-1.4786505260342608,2.3669150598571,1.3722985856625942,1.3865719625298727,1.2733798037079607,0.8524184898308766,1.156954223564074,1.7278051975569175,1.1244352033484188,-1.5974482376613506,0.524526531722327,0.5763524918652705,1.3082889282672798,-0.2031020901958403,-1.1684760671581522,-0.5497722507716514,1.191687709532278,0.831847938456658,1.3443208075607251,2.6257018408925368,2.7604108250150374,0.5961201262538666,-0.1275648154181845,2.119756146386623,1.1186997674123973,1.0270884653129522,3.494712790933318,-0.028375766468873437,1.9747192986873596,-1.4572790810558687,0.7313463587472792,1.4210934897227148,-1.5099129719218463,0.942584445118279,1.1480604192872712,1,6.06056,-9.06917,Cephalophus_niger,138
13,-0.1976964161850386,0.44905618433665734,0.09827469306889156,0.7342649306578428,-0.19375336396418116,0.6162582818832045,-1.3917977160030484,1.8076764246786408,1.4635339747211078,1.4755855208134023,1.2041233693722218,1.175188843273859,1.156954223564074,1.2352139832453641,0.8126888652293447,-1.5188351668255962,0.10774887353573893,0.1622889962147203,1.3853863863229494,-0.3911714981831545,-1.4161750856042585,-0.3687006659347996,1.259173849849487,0.9767679259641681,1.3639300220726789,1.2799087738078883,3.009986651540736,-0.06610268154093174,0.7876923874301147,1.8448850748779115,0.5682958847356541,0.3328434232869161,0.5377183933787302,-1.1132179216560705,1.5392154633540664,-1.3938210904455126,0.653901679396471,1.536164850996984,-1.7344137607055417,1.0560596469721808,1.2163691039088258,1,5.25361,-5.00255,Cephalophus_niger,147
14,1.4023708575664346,-0.08189299612387813,1.9258304852713162,0.9749764264146197,-1.2639115540994874,1.5221904864007423,-1.4786505260342608,3.7400438275600503,1.3425566526655457,1.3575543267898673,1.2364430387289,0.8524184898308766,1.156954223564074,1.5125747586241125,0.9937404776857474,-1.5670032780982128,0.32965152933029607,0.432051892239144,1.29565000071717,-0.21901565548707458,-1.5813077645683296,-0.5296517922891746,1.1714418674371152,0.8111450830984422,1.3345162003047484,3.6991320253529114,3.2773893228182707,2.3935820331254622,-0.42280907440150683,2.7063712380210685,3.2538872433135566,1.9439158872251983,3.5621361159589933,-0.4431683552169194,1.926329983650327,-1.468047709765505,0.634540509558769,1.4511121057073066,-1.6257843467779471,0.9709532455817544,1.1334228440112237,1,5.372418,-8.621952,Cephalophus_niger,146
15,0.5272993507351824,-0.08189299612387813,1.9258304852713162,0.9947933959830778,-1.0399513985872038,1.4398330306949148,-1.4682281822041718,3.423353463981544,1.356221865123649,1.3708867540217617,1.2410601343512826,0.8763274049007272,1.156954223564074,1.5257363348838315,1.015134853818289,-1.5656210330203542,0.3533499988751487,0.4569112157180635,1.3070250355122688,-0.21901565548707458,-1.5813077645683296,-0.4568164222675801,1.184939095500557,0.831847938456658,1.3394185039327366,3.426769142728637,2.8851987382778868,2.078237838937463,-0.45233350029983904,2.5119502362222237,2.883788080824022,1.9174179848577924,3.282810912281198,-0.41126123300553125,1.926329983650327,-1.4572790810558687,0.653901679396471,1.4511121057073066,-1.6113004249209346,0.9898657792240714,1.1383020357699063,1,5.490819,-8.547517,Cephalophus_niger,145
16,1.3941628683940894,-0.08189299612387813,1.9258304852713162,0.9764795159056829,-1.255953613519078,1.5427798349869246,-1.4855987442104144,3.908253321505279,1.3397432265712304,1.354809415300948,1.2364430387289,0.8285095747610262,1.156954223564074,1.5166393435128553,0.9975244339119756,-1.5650302426259173,0.3316101892049094,0.43341123368822726,1.29565000071717,-0.21901565548707458,-1.5813077645683296,-0.531460420201891,1.1714418674371152,0.8007936554193344,1.3345162003047484,3.802542531589935,3.464571192712545,2.425116452544262,-0.36376022260484236,2.796877566444669,3.3013358538891375,1.8962196629638675,3.7210625249480835,-0.4431683552169194,2.023108613724392,-1.474585805767784,0.624859924639918,1.4561152083714053,-1.6402682686349597,0.9614969787605959,1.1334228440112237,1,5.40591,-8.690803,Cephalophus_niger,146
17,0.6777340321644988,-0.08189299612387813,1.9258304852713162,0.9866411746462481,-0.820538689320301,1.336886165041806,-1.4334870581916868,2.799123575443746,1.3461739147868084,1.3610834987041924,1.2272088474841347,0.9719630651801294,1.156954223564074,1.5079295398468124,1.0133882245724832,-1.5360077870262512,0.36921412777108625,0.4512788539170437,1.2918583224521372,-0.21901565548707458,-1.5813077645683296,-0.5366874105335777,1.1781904814688362,0.8525507938148738,1.3345162003047484,3.0029317157571733,2.4217007747301604,1.699824805911864,-0.5113823520965035,2.1767416124311123,2.4472608635286743,1.9333167262782358,2.7867678781637344,-0.41126123300553125,1.684383408465164,-1.4195888805721422,0.6732628492341731,1.4160903870586161,-1.5461227765643777,0.9804095124029129,1.1285436522525414,1,5.5146440000000005,-8.301654,Cephalophus_niger,144
18,0.8967199599193698,-0.08189299612387813,1.9258304852713162,0.9515163045544347,-1.4416396887998932,1.604548003467669,-1.496021079757574,4.340805961954353,1.3272837681535479,1.342653378707162,1.2318259431065173,0.8165551172261009,1.156954223564074,1.4825740612520222,0.9775855451382403,-1.5869404584700386,0.2893056462493836,0.38213884196964176,1.289330536942115,-0.21901565548707458,-1.5813077645683296,-0.4818148513551008,1.1646932534053942,0.7800908000611187,1.3296138966767599,4.089470274247593,3.9013288891325177,2.7089262273134613,-0.3342357967065101,3.088509069142936,3.6619452942635555,1.9015192434373487,4.029283439351167,-0.4750754774283075,2.1198872437984573,-1.4795855262401152,0.5958181698833649,1.461118311035504,-1.669236112348985,0.9142156446548035,1.1334228440112237,1,5.317792,-8.758004,Cephalophus_niger,147
19,0.5272993507351824,-0.08189299612387813,1.9258304852713162,0.9947933959830778,-1.0399513985872038,1.4398330306949148,-1.4682281822041718,3.423353463981544,1.356221865123649,1.3708867540217617,1.2410601343512826,0.8763274049007272,1.156954223564074,1.5257363348838315,1.015134853818289,-1.5656210330203542,0.3533499988751487,0.4569112157180635,1.3070250355122688,-0.21901565548707458,-1.5813077645683296,-0.4568164222675801,1.184939095500557,0.831847938456658,1.3394185039327366,3.426769142728637,2.8851987382778868,2.078237838937463,-0.45233350029983904,2.5119502362222237,2.883788080824022,1.9174179848577924,3.282810912281198,-0.41126123300553125,1.926329983650327,-1.4572790810558687,0.653901679396471,1.4511121057073066,-1.6113004249209346,0.9898657792240714,1.1383020357699063,1,5.4964830000000005,-8.514517,Cephalophus_niger,145
20,0.046836509183412235,0.36737169503503647,-0.08448088615135091,1.1276797091324275,0.012775070879088312,0.5956689179567476,-1.3917977160030484,1.4740125376719295,1.4044520267404843,1.4179423795460944,1.2364430387289,1.0078264377849053,1.156954223564074,1.6035445246650315,1.1612567683490644,-1.462705948442356,0.5219803336552373,0.4767210909844409,1.3297751051024664,-0.3419841145557031,-0.8382107092300103,-0.5383957259683113,1.2186821656591615,0.9250107875686288,1.3492231111887136,1.6192700125857273,1.886895432175092,-0.034568262122131814,-0.06851596362152004,1.3822971740461776,0.44492949723914266,0.7674090221123737,2.406307686947428,-0.15600425531442605,1.684383408465164,-1.408051064097532,0.7797492833415343,1.4210934897227148,-1.4737031672793148,0.9614969787605959,1.1626979945633185,1,6.174,-7.7879999999999985,Cephalophus_niger,136
21,0.9005508640033697,-0.08189299612387813,1.9258304852713162,0.9733263584235015,-1.0899729458903646,1.4398330306949148,-1.4578058383740828,3.292731353460971,1.336929800476915,1.3520645038120285,1.2272088474841347,0.864372947365802,1.156954223564074,1.4988325484758362,0.9981067176859747,-1.555732680543854,0.341011099134069,0.43787836100531513,1.2905944296971261,-0.21901565548707458,-1.5813077645683296,-0.5477381643526122,1.1714418674371152,0.8214965107775501,1.3296138966767599,3.3481188985483654,2.7069302907595305,2.078237838937463,-0.4818579261981713,2.438204338988179,2.8553189144786733,1.9916121114865288,3.152780214017397,-0.4431683552169194,1.8295513535762618,-1.44747193705245,0.64422109447762,1.4361027977150107,-1.5968165030639219,0.9709532455817544,1.1285436522525414,1,5.464741,-8.483417,Cephalophus_niger,145
22,0.9005508640033697,-0.08189299612387813,1.9258304852713162,0.9733263584235015,-1.0899729458903646,1.4398330306949148,-1.4578058383740828,3.292731353460971,1.336929800476915,1.3520645038120285,1.2272088474841347,0.864372947365802,1.156954223564074,1.4988325484758362,0.9981067176859747,-1.555732680543854,0.341011099134069,0.43787836100531513,1.2905944296971261,-0.21901565548707458,-1.5813077645683296,-0.5477381643526122,1.1714418674371152,0.8214965107775501,1.3296138966767599,3.3481188985483654,2.7069302907595305,2.078237838937463,-0.4818579261981713,2.438204338988179,2.8553189144786733,1.9916121114865288,3.152780214017397,-0.4431683552169194,1.8295513535762618,-1.44747193705245,0.64422109447762,1.4361027977150107,-1.5968165030639219,0.9709532455817544,1.1285436522525414,1,5.419533,-8.478202,Cephalophus_niger,145
23,0.13793694624551275,-0.08189299612387813,1.9258304852713162,0.9293305281696238,-1.5363774896859423,1.5427798349869246,-1.4751764003803254,3.875929907398561,1.3228626700053379,1.3383399463674315,1.2225917518617522,0.8524184898308766,1.156954223564074,1.4628317706968648,0.9615760724961372,-1.5726643775699112,0.27912115283056327,0.3945685037091015,1.2817471804120493,-0.21901565548707458,-1.5813077645683296,-0.5121868459505923,1.1579446393736734,0.8007936554193344,1.3247115930487714,3.7646738955031376,3.2773893228182707,2.6773918078946615,-0.4818579261981713,2.7130754104968906,3.5480686288821603,2.0605066576417843,3.528424453446156,-0.5388897218510839,1.8779406686132945,-1.4605481290570084,0.6054987548022159,1.446109003043208,-1.6402682686349597,0.9520407119394375,1.1236644604938588,1,5.306725,-8.556101,Cephalophus_niger,147
24,1.4023708575664346,-0.08189299612387813,1.9258304852713162,0.9749764264146197,-1.2639115540994874,1.5221904864007423,-1.4786505260342608,3.7400438275600503,1.3425566526655457,1.3575543267898673,1.2364430387289,0.8524184898308766,1.156954223564074,1.5125747586241125,0.9937404776857474,-1.5670032780982128,0.32965152933029607,0.432051892239144,1.29565000071717,-0.21901565548707458,-1.5813077645683296,-0.5296517922891746,1.1714418674371152,0.8111450830984422,1.3345162003047484,3.6991320253529114,3.2773893228182707,2.3935820331254622,-0.42280907440150683,2.7063712380210685,3.2538872433135566,1.9439158872251983,3.5621361159589933,-0.4431683552169194,1.926329983650327,-1.468047709765505,0.634540509558769,1.4511121057073066,-1.6257843467779471,0.9709532455817544,1.1334228440112237,1,5.3728099999999985,-8.584458,Cephalophus_niger,146
25,-0.7684387773756709,0.4082139396858469,0.1896524826790128,0.8496705742769202,-0.9963720246354623,0.45154333979099975,-1.4369611672797635,1.6048311837269345,1.3718966676491204,1.38617983231717,1.1948891781274567,0.9480541501102789,1.156954223564074,1.3304417803586503,0.9275198002315087,-1.4928697959607362,0.22056098808380786,0.4895389666542035,1.3158722847973456,-0.33330398803321165,-0.9207770487120457,-0.5389738384986797,1.191687709532278,0.8629022214939817,1.3247115930487714,1.1983455576209399,0.9598995050796394,0.21770709322826756,-0.42280907440150683,0.7889779099359099,0.6537033837717005,0.6985144759571182,1.423853522287597,-0.7622395773308009,1.8295513535762618,-1.4193965836308986,0.624859924639918,1.491136927020096,-1.6909619951345038,1.0371471133298638,1.167577186322001,1,5.82,-6.75,Cephalophus_niger,141
26,0.13793694624551275,-0.08189299612387813,1.9258304852713162,0.9293305281696238,-1.5363774896859423,1.5427798349869246,-1.4751764003803254,3.875929907398561,1.3228626700053379,1.3383399463674315,1.2225917518617522,0.8524184898308766,1.156954223564074,1.4628317706968648,0.9615760724961372,-1.5726643775699112,0.27912115283056327,0.3945685037091015,1.2817471804120493,-0.21901565548707458,-1.5813077645683296,-0.5121868459505923,1.1579446393736734,0.8007936554193344,1.3247115930487714,3.7646738955031376,3.2773893228182707,2.6773918078946615,-0.4818579261981713,2.7130754104968906,3.5480686288821603,2.0605066576417843,3.528424453446156,-0.5388897218510839,1.8779406686132945,-1.4605481290570084,0.6054987548022159,1.446109003043208,-1.6402682686349597,0.9520407119394375,1.1236644604938588,1,5.254245,-8.578194,Cephalophus_niger,147
27,0.5693318502157033,-0.08189299612387813,1.9258304852713162,0.9384792916567579,-1.5094719527887202,1.5633691835731067,-1.4821246351223376,3.9710302845194687,1.324872260072706,1.3403005974309454,1.2272088474841347,0.8404640322959513,1.156954223564074,1.4763803869926744,0.9691442070247852,-1.5705765867697556,0.28950169154656796,0.5175057796546159,1.2817471804120493,-0.21901565548707458,-1.5813077645683296,-0.5516825558581454,1.1579446393736734,0.7904422277402265,1.3247115930487714,3.866627915736823,3.4823980374643804,2.7089262273134613,-0.42280907440150683,2.8136379976342245,3.5860275173426257,2.0075108529069725,3.687350862435246,-0.5069825996396957,1.926329983650327,-1.471509054707888,0.6054987548022159,1.446109003043208,-1.6402682686349597,0.9709532455817544,1.1285436522525414,1,5.2611620000000014,-8.586771,Cephalophus_niger,147
28,0.8764822946243108,-0.08189299612387813,1.9258304852713162,1.0003971257972464,-1.0433619652014379,1.4604223792810969,-1.4751764003803254,3.543987845837888,1.3505950129350182,1.365396931043923,1.2410601343512826,0.8524184898308766,1.156954223564074,1.5336719108088508,1.0133882245724832,-1.5698825935972436,0.35354574532279465,0.46526226041724994,1.3019694644922248,-0.21901565548707458,-1.5813077645683296,-0.5841310549441148,1.1781904814688362,0.8214965107775501,1.3394185039327366,3.522897218948969,3.0545537634203255,2.109772258356263,-0.39328464850317457,2.595752392170002,2.9312366913996035,1.8750213410699428,3.432105417695192,-0.41126123300553125,1.9747192986873596,-1.4642017709406348,0.64422109447762,1.4511121057073066,-1.6185423858494408,0.9804095124029129,1.1383020357699063,1,5.470742,-8.606914,Cephalophus_niger,145
29,-0.8598569422013891,0.36737169503503647,-0.08448088615135091,0.8649621216971485,-1.2415534273080433,1.2545287093359785,-1.4265388400155334,2.8423196536157174,1.3602410452583853,1.3748080561487894,1.1995062737498392,0.9719630651801294,1.156954223564074,1.3503778124351167,0.9464400255150328,-1.5048688342906011,0.24817647852834876,0.3250401296581409,1.3095528210222909,-0.3419841145557031,-0.8382107092300103,-0.5135909858559792,1.184939095500557,0.8732536491730895,1.3296138966767599,2.600941578835785,1.7888477860399958,1.7628936447494639,-0.6590044815881647,1.7912516950713337,2.3238944760321627,1.859122599649499,2.3003567476213673,-0.7303324551194128,1.684383408465164,-1.4067049855088274,0.634540509558769,1.4711245163637015,-1.6547521904919724,0.9993220460452299,1.1578188028046361,1,5.403,-7.732,Cephalophus_niger,146
30,1.686979353272064,0.36737169503503647,-0.08448088615135091,1.1988117191725574,-0.023983242123390588,0.6574370174062557,-1.409168278009291,1.5029904935829181,1.4281651895354284,1.441078062095558,1.2641456124631956,0.99587198024998,1.156954223564074,1.685804339371065,1.2004070242933234,-1.4873463468701071,0.5879830473060774,0.5646998506794397,1.3386223543875433,-0.3419841145557031,-0.8382107092300103,-0.4940177361474881,1.2321793937226035,0.9353622152477367,1.3590277184446904,1.7692880709295788,2.029510190189777,-0.034568262122131814,-0.06851596362152004,1.5230847960384444,0.49237810781472396,0.7568098611654114,2.647105276324837,-0.028375766468873437,1.684383408465164,-1.4136276753935935,0.8184716230169383,1.4110872843945175,-1.4302514017082768,0.9898657792240714,1.167577186322001,1,6.22,-8.13,Cephalophus_niger,136
31,0.45788551237504044,0.36737169503503647,-0.08448088615135091,0.8363557580541735,-0.2953122980786988,0.986866901590665,-1.4369611672797635,2.4216237061796937,1.3919925683228018,1.4057863429523085,1.2041233693722218,1.0078264377849053,1.156954223564074,1.3041187755080546,0.928975287590315,-1.4985481192339314,0.20939716472768088,0.44273370225270586,1.3335667833674993,-0.3419841145557031,-0.8382107092300103,-0.586924782891128,1.2051849375957198,0.8836050768521974,1.3394185039327366,1.945522877333521,1.5660122266420506,0.9114643204418659,-0.4818579261981713,1.3554804841428885,1.327473653944955,1.2284725233052374,1.9536082189178978,-0.8260538217535772,1.8295513535762618,-1.4247808979857166,0.624859924639918,1.506146235012392,-1.7126878779200227,1.0276908465087053,1.1822147615980485,1,5.35,-7.37,Cephalophus_niger,146
32,1.3941628683940894,-0.08189299612387813,1.9258304852713162,0.9764795159056829,-1.255953613519078,1.5427798349869246,-1.4855987442104144,3.908253321505279,1.3397432265712304,1.354809415300948,1.2364430387289,0.8285095747610262,1.156954223564074,1.5166393435128553,0.9975244339119756,-1.5650302426259173,0.3316101892049094,0.43341123368822726,1.29565000071717,-0.21901565548707458,-1.5813077645683296,-0.531460420201891,1.1714418674371152,0.8007936554193344,1.3345162003047484,3.802542531589935,3.464571192712545,2.425116452544262,-0.36376022260484236,2.796877566444669,3.3013358538891375,1.8962196629638675,3.7210625249480835,-0.4431683552169194,2.023108613724392,-1.474585805767784,0.624859924639918,1.4561152083714053,-1.6402682686349597,0.9614969787605959,1.1334228440112237,1,5.3956290000000005,-8.681105,Cephalophus_niger,146
33,1.197625927965854,0.08147598247936355,0.1896524826790128,1.0562864482984415,0.1571553869120435,1.2545287093359785,-1.4508576201979293,2.729064738159163,1.3276856861670214,1.3430455089198647,1.2041233693722218,0.7209194569466986,1.156954223564074,1.5603822510332221,1.0171724028749027,-1.4735004409146846,0.44696820297052964,0.3471804738923821,1.2728999311269724,-0.2031020901958403,-1.1684760671581522,-0.47634537561364615,1.1646932534053942,0.7800908000611187,1.3051023785368177,2.8922387795034576,3.027813496292572,-0.034568262122131814,0.13815501766680557,3.0717486379533803,0.5113575520449565,0.6667169931162311,5.286246855901245,-0.21981849973720233,1.926329983650327,-1.440549247167684,0.682943434153024,1.4260965923868134,-1.553364737492884,0.8385655100855357,1.1383020357699063,1,7.4529999999999985,-10.693,Cephalophus_niger,121
34,0.17934505075915644,-0.08189299612387813,1.9258304852713162,0.9470726479218392,-1.474608403031883,1.5839585321592888,-1.4890728532984912,4.15429449048722,1.3232645880188116,1.3387320765801343,1.2272088474841347,0.8165551172261009,1.156954223564074,1.4959292313642076,0.9730738452326089,-1.5858965980776876,0.2914600525716429,0.37242815947486035,1.2817471804120493,-0.21901565548707458,-1.5813077645683296,-0.5539802584605474,1.1579446393736734,0.7800908000611187,1.3296138966767599,3.9787773379938773,3.68740675211049,2.7089262273134613,-0.39328464850317457,2.9309610159611132,3.6239864058030906,1.9598146286456417,3.8559091749994328,-0.4750754774283075,2.023108613724392,-1.47766255682768,0.5958181698833649,1.4511121057073066,-1.6547521904919724,0.9142156446548035,1.1285436522525414,1,5.295157,-8.734242,Cephalophus_niger,147
35,-1.6093534962313258,0.4082139396858469,0.281030272289134,1.2355048917398546,-0.0956049964638978,0.38977523267135433,-1.419590605273521,0.9425217471488442,1.2223831666369311,1.2403073931917383,1.1948891781274567,0.6013748815974458,1.156954223564074,1.691223785889389,1.290496228729121,-1.414555060971236,0.6281331839393439,0.47846894271033874,1.1401911918508199,-0.3116036717269831,-0.5079453513018684,-0.4477553508947386,1.0904584990564643,0.7283336616655794,1.260981645884922,1.454687094208492,1.735367251784489,-0.2868436174725312,0.1676794435651378,1.6705765905065335,0.05585089051937594,0.3699404866012844,3.273179008706102,0.482138188913337,1.4424368332800015,-1.4053589069201229,0.7410269436661302,1.2059600751664723,-1.1912666910675689,0.7534591086951095,1.0651141593896691,0,7.958333333333344,-8.125000000000002,Cephalophus_niger,115
36,-0.6877292759132407,0.28568720573341566,0.646541430729619,1.4711846174357295,0.39930518284743916,0.6986157605994442,-1.325789560500296,0.8936677277396461,1.167320398791044,1.1865855540514583,1.3749559074003774,0.5416025939228194,1.156954223564074,2.1646530481966573,1.4268669997692307,-1.1426213419789206,0.9242643869289481,0.6406371625652817,1.1540940121559407,-0.27977654114451456,-1.2510424066401875,0.36763389268159774,1.0499668148661387,0.7283336616655794,1.2119586096050377,2.1130187677174326,2.412787352354243,-0.349912456310131,0.3448259989551312,2.401331390371157,-0.21935105081899564,1.021788884839471,0.08020297356165214,1.343630488620817,1.2004902580948387,-1.3457468551346368,0.8959163023677466,1.0008328659384271,-0.7784749181427094,0.7440028418739509,0.9772887077333848,0,9.125000000000009,-10.625000000000002,Cephalophus_niger,101
37,-0.09929311247322331,0.36737169503503647,0.1896524826790128,1.587456177808183,1.1018807489123983,-0.7632294156650402,-1.1659804099218956,-0.019849029796319105,1.6062148695042455,1.6147917463228867,1.50423458482709,1.378414621367589,1.156954223564074,2.2171059070519092,1.2836558378798764,-1.120671007280093,1.1107175104795877,0.6915213403535644,1.5534841227394096,-0.3318573002794631,0.31771804351848637,-0.5304136545049294,1.360403060325301,1.3390678947329433,1.4129530583525631,0.11326348513385855,0.9064189708241326,-0.6652566504981302,1.584851886685085,0.7822737374600877,-0.6938371565748087,-0.5945831595722924,-0.6181100356328353,0.8331165332386067,1.1037116280207735,-1.1811406734301981,1.3025008689594892,1.3060221284484455,-0.9160721757843292,1.0749721806144976,1.167577186322001,0,12.041666666666675,1.0416666666666667,Cephalophus_niger,66
38,-1.1398364617238528,0.7349518968923303,0.1896524826790128,1.2029614188050433,-0.21080619703535242,-0.31026325588024095,-1.3952718250911251,0.5749109634274608,1.493275907718156,1.5046031565534075,1.2872310905751083,1.0675987254595316,1.156954223564074,1.6726426154425036,1.0554492331581633,-1.437738577847975,0.6136398778760049,0.8684499872623426,1.3992892066280702,-0.32317717375697164,-0.8382107092300103,-0.4392982283360916,1.2794196919446499,1.0388764920388154,1.3835392365846326,0.5385573981086609,0.4964015415319131,-0.4760501339853307,0.02005731407347666,0.4738818035722649,-0.22884077293411192,0.35934132565432203,0.8603871631444588,-0.12409713310303788,1.5876047783910991,-1.3822832739709026,0.9152774722054485,1.461118311035504,-1.4302514017082768,1.178991115647241,1.1919731451154134,0,7.041666666666676,-4.625000000000001,Cephalophus_niger,126
39,0.8571028761436984,0.7349518968923303,0.1896524826790128,1.1890911953602439,-0.25931190483031774,-0.2896739072940588,-1.3987459341792017,0.5847014809194386,1.4952854977855243,1.5065638076169212,1.291848186197491,1.079553182994457,1.156954223564074,1.6672231689241797,1.039294300610656,-1.4379393121524133,0.6024763533694164,0.8562144324880342,1.4005530993830813,-0.32317717375697164,-0.8382107092300103,-0.46282725668921976,1.2794196919446499,1.0388764920388154,1.388441540212621,0.5516657721387062,0.5320552310355844,-0.41298129514773085,-0.06851596362152004,0.477233889810176,-0.11496410755271677,0.35404174518084086,0.8555712113569106,-0.15600425531442605,1.5392154633540664,-1.38324475867712,0.9152774722054485,1.461118311035504,-1.4302514017082768,1.178991115647241,1.1870939533567308,0,6.87500000000001,-4.708333333333333,Cephalophus_niger,128
40,-0.1985110791247412,0.36737169503503647,-0.08448088615135091,0.9248541653307746,-0.47796676662232856,0.6780263966729873,-1.4230647143615978,1.8132849692842188,1.3763177657973305,1.3904932646569004,1.1995062737498392,0.9480541501102789,1.156954223564074,1.3977981171392933,1.004073682874221,-1.4811690234616723,0.2998819314130342,0.3652423492596058,1.3184000703073677,-0.3419841145557031,-0.8382107092300103,-0.606601771491237,1.198436323563999,0.8732536491730895,1.3296138966767599,1.537706796398779,1.5570988042661327,0.12310383497186779,-0.18661366721484896,1.1074261025374659,0.5018678299298402,0.8045060854267421,1.9536082189178978,-0.6027039662738601,1.8295513535762618,-1.4213195530433336,0.653901679396471,1.4761276190278,-1.647510229563466,0.9804095124029129,1.167577186322001,0,5.791666666666676,-7.291666666666668,Cephalophus_niger,141
41,-0.1262224167848794,1.0208476094480032,-1.272392151082927,1.7228094163926466,1.0958176799964396,-1.113248587074533,-1.1902991901042916,-0.29004687828442893,1.502118104014576,1.5132300212328684,1.425743959246586,1.031735352854756,1.156954223564074,2.069038063378438,1.8145851588332094,-0.666130964909586,1.4779438232542113,0.9412801059732033,1.410664241423169,-0.504013142975543,-0.5905116907839039,-0.5848909019101656,1.2861683059763709,1.1216879134716782,1.3051023785368177,-0.36155095195444814,0.37161362826906374,-0.6652566504981302,2.4410602377367194,0.26605245682177564,-0.703326878689925,-0.944355470822051,-0.6132940838452872,1.5031660996777578,1.2972688881689038,-1.2117158870879152,1.2734591142029363,1.1809445618459788,-0.7567490353571905,1.178991115647241,1.1968523368740958,0,14.958333333333346,-15.541666666666668,Cephalophus_niger,31
42,0.21547753132870376,1.592639034559349,3.2964973294231346,1.0539501482602558,-0.3453338453818598,-0.20731645158823117,-1.3813753721729594,0.7973863357112966,1.5037257760684706,1.5147985420836796,1.2733798037079607,1.1871433008087844,1.156954223564074,1.588060265182241,1.0895057274989832,-1.5885005427991263,0.37332719396795894,0.6402489486349788,1.4296226327483337,-0.4201052532581259,1.143381438338841,-0.5633874049476002,1.2861683059763709,1.0388764920388154,1.3835392365846326,0.57496954819212,0.6390162995465981,-0.09763710095973166,-0.18661366721484896,0.534219355854665,0.1887070001310036,0.3063455209195101,0.4751110201406037,-0.5069825996396957,1.684383408465164,-1.377091256557328,0.8281522079357894,1.521155543004688,-1.5823325812069093,1.160078582004924,1.2456442544609205,0,6.208333333333344,0.2916666666666667,Cephalophus_niger,136
43,0.03553327486421231,0.36737169503503647,0.1896524826790128,1.7796791273691062,1.1284075066305865,-1.257374272622204,-0.9123701980044114,-0.41004188155148524,1.7079001269130731,1.7140006901366882,1.4211268636242034,1.4860047391819164,1.156954223564074,1.9947139722662663,1.4329796469390723,-0.6281551431959831,1.5406170541978392,1.1316092457937101,1.5433729806993217,-0.3651311186156802,0.4002843830005218,-0.563531514866965,1.4278892006425101,1.515042165277777,1.3394185039327366,-0.5771108804485261,-0.05623064577499126,-0.6652566504981302,2.4115358118383874,-0.13954997796546945,-0.6938371565748087,-0.9655537927159757,-0.6132940838452872,1.2160019997752645,0.8133757377985782,-0.9859592780680423,1.5541960768496157,1.2059600751664723,-0.5829419730730392,1.4059415193550444,1.1626979945633185,0,15.875000000000009,-12.458333333333336,Cephalophus_niger,20
44,-1.6471179073434876,-0.2452619747271198,-1.1810143614728057,1.7482955281877808,1.2868091212767336,-1.3397316669669326,-0.8637326376396195,-0.4658329184276783,1.6158609018276124,1.6242028714277532,1.3195507599317864,1.378414621367589,1.156954223564074,1.7880000384847226,1.2928249196727346,-0.3932566583184482,1.5921267606348788,1.3269884265197824,1.4473171313184874,-0.473632700146823,-0.4253790118198329,-0.5826525611291404,1.3671516743570218,1.432230743844914,1.2707862531408987,-0.7096511067523172,-0.2879796275488544,-0.6652566504981302,2.618206793126713,-0.3976606182846254,-0.703326878689925,-0.9814525341364193,-0.6229259874203835,1.2479091219866525,0.8133757377985782,-0.9313469467548874,1.4961125673365097,1.1709383565177816,-0.5757000121445329,1.339747651606935,1.104147693459129,0,16.041666666666675,-6.208333333333332,Cephalophus_niger,18
45,0.9621734593046556,0.08147598247936355,-1.1810143614728057,1.638231964732842,1.0295012193762052,-1.0720698899021686,-0.9332148856645895,-0.28374948338704553,1.6351529664743467,1.6430251216374863,1.3703388117779949,1.509913654251767,1.156954223564074,1.9494227569326945,1.026486944573165,-0.8663171883799281,1.2658338691336442,0.9818706876782269,1.5105117690690362,-0.4852062021768116,-0.34281267233779744,-0.5968612992791803,1.3806489024204638,1.432230743844914,1.3296138966767599,-0.3309647458843425,0.3359599387653925,-0.6652566504981302,2.0867671269567327,0.22247533572893113,-0.703326878689925,-0.6793764471479914,-0.6229259874203835,0.9288378998727711,0.8617650528356108,-1.032110543966483,1.4186678879857015,1.2309755884869655,-0.720539230714659,1.2357287165741917,1.104147693459129,0,14.375000000000009,-2.6250000000000013,Cephalophus_niger,38
46,1.045824740638973,0.44905618433665734,1.2861859580004675,1.4753343170682152,0.7964461713731597,-0.5367463357726405,-1.2632555637831973,0.1939674432713316,1.5648173141164619,1.574402334414501,1.3149336643094038,1.3066878761580372,1.156954223564074,1.8255492717457416,1.3312474319375904,-1.2702399089080392,0.8980200181665442,0.6132532631533469,1.4195114907082458,-0.3578976798469374,-0.17767999337372647,-0.515960733635298,1.3266599901666962,1.2355536179418647,1.4080507547245746,0.3841698817547943,1.1916484868535024,-0.5706533922417305,1.201034350006766,1.023623946589688,-0.6179193796538787,-0.27660833116342093,2.3437003137093013,0.5778595555475015,1.2488795731318711,-1.2584440438100863,1.166972680095575,1.3410438470971362,-1.0681533552829616,1.0371471133298638,1.1919731451154134,0,11.125000000000009,-3.5416666666666687,Cephalophus_niger,77
47,-0.13533737190658174,0.6532674075907094,-0.5413698342019571,1.5447508467047195,1.3292514710389163,-0.7014612471842958,-1.2076697521105342,-0.019553813604893118,1.5081468742166804,1.51911197442341,1.4349781504913512,1.0197808953198306,1.156954223564074,2.2097508173466047,1.5486837855260436,-0.723453176600578,1.1269734311203556,0.6184968183310405,1.4220392762182679,-0.43746550630310876,-0.5905116907839039,-0.5466367227789735,1.2929169200080917,1.142390768829894,1.3296138966767599,0.17006643926405474,1.450137735755119,-0.6652566504981302,2.352486960041723,1.2348053795780884,-0.703326878689925,-0.7164735104623597,-0.6229259874203835,0.9926521442955474,1.055322312983741,-1.237291380273301,1.21537560468983,1.2009569725023737,-0.8291686446422536,1.141166048362607,1.1480604192872712,0,13.291666666666675,-15.708333333333336,Cephalophus_niger,51
48,0.5009317648817082,1.2250588327020553,0.09827469306889156,1.2963771244206581,0.49593785539793883,-0.2690845587078766,-1.3014707803179002,0.5048031799364421,1.5716499203455134,1.5810685480304483,1.291848186197491,1.2349611309484856,1.156954223564074,1.610705872849027,1.3644305006174118,-1.1864074660950759,0.7754155007940237,0.3976759932305944,1.4511088095835203,-0.3318573002794631,-0.26024633285576193,-0.5363785001457032,1.3334086041984172,1.1941479072254333,1.3982461474685979,0.6565327643790684,1.0846874183424888,-0.5706533922417305,0.5810214061417891,0.90965301450071,-0.5420016027329485,-0.3455028773186764,2.179957952932663,0.06734560016529101,1.3456582032059363,-1.3019031525311182,1.099208585663618,1.4511121057073066,-1.2781702222096445,1.0182345796875467,1.270040213254333,0,9.041666666666675,-0.5416666666666691,Cephalophus_niger,102
49,-0.5792608622756348,0.8983208754955719,0.1896524826790128,1.2559590340459998,0.3826315264909348,-0.20731645158823117,-1.2979966877956823,0.48409067681843104,1.4703665809501594,1.4822517344293493,1.2364430387289,1.079553182994457,1.156954223564074,1.54315608988476,1.337505539012836,-1.1351076336144992,0.7667978755049863,0.3298954709055316,1.351261281937653,-0.3304106125257145,-0.34281267233779744,-0.19449336398645173,1.265922463881208,1.0802822027552468,1.354125414816702,0.6944014004658658,1.075773995966571,-0.5075845534041307,0.5514969802434568,0.8392592035045766,-0.5040427142724835,-0.37730036015956353,2.0788229653941506,0.13115984458806731,1.2488795731318711,-1.3074797638271798,1.0024027364751078,1.3610562577535308,-1.2202345347815942,0.9331281782971205,1.2017315286327783,0,8.791666666666679,4.958333333333331,Cephalophus_niger,105
50,1.1016236875650904,0.6941096522415199,-0.44999204459183584,1.201294997710798,0.3799788796307984,-0.0631908887627581,-1.3883235903491127,0.6570231794012632,1.3570257011505964,1.3716710144471673,1.2225917518617522,0.864372947365802,1.156954223564074,1.6236738552562795,1.2538201236338797,-1.4132473123356244,0.5901374536283367,0.41068827221202014,1.2577332180668408,-0.39695824919814876,-1.0859097276761167,-0.6116376224810075,1.184939095500557,0.8939565045313052,1.3149069857927946,0.8604408048464394,1.1738216421016667,-0.41298129514773085,0.28577714715846675,1.0739052401583549,-0.18139216235853062,-0.054025951277210875,2.415939590522524,0.16306696679945545,1.4424368332800015,-1.377860444322302,0.8281522079357894,1.3160283337766427,-1.2854121831381509,0.8574780437278526,1.1383020357699063,0,8.458333333333345,-6.708333333333332,Cephalophus_niger,109
51,0.8555006749718379,0.1631604717809844,0.9206747995599827,0.9296081320666068,-0.4097555788960556,0.16329219112964155,-1.43001294910361,1.2103088448282413,1.3944040764036436,1.408139124228525,1.2179746562393696,0.9719630651801294,1.156954223564074,1.4214115463995693,0.9525526726848745,-1.479620421666916,0.31692113669392447,0.6091746461130736,1.3310389978574775,-0.30292354520449166,-0.6730780302659393,-0.521210204762226,1.2119335516274408,0.9043079322104131,1.3394185039327366,0.9449169930400645,0.6211894547947625,0.09156941555306787,-0.36376022260484236,0.678359064084843,0.46390894146937517,0.7515102806919302,1.1300804632471575,-0.6027039662738601,1.7327727235021968,-1.4188196928071681,0.682943434153024,1.4761276190278,-1.6257843467779471,1.0655159137933392,1.167577186322001,0,6.291666666666676,-6.041666666666668,Cephalophus_niger,135
52,-0.8427415150873916,0.612425162939899,0.37240806189925524,1.6436560098407018,1.0708067617864472,-1.2367848013138238,-0.9054219466965403,-0.39169086398455866,1.5374868892002551,1.5477374799507124,1.2687627080855781,1.211052215878635,1.156954223564074,1.6792233297379418,1.2584775055211066,-0.19963200306392054,1.590951684249926,1.1432621833260526,1.409400348668158,-0.28845666766700595,-0.095113653891691,-0.6145554258549554,1.3131627621032544,1.3183650393747275,1.2511770386289451,-0.5494376463850972,0.17551833599887187,-0.6652566504981302,2.736304496720042,-0.07921242568306935,-0.703326878689925,-0.9337563098750886,-0.6181100356328353,1.088373510929712,0.8133757377985782,-1.0001892517200617,1.4477096427422547,1.1909507671741764,-0.6408776605010896,1.2262724497530333,1.074872542907034,0,15.625000000000009,-4.125000000000001,Cephalophus_niger,23
53,1.3771504098300915,1.102532098749624,0.8292970099498614,1.5679331652398345,1.2652089142393874,-0.7838187642512223,-0.999223008035624,-0.09841895175648473,1.5394964792676233,1.5496981310142264,1.425743959246586,1.4023235364374396,1.156954223564074,2.09768404678979,1.4721299028833315,-0.8208562946222787,1.1526302616902833,0.6695751030844745,1.4877616994788387,-0.39261818593690306,0.4828507224825573,-0.3898721945310815,1.3131627621032544,1.3183650393747275,1.3247115930487714,0.08413376506709126,1.1559947973498312,-0.6652566504981302,2.116291552855065,0.9465259631177323,-0.703326878689925,-0.43559574536785667,-0.6229259874203835,0.9926521442955474,0.8617650528356108,-1.089799626339534,1.3315426237160424,1.1759414591818802,-0.7060553088576464,1.0844284474356563,1.1578188028046361,0,14.208333333333346,-9.791666666666668,Cephalophus_niger,40
54,0.8527724034168617,0.8574786308447615,-0.5413698342019571,1.4768862664405722,0.7517299177902714,-0.7014612471842958,-1.2007215339343806,0.03254735869738461,1.5616019700086727,1.571265292712879,1.4857662023375595,1.3305967912278878,1.156954223564074,1.8135488155942945,1.2935524412759463,-1.151775512412749,0.9881129931070672,0.60121181534419,1.520622911109124,-0.36657780636942877,-0.095113653891691,-0.49640327331040995,1.3266599901666962,1.2666079009791882,1.4031484510965864,0.15841455123734785,1.0579471512147354,-0.6652566504981302,1.466754183091756,0.7889779099359099,-0.6558782681143437,-0.4885915501026686,2.006583688580928,0.6097666777588896,1.1037116280207735,-1.206331572733097,1.21537560468983,1.311025231112544,-0.9884917850693923,1.0276908465087053,1.1626979945633185,0,11.791666666666675,-1.291666666666669,Cephalophus_niger,69
55,-0.9697425559715339,0.4082139396858469,0.281030272289134,1.8253740849234825,0.5990126290206521,0.10152408400999609,-1.2354626579468657,0.4773012674471491,1.358231455191017,1.3728474050852755,1.5227029673166204,0.7567828295514745,1.156954223564074,2.5062733970607955,1.6709373951514515,-1.0592304866295401,1.357689458651596,0.9797343256755146,1.3259834268374335,-0.3116036717269831,-0.5079453513018684,-0.5189358291642856,1.184939095500557,0.9974707813223839,1.295297771280841,1.526054908372072,1.9582028111824343,-0.5391189728229305,0.6400702579384535,2.0996436289591562,-0.48506327004225097,0.5130291593852766,-0.2954412658671066,2.013680055059968,1.2488795731318711,-1.2772891440519498,1.205695019770979,1.015842173930723,-0.5684580512160267,0.9142156446548035,1.0602349676309868,0,9.791666666666675,-9.708333333333334,Cephalophus_niger,93
56,-0.979643535082012,0.6532674075907094,0.0068969034587703275,1.2433468029734478,0.1643555522967669,-0.22790580017441334,-1.350108357248551,0.5132161469865465,1.4386150578857426,1.4512734476258302,1.2502943255960477,1.0197808953198306,1.156954223564074,1.6443841150737697,1.273759012407615,-1.3806171004614214,0.6600574870284035,0.431469274997178,1.3373584616325322,-0.31015698397323455,-0.34281267233779744,-0.3637795044198382,1.2389280077543243,1.0181736366805996,1.3443208075607251,0.6812930264358206,0.9866397722073929,-0.4445157145665308,0.4333992766501279,1.0102156016380435,-0.3332277162003908,-0.26600917021645853,2.3244365065591084,0.13115984458806731,1.3456582032059363,-1.344208479604689,0.9733609817185547,1.3760655657458267,-1.263686300352632,0.9142156446548035,1.1919731451154134,0,9.041666666666675,-5.541666666666668,Cephalophus_niger,102
57,-0.7279492260650925,0.08147598247936355,-1.1810143614728057,1.6057864109887048,1.0018376543060763,-1.0514805413159865,-1.0374382577020447,-0.25108171920529326,1.5993822632751937,1.6081255327069395,1.3934242898899079,1.4142779939723646,1.156954223564074,2.0221983925628186,1.0896511874043873,-1.0412607404937508,1.117768267638842,0.8921440762573303,1.5041923052939814,-0.4852062021768116,-0.34281267233779744,-0.5631951149078859,1.35365444629358,1.3390678947329433,1.3443208075607251,-0.30037853981423684,0.42509416252457066,-0.6652566504981302,2.0867671269567327,0.23923576691848672,-0.6938371565748087,-0.5892835790988112,-0.6181100356328353,0.896930777661383,1.0069329979467085,-1.1009528489316573,1.3121814538783403,1.2409817938151628,-0.814684722785241,1.141166048362607,1.1187852687351763,0,13.791666666666675,-1.6250000000000009,Cephalophus_niger,45
58,0.6264846623989766,-0.08189299612387813,-0.5413698342019571,1.573406269657075,0.9669742129680481,-0.8661762813181489,-1.1416616297394997,-0.07957593848337684,1.6592680472827643,1.6665529343996528,1.481149106715177,1.4740502816469911,1.156954223564074,2.1300072797161094,1.2181629041050408,-1.1172467615084976,1.1385287473717747,0.7690123970001528,1.59266479814475,-0.3810446839069145,-0.095113653891691,-0.500835179154523,1.3941461304839056,1.4011764608075905,1.4374645764925051,-0.029472143193301138,0.7281505233057762,-0.6652566504981302,1.7029495902784137,0.5979089943749762,-0.6938371565748087,-0.7270726714093222,-0.6181100356328353,0.6735809221816659,1.1037116280207735,-1.1607571976583868,1.3605843784725955,1.3660593604176294,-0.9595239413553671,1.1127972478991315,1.1919731451154134,0,12.791666666666675,-3.1250000000000013,Cephalophus_niger,57
59,-0.8522869761863621,0.20400271643179482,0.37240806189925524,1.3241012182071301,1.4308104051534338,0.34859649714830315,-1.2389367504690836,0.7187180709130463,1.4410265659665844,1.453626228902047,1.4072755767570557,0.9600086076452042,1.156954223564074,1.8164522803747654,1.4321064433542652,-0.8586887246876467,1.029242160828102,0.47031200497630377,1.3879141718329715,-0.24505603505454884,-0.012547314409655536,-0.5580018408776785,1.2389280077543243,1.0699307750761389,1.3296138966767599,1.470708440245214,3.366523546577449,-0.6652566504981302,1.7619984420750783,3.095213241618758,-0.703326878689925,-0.8807605051402767,-0.45918362664374507,0.41832394449056065,0.9101543678726434,-1.264789842871122,1.079847415825916,1.2259724858228669,-0.9667659022838734,0.9993220460452299,1.1578188028046361,0,11.875000000000009,-14.375000000000002,Cephalophus_niger,68
60,0.6271346019933474,0.24484496108260523,0.1896524826790128,1.4781442588128195,1.2458823219059225,-0.33085266582752204,-1.1208169420793217,0.22151852717966686,1.593755411086563,1.6026357097291006,1.490383297959942,1.3545057062977384,1.156954223564074,2.0938130557535137,1.5152097970354141,-0.8488234072952624,1.1894509156163378,0.5198362486224797,1.5345257314142449,-0.24939609831579457,0.4828507224825573,0.23974575515727034,1.346905832261859,1.359770750091159,1.3933438438406094,0.6754670824224671,1.9403759664305986,-0.6652566504981302,1.7915228679734105,1.8113642124988005,-0.703326878689925,-0.8012667980380589,-0.5940302766950943,0.6097666777588896,0.8133757377985782,-1.144796551535176,1.3315426237160424,1.2609942044715576,-0.8291686446422536,1.0749721806144976,1.2749194050130153,0,12.708333333333346,-11.208333333333336,Cephalophus_niger,58
61,-0.8427415150873916,0.6532674075907094,0.37240806189925524,1.6259138900884866,1.0692909222782514,-1.2367848013138238,-0.8949996359981689,-0.3988738323853513,1.502118104014576,1.5132300212328684,1.2826139949527258,1.175188843273859,1.156954223564074,1.766321957073742,0.804829699851793,-0.21893820417114984,1.5762626317389412,1.0255687589047435,1.3790669225478946,-0.2595229125920345,-0.012547314409655536,-0.6169263769144373,1.2861683059763709,1.287310756337404,1.226665520489003,-0.5508941323884355,-0.05623064577499126,-0.6652566504981302,2.234389256448394,-0.1496062366792028,-0.703326878689925,-0.833064280878946,-0.6229259874203835,1.1202806331411,0.7649864227615457,-0.9826902300669028,1.4283484729045526,1.135916637869091,-0.5757000121445329,1.1979036492895578,1.021201433561527,0,15.041666666666675,-4.958333333333333,Cephalophus_niger,30
62,-0.8427415150873916,-0.00020850682225728276,0.09827469306889156,1.5923736755752838,1.3004510986168465,-0.8249974614235867,-1.0860758180668366,-0.09079317783627033,1.628320360245295,1.6363589080215393,1.490383297959942,1.4740502816469911,1.156954223564074,2.06439299226998,1.5291814985447119,-0.7963363227740997,1.1534138451799438,0.6660793996326789,1.5673869430445302,-0.4099784389818859,-0.34281267233779744,-0.6052905250590065,1.3739002883887428,1.3804736054493747,1.3982461474685979,0.03315675495024852,0.9955531945833107,-0.6652566504981302,2.0572427010584007,0.8727800658836877,-0.703326878689925,-0.557486096257924,-0.6132940838452872,0.8650236554499948,0.9585436829096758,-1.135566298355488,1.3799455483102974,1.2810066151279522,-0.8219266837137473,1.141166048362607,1.2358858709435556,0,13.958333333333346,-12.291666666666668,Cephalophus_niger,43
63,-1.45016016773184,0.6532674075907094,-0.5413698342019571,1.4877014510219513,1.0185115997794048,-0.33085266582752204,-1.1312392859094107,0.16990940688672204,1.4763953511522638,1.488133687619891,1.4534465329808814,1.1154165555992328,1.156954223564074,2.0160048659723135,1.5962753795837576,-0.5723011555594282,1.0654752765616802,0.4685638569038942,1.414455919688202,-0.43746550630310876,-0.5905116907839039,-0.618843810274194,1.265922463881208,1.1527421965090017,1.3100046821648061,0.6609022223890835,2.0473370349416125,-0.6652566504981302,1.9981938492617362,1.942095575777334,-0.703326878689925,-0.3243045554247516,-0.584398373119998,0.896930777661383,0.8617650528356108,-1.182294455077659,1.2250561896086811,1.1309135352049924,-0.720539230714659,1.0655159137933392,1.1529396110459535,0,12.708333333333346,-14.791666666666668,Cephalophus_niger,58
64,-1.1037364386320228,0.08147598247936355,-1.1810143614728057,1.6050513190603435,0.9650793413035975,-1.0308911927298043,-1.0478605684004159,-0.22938518713948527,1.5997841812886675,1.6085176629196423,1.3934242898899079,1.4023235364374396,1.156954223564074,2.024908115821981,1.1391346485371197,-1.0406412437634855,1.1091506423498048,0.8896192039778034,1.5029284125389704,-0.4852062021768116,-0.34281267233779744,-0.5087591018594565,1.35365444629358,1.3287164670538354,1.3492231111887136,-0.2581404457174243,0.5231418086596665,-0.6652566504981302,1.9981938492617362,0.2962212329629757,-0.703326878689925,-0.5309881938905181,-0.6229259874203835,0.896930777661383,1.0069329979467085,-1.1074909449339363,1.3121814538783403,1.2459848964792615,-0.8219266837137473,1.141166048362607,1.104147693459129,0,13.708333333333346,-1.291666666666669,Cephalophus_niger,46
65,0.5650253420363089,0.8983208754955719,-1.272392151082927,1.7102135384232213,1.1409126766187587,-1.277963621208386,-1.0096453187339953,-0.3961679216883642,1.6878042262393917,1.6943941795015496,1.425743959246586,1.4979591967168417,1.156954223564074,2.0558766347875617,1.424829450712617,-1.0209851054209642,1.2301885904420806,1.1063617083844877,1.5598035865144644,-0.5112465817442858,-0.17767999337372647,-0.568850683307077,1.4143919725790683,1.421879316165806,1.3639300220726789,-0.5960451984919248,-0.011663533895402197,-0.6652566504981302,2.470584663635052,-0.20323961648578065,-0.703326878689925,-0.8754609246667955,-0.6229259874203835,1.0564663887183237,1.055322312983741,-1.087492063044612,1.3702649633914465,1.2509879991433601,-0.7857168790712158,1.3492039184280935,1.1822147615980485,0,14.958333333333346,0.7916666666666666,Cephalophus_niger,31
66,-1.1284998482135726,0.36737169503503647,0.1896524826790128,1.4782423774315807,0.9768270252129079,-0.45438888006681294,-1.1659804099218956,0.16956498174081933,1.5692384122646716,1.5787157667542315,1.4857662023375595,1.3664601638326637,1.156954223564074,2.072909349752399,1.490613526374452,-0.8855774593498322,1.1843585194821584,0.5390635066468912,1.5180951255991022,-0.3318573002794631,0.31771804351848637,-0.29901391813757605,1.3334086041984172,1.297662184016512,1.388441540212621,0.5050582200318785,1.6818867175289822,-0.6652566504981302,1.7915228679734105,1.5364931409900888,-0.703326878689925,-0.833064280878946,-0.5988462284826426,0.6416737999702777,0.9585436829096758,-1.1855635030787988,1.2734591142029363,1.2760035124638536,-0.8943462929988103,1.0655159137933392,1.2456442544609205,0,13.041666666666675,-10.791666666666668,Cephalophus_niger,54
67,0.24296183875832433,0.9800053647971928,-0.5413698342019571,1.4633101994239694,0.840404360643538,-0.4749782286529951,-1.1416616297394997,0.15642900605311164,1.5487405935775167,1.55871712590639,1.4765320110927944,1.42623245150729,1.156954223564074,2.183621406348476,1.3271723338243626,-1.1431433071828228,0.9205431124769058,0.5448899754130624,1.5143034473340693,-0.39406487369065163,-0.5905116907839039,-0.5819674300350025,1.3199113761349754,1.3080136116956198,1.3737346293286556,0.4642766119384043,1.5660122266420506,-0.6652566504981302,1.5258030348884204,1.2649741557192884,-0.6843474344596925,-0.38259994063304475,-0.6084781320577389,0.6097666777588896,0.9585436829096758,-1.1534499138911336,1.2444173594463832,1.271000409799755,-0.9088302148558229,1.0182345796875467,1.1626979945633185,0,11.208333333333345,3.5416666666666665,Cephalophus_niger,76
68,-0.42118767885907304,0.8983208754955719,0.1896524826790128,1.1840919320775087,0.8521520445528483,-0.1661376930547679,-1.3049449059718357,0.5385041444850337,1.3590352912179644,1.373631665510681,1.181037891260309,0.9241452350404283,1.156954223564074,1.4874128738817887,1.267792047219369,-1.1980393433881518,0.6663246606979971,0.2739618449047068,1.2728999311269724,-0.3304106125257145,-0.34281267233779744,-0.460712252124907,1.184939095500557,0.9353622152477367,1.295297771280841,0.7045968024892344,0.977726349831475,-0.41298129514773085,0.3448259989551312,0.678359064084843,-0.40914549312132087,-0.19711462406120303,1.8476572795918376,0.13115984458806731,1.3456582032059363,-1.3245941915978514,0.8765551325300445,1.331037641768939,-1.2709282612811381,0.8196529764432188,1.1529396110459535,0,8.625000000000009,3.9583333333333313,Cephalophus_niger,107
69,-0.8698231654506455,-0.08189299612387813,-0.5413698342019571,1.54571468264877,0.9601530797395795,-0.8455868100097689,-1.1103945982492325,-0.09900930906846793,1.5736595104128817,1.583029199093962,1.4349781504913512,1.342551248762813,1.156954223564074,2.128652270417686,1.1547075193868193,-1.1553201147484635,1.098182864290862,0.7519217973249653,1.5079839835590143,-0.3810446839069145,-0.095113653891691,-0.5309344302463903,1.3334086041984172,1.297662184016512,1.3786369329566441,-0.02655917118662441,0.7638042128094475,-0.6652566504981302,1.7029495902784137,0.5945569081370651,-0.6938371565748087,-0.7058743495153974,-0.6181100356328353,0.7693022888158303,1.055322312983741,-1.1613340884821173,1.2734591142029363,1.271000409799755,-0.887104332070304,1.0749721806144976,1.1334228440112237,0,12.875000000000009,-1.7083333333333333,Cephalophus_niger,56
70,1.068995034508956,0.36737169503503647,0.1896524826790128,1.5888284424742314,1.2644508499268774,-0.7838187642512223,-1.0999722544191435,-0.059158576485923084,1.6484162609189763,1.655965418656678,1.4996174892047074,1.4979591967168417,1.156954223564074,2.074457805234447,1.53485754392215,-0.802295618061146,1.1398998690539115,0.6530668243047415,1.582553656104662,-0.32896392477196595,0.2351517040364509,-0.4789856559915742,1.3873975164521846,1.3908250331284826,1.4080507547245746,0.08559025107042963,1.1114276854702423,-0.6652566504981302,2.027718275160068,0.9431738768798212,-0.703326878689925,-0.4991907110496309,-0.6084781320577389,0.8331165332386067,1.0069329979467085,-1.1442196607114454,1.3896261332291484,1.3010190257843468,-0.8436525664992662,1.160078582004924,1.2456442544609205,0,13.875000000000009,-11.958333333333336,Cephalophus_niger,44
71,-0.34409149129026645,0.8983208754955719,-0.44999204459183584,1.194335356333708,0.38528417335107124,-0.2896739072940588,-1.3014707803179002,0.4650016563083739,1.441428483980058,1.4540183591147497,1.2549114212184302,1.1154165555992328,1.156954223564074,1.5683178269582414,1.2267497021239,-1.3456696571467963,0.6238243712948253,0.35514315648800987,1.36010853122273,-0.41287181448938304,-0.34281267233779744,-0.4627955703115928,1.2456766217860453,1.0388764920388154,1.3443208075607251,0.5778825201987967,0.9598995050796394,-0.5075845534041307,0.4038748507517957,0.7185840989397764,-0.42812493735155344,-0.2713087506899397,1.905448701042416,0.03543847795390286,1.2972688881689038,-1.3155562353594068,0.9443192269620017,1.3760655657458267,-1.2854121831381509,0.9142156446548035,1.177335569839366,0,9.291666666666675,-2.8750000000000013,Cephalophus_niger,99
72,1.556677788507756,0.36737169503503647,0.8292970099498614,1.6100994422243724,0.7782563863916356,-0.33085266582752204,-1.1694545024441136,0.2317518126556321,1.4217345013198504,1.434803978692314,1.448829437358499,0.99587198024998,1.156954223564074,2.127103814935638,1.330956290050591,-0.9674025591184127,1.277389185385063,0.7468720527659115,1.4030808848931031,-0.3159437349882288,0.31771804351848637,-0.41139316351292493,1.2321793937226035,1.142390768829894,1.3100046821648061,0.7395524665693551,1.9047222769269274,-0.6652566504981302,1.5553274607867527,1.767787091405956,-0.6938371565748087,-0.58398399862533,-0.5795824213324499,1.2479091219866525,1.1521009430578062,-1.1855635030787988,1.21537560468983,1.165935253853683,-0.7784749181427094,0.9236719114759621,1.0895101181830815,0,12.125000000000009,-9.708333333333334,Cephalophus_niger,65
73,-0.5754788089998828,0.8983208754955719,0.1896524826790128,1.1563678382910367,-0.11000518267493263,-0.22790580017441334,-1.325789560500296,0.6741933885056375,1.4743857610848956,1.486173036556377,1.2364430387289,1.1034620980643075,1.156954223564074,1.5303815536611316,1.1988060770291131,-1.353309603373409,0.5803447519543468,0.5367330376790274,1.4043447776481142,-0.3304106125257145,-0.34281267233779744,-0.26379694042248625,1.265922463881208,1.0388764920388154,1.3492231111887136,0.6157511562855942,0.5766223429151734,-0.4445157145665308,0.10863059176847335,0.46717763109644267,-0.31424827197015825,0.046666077718931755,1.4623811365879824,-0.1879113775258142,1.6359940934281316,-1.3340167417187832,0.9152774722054485,1.4861338243559974,-1.4664612063508085,1.0276908465087053,1.2358858709435556,0,7.708333333333344,3.1249999999999987,Cephalophus_niger,118
74,-0.028229802213024062,0.6532674075907094,0.0068969034587703275,1.2778999127400816,-0.07135214256641514,-0.33085266582752204,-1.3674789192547936,0.5202023171048666,1.4776011051926847,1.4893100782579993,1.2733798037079607,1.031735352854756,1.156954223564074,1.708449947037851,1.156599608538029,-1.4402852499286636,0.6708292197901617,0.4957539456971892,1.3815947080579165,-0.31015698397323455,-0.34281267233779744,-0.5403591661459077,1.265922463881208,1.0285250643597075,1.3688323257006674,0.5545787441453829,0.9064189708241326,-0.41298129514773085,0.22672829536180228,0.6046131668507985,-0.2573099392794607,0.004269433931082226,1.7417063402657775,0.13115984458806731,1.6359940934281316,-1.3665149247889352,0.9443192269620017,1.431099695050912,-1.36507375335172,0.9614969787605959,1.1919731451154134,0,8.375000000000009,-5.375000000000001,Cephalophus_niger,110
75,0.02477477314264446,0.5715829182890886,-0.17585867576147213,1.0082061313964987,-0.21876413761576166,-0.0014227509625631685,-1.3813753721729594,0.9245643449145798,1.4269594354950075,1.43990167145745,1.213357560616987,1.0197808953198306,1.156954223564074,1.4161855460648696,1.0876136383477732,-1.3646145785153088,0.43423781033415804,0.643938759051926,1.351261281937653,-0.3564509920931888,-0.6730780302659393,-0.5076853161640368,1.2321793937226035,0.9560650706059524,1.3394185039327366,0.8123767667362733,0.8796787036963791,-0.349912456310131,-0.009467111824855575,0.7420487026051542,-0.001087442171321632,0.5342274812792014,0.8796509702946516,-0.4750754774283075,1.5392154633540664,-1.3817063831471719,0.7991104531792363,1.4711245163637015,-1.5316388547073652,1.0938847142568147,1.1968523368740958,0,6.87500000000001,-3.208333333333333,Cephalophus_niger,128
76,-0.5378278715011856,1.2250588327020553,0.09827469306889156,1.2856109991486597,0.41560009616451254,-0.22790580017441334,-1.3223154679780782,0.5456870753503918,1.5539655277526738,1.5638148186715262,1.291848186197491,1.1990977583437097,1.156954223564074,1.6207706858134936,1.3463834789186948,-1.230331170576847,0.7481918020943131,0.40777518600219037,1.4359420965233887,-0.3318573002794631,-0.26024633285576193,-0.5109384868038751,1.3199113761349754,1.1630936241881096,1.3933438438406094,0.6973143724725426,1.0936008407184066,-0.5391189728229305,0.49244812844679237,0.8861884108353323,-0.523022158502716,-0.29780665305734566,2.146246290419825,0.03543847795390286,1.3456582032059363,-1.317863798654329,1.0701668309070649,1.446109003043208,-1.292654144066657,1.0087783128663883,1.260281829736968,0,8.708333333333345,-0.5416666666666691,Cephalophus_niger,106
77,-0.5057949086243327,0.6532674075907094,-0.44999204459183584,1.701097281714254,1.2163241742881672,-0.9897124955574398,-0.9888006973372526,-0.2451287119183782,1.4719742530040538,1.4838202552801605,1.4118926723794383,1.211052215878635,1.156954223564074,2.1795566737908905,1.25542107089809,-0.8166003352816485,1.3077466203443395,0.8476689844771848,1.409400348668158,-0.37381124513817166,-0.095113653891691,-0.3832191900302309,1.265922463881208,1.2355536179418647,1.2756885567688871,-0.18822911755718283,0.7192371009298585,-0.6652566504981302,2.2048648305500618,0.5040505797134649,-0.703326878689925,-0.6316802228866607,-0.6229259874203835,1.5031660996777578,0.9585436829096758,-1.0721083077451319,1.3025008689594892,1.0708763032358084,-0.5757000121445329,1.0560596469721808,1.0309598170788918,0,14.125000000000009,-7.291666666666668,Cephalophus_niger,41
78,-1.311514134380769,0.8983208754955719,0.1896524826790128,1.3700251192052826,0.7665089915991492,-0.33085266582752204,-1.2736778744815687,0.3034339824064311,1.4780030232061583,1.4897022084707021,1.2456772299736651,1.211052215878635,1.156954223564074,1.5948344256613036,1.4321064433542652,-1.040297047795359,0.7423161213200115,0.38175033169282724,1.3272473195924446,-0.3304106125257145,-0.34281267233779744,-0.4796602852868908,1.265922463881208,1.1113364857925703,1.3590277184446904,0.5982733242455338,1.031206884086982,-0.6337222310793303,0.8762656651251114,1.050440636492977,-0.6274091017689949,0.05726523866589414,2.3822279280096867,0.482138188913337,1.1521009430578062,-1.2751738776982713,1.089528000744767,1.2860097177920509,-1.0464274724974427,0.942584445118279,1.1822147615980485,0,9.791666666666675,4.208333333333331,Cephalophus_niger,93
79,-0.6985008791318993,-0.08189299612387813,-0.5413698342019571,1.6318279300058915,0.9002787201915587,-0.9897124955574398,-1.0860758180668366,-0.19538908147033646,1.6114398036794026,1.6198894390880227,1.4349781504913512,1.3186423336929625,1.156954223564074,2.1228459315321135,1.2127780006146023,-1.0761219947854377,1.0907403153867774,0.8499994534450486,1.519359018354113,-0.3810446839069145,-0.095113653891691,-0.6107164002372362,1.360403060325301,1.3390678947329433,1.3688323257006674,-0.18677263155384446,0.6390162995465981,-0.6652566504981302,1.968669423363404,0.40348799257613144,-0.703326878689925,-0.43029616489437544,-0.6229259874203835,0.9288378998727711,1.0069329979467085,-1.1249899665870953,1.3315426237160424,1.255991101807459,-0.8219266837137473,1.1317097815414485,1.1236644604938588,0,13.208333333333346,-0.4583333333333333,Cephalophus_niger,52
80,-0.9751038992584049,0.6532674075907094,0.37240806189925524,1.6803328293048723,1.1879028340223523,-0.9485336756628776,-0.9505854476708321,-0.23307507048111786,1.4474572541821624,1.4599003123052914,1.3980413855122904,1.1990977583437097,1.156954223564074,2.1805244953843808,1.5697872418477772,-0.7290110032787477,1.3222399264076785,0.8575737739371175,1.3689557805078068,-0.2595229125920345,-0.012547314409655536,-0.6143561246294535,1.2456766217860453,1.2148507625836489,1.2364701277449799,-0.1285131914203099,0.8885921260722969,-0.6652566504981302,2.2934381082450583,0.6247256842782651,-0.703326878689925,-0.5786844181518488,-0.6229259874203835,1.5031660996777578,0.8617650528356108,-1.048071190089694,1.3025008689594892,1.0208452765948217,-0.5032804028594698,1.0655159137933392,1.0797517346657166,0,13.875000000000009,-5.791666666666668,Cephalophus_niger,44
81,1.6260059075251234,0.612425162939899,2.9309861709826497,1.7919483421321678,0.8786785131542125,-1.133838058382913,-0.9019478873060401,-0.31941835568949367,1.676952439875604,1.6838066637585747,1.425743959246586,1.5816403994613186,1.156954223564074,2.1511044319008477,1.1900735970286584,-0.948537875459313,1.3261569473073669,1.0888823020859741,1.5231506966191461,-0.36368443086193164,-0.4253790118198329,-0.589907413595283,1.4076433585473473,1.4839878822404533,1.3296138966767599,-0.3702898679744783,0.36270020589314594,-0.6652566504981302,2.234389256448394,0.131969007305331,-0.703326878689925,-0.6316802228866607,-0.6229259874203835,1.2798162441980407,0.9101543678726434,-0.995381828188974,1.4670708125799565,1.1759414591818802,-0.6046678558585581,1.3019225843223012,1.1090268852178113,0,14.041666666666675,-0.20833333333333331,Cephalophus_niger,42
82,-0.9353424356680602,0.5307406736382781,0.281030272289134,1.2511069486914066,0.43000042693395935,-0.33085266582752204,-1.3049449059718357,0.46603478160434453,1.536683053173308,1.5469532195253068,1.2826139949527258,1.211052215878635,1.156954223564074,1.619802864220003,1.2887495994833154,-1.2931596775724241,0.7043203910090043,0.4068040584834099,1.4372059892783995,-0.32896392477196595,-0.34281267233779744,-0.4053787975129206,1.3131627621032544,1.1527421965090017,1.3835392365846326,0.5385573981086609,0.8261981694408722,-0.6337222310793303,0.49244812844679237,0.6314298567540874,-0.5704707690782973,-0.27660833116342093,1.780233954566163,0.003531355742514714,1.3940475182429688,-1.3072874668859362,1.0411250761505118,1.4511121057073066,-1.3216219877806823,0.9898657792240714,1.2505234462196029,0,8.958333333333346,-1.6250000000000009,Cephalophus_niger,103
83,1.527259331422197,0.36737169503503647,0.1896524826790128,1.7521672250671096,0.9859217731452579,-1.1956061041414594,-0.9575336327152678,-0.3574487510784606,1.6874023082259182,1.6940020492888468,1.4534465329808814,1.4860047391819164,1.156954223564074,2.0761997069001183,1.4926510754310658,-0.703074338749716,1.462471486103104,1.0043995421892826,1.5610674792694754,-0.3651311186156802,0.4002843830005218,-0.5665039348095737,1.4143919725790683,1.4839878822404533,1.354125414816702,-0.464961458191472,0.16660491362295407,-0.6652566504981302,2.4115358118383874,0.06157519630919755,-0.6938371565748087,-0.8966592465607203,-0.6132940838452872,1.1840948775638762,0.8617650528356108,-1.0390332338512491,1.5154737371742117,1.2159662804946696,-0.6263937386440771,1.3302913847857767,1.1870939533567308,0,15.375000000000009,-12.208333333333336,Cephalophus_niger,26
84,-0.04833763759721404,-0.2452619747271198,1.7430749060510737,1.5635712741228733,1.185628930201647,-0.7014612471842958,-1.0478605684004159,-0.03697006748165096,1.5897362309518268,1.598714407602073,1.448829437358499,1.4023235364374396,1.156954223564074,2.1716209501970285,1.5053129715631528,-0.8209996862705137,1.1254065629905727,0.6513189725788436,1.5180951255991022,-0.4591658226093373,-0.34281267233779744,-0.5975102268036971,1.346905832261859,1.3390678947329433,1.354125414816702,0.17734886928074656,1.031206884086982,-0.6652566504981302,1.8800961456684073,1.050440636492977,-0.6938371565748087,-0.4037982625269695,-0.6181100356328353,0.8650236554499948,0.9101543678726434,-1.119605652232277,1.3315426237160424,1.2209693831587682,-0.7712329572142032,1.1506223151837656,1.1919731451154134,0,13.375000000000009,-13.458333333333336,Cephalophus_niger,50
85,-0.7007990397296202,-0.16357748542549896,1.46894153722071,1.3911980003366622,-0.011856815174649258,0.6368476534797988,-1.4230647143615978,1.2612292649711183,1.3019629333047094,1.3179491753068873,1.2410601343512826,0.7089649994117734,1.156954223564074,1.8594209601541083,1.3981956309950407,-1.448389748687522,0.6291125138766506,0.647240651885082,1.2147608643964676,-0.16982827185962318,-0.8382107092300103,-0.5791144870080954,1.1444474113102316,0.7800908000611187,1.3002000749088294,1.929501531296799,2.314739706219147,-0.1607059397973315,0.13815501766680557,2.1331644913382677,0.2646247770519337,1.133080074782576,3.9377803553877517,0.7373951666044422,1.7327727235021968,-1.4324727756354567,0.8281522079357894,1.2659973071356563,-1.2129925738530878,0.8291092432643773,1.1090268852178113,0,7.208333333333344,-8.375000000000002,Cephalophus_niger,124
86,0.057884165554339534,0.48989842898746777,0.281030272289134,1.597405445636186,1.0567857522900792,-0.8661762813181489,-1.0443864427464804,-0.1383188932935063,1.5491425115909903,1.559109256119093,1.425743959246586,1.3664601638326637,1.156954223564074,2.0477474650100755,1.2417402891996003,-0.9577838361523386,1.1003372706131214,0.7412399873114035,1.4789144501937619,-0.31015698397323455,-0.17767999337372647,-0.6045465310645347,1.3199113761349754,1.297662184016512,1.3345162003047484,-0.029472143193301138,0.9688129274555572,-0.6652566504981302,1.9981938492617362,0.6951194952743985,-0.703326878689925,-0.37730036015956353,-0.6181100356328353,0.9926521442955474,0.9585436829096758,-1.1074909449339363,1.2928202840406382,1.1859476645100777,-0.7495070744286843,1.0938847142568147,1.0895101181830815,0,13.208333333333346,-6.541666666666668,Cephalophus_niger,52
87,-0.04381242000407373,0.24484496108260523,0.1896524826790128,1.6151966246977818,1.2909773185282416,-0.8044081128374045,-0.9783783203754459,-0.11868868689050828,1.5543674457661476,1.564206948884229,1.4395952461137338,1.4381869090422152,1.156954223564074,2.051618456046352,1.522195647790063,-0.7866086557627847,1.2068819126420582,0.6959881713241406,1.4928172704988827,-0.3130503594807317,0.5654170619645927,-0.5768596916154097,1.3199113761349754,1.359770750091159,1.3247115930487714,0.06519944702369253,1.1025142630943243,-0.6652566504981302,2.116291552855065,0.9297655319281768,-0.703326878689925,-0.4567940672617814,-0.6132940838452872,1.088373510929712,0.8617650528356108,-1.0590321157405735,1.3702649633914465,1.165935253853683,-0.6626035432866085,1.0938847142568147,1.1724563780806836,0,13.958333333333346,-9.291666666666668,Cephalophus_niger,43
88,0.5556333462123059,0.36737169503503647,0.1896524826790128,1.472393550498596,1.0931650331363032,-0.5779250329450049,-1.186825064450356,0.09458652521333281,1.5447214134427805,1.5547958237793624,1.4719149154704119,1.3066878761580372,1.156954223564074,2.034779482602823,1.4641251665622799,-0.8951789585144092,1.1827919502019137,0.5491626994184872,1.5004006270289485,-0.3318573002794631,0.31771804351848637,-0.040602557359501884,1.3131627621032544,1.2355536179418647,1.3835392365846326,0.31134558158787606,1.4233974686273656,-0.6652566504981302,1.9096205715667394,1.251565810767644,-0.703326878689925,-0.9019588270342015,-0.6036621802701908,0.705488044393054,1.1037116280207735,-1.2149849350890547,1.2250561896086811,1.2860097177920509,-0.9450400194983545,1.0560596469721808,1.2163691039088258,0,13.375000000000009,-10.541666666666668,Cephalophus_niger,50
89,-1.3656555444149017,-0.2452619747271198,-1.1810143614728057,1.8306509521032006,0.9575004328794431,-1.1750167555552773,-0.9019478873060401,-0.35966268483698355,1.5250274307825726,1.5355814433569266,1.3980413855122904,1.2827789610881868,1.156954223564074,2.100006582344019,1.1956041825006924,-0.6656950486977156,1.574303971864328,1.1108285393550639,1.414455919688202,-0.5372869613117601,-0.4253790118198329,-0.5958679768304359,1.2996655340398127,1.3494193224120512,1.260981645884922,-0.4285493081080129,0.2735659821339678,-0.6652566504981302,2.4115358118383874,0.10180023116413095,-0.703326878689925,-0.8118659589850212,-0.6229259874203835,1.758423077368863,0.9585436829096758,-0.9930742648940519,1.4380290578234036,1.0708763032358084,-0.4743125591454447,1.1506223151837656,1.0163222418028446,0,15.041666666666675,-7.208333333333332,Cephalophus_niger,30
90,1.5562129816260444,-0.00020850682225728276,-0.3586142549817146,0.7273379954870066,0.9321107716300198,1.481011727867279,-1.4230647143615978,3.7554919109349107,1.4197249112524821,1.4328433276288,1.1856549868826916,1.1393254706690834,1.156954223564074,1.2019229287255546,0.9074352294761778,-1.4664628376322932,0.07308292478148211,-0.012503288691345538,1.3487334964276312,-0.21612227997957742,-1.4161750856042585,-0.5445269079717868,1.2254307796908825,0.9250107875686288,1.3590277184446904,3.1092551940008737,4.810497971476135,-0.5075845534041307,0.9943633687184403,4.677397945912805,-0.39016604889108836,0.3699404866012844,7.593087762136828,-1.0494036772332942,1.6359940934281316,-1.4182428019834377,0.634540509558769,1.5311617483328854,-1.741655721634048,0.942584445118279,1.2017315286327783,0,8.541666666666679,-12.875000000000002,Cephalophus_niger,108
91,1.0008206372755994,0.28568720573341566,0.5551636411194977,1.1167338991541205,0.9370370331940376,1.3986542721614514,-1.3883235903491127,2.5381255868521553,1.4759934331387903,1.4877415574071882,1.2272088474841347,1.0675987254595316,1.156954223564074,1.4531541454373313,1.3396885479748541,-1.0896352573225183,0.5834784882139128,0.23958609406941309,1.3411501398975652,-0.2899033554207545,-1.2510424066401875,-0.6064453511842692,1.265922463881208,1.0181736366805996,1.3835392365846326,3.4355080587486673,4.783757704348382,-0.5075845534041307,0.8467412392267791,4.761200101860583,-0.35220716043062333,0.6667169931162311,7.713486556825532,-0.2517256219485905,1.2488795731318711,-1.3913212302093472,0.9249580571242996,1.4160903870586161,-1.357831792423214,0.9898657792240714,1.2212482956675081,0,8.625000000000009,-12.041666666666668,Cephalophus_niger,107
92,0.1569488644408964,0.44905618433665734,0.5551636411194977,0.826504409416845,0.7047400495035018,1.3780649235752693,-1.4056941523553552,2.9286136172633133,1.4088731248886943,1.4222558118858248,1.1856549868826916,1.0915076405293822,1.156954223564074,1.2342463093207163,0.8503836338147974,-1.2775873305710164,0.25542298213524905,0.019930503452898898,1.3247195340824225,-0.3173904227419774,-1.0033433881940812,-0.5805448398337821,1.2186821656591615,0.9353622152477367,1.3492231111887136,2.9490417336336536,3.963722845763942,-0.5391189728229305,0.7286435356334502,3.9902202671410256,-0.29526882773992574,0.8151052463737045,6.605817645689449,-0.8260538217535772,1.3456582032059363,-1.3992054048003308,0.7216657738284282,1.4761276190278,-1.5968165030639219,0.9236719114759621,1.1578188028046361,0,8.041666666666679,-12.291666666666668,Cephalophus_niger,114
93,1.5764103548797992,-0.2452619747271198,-1.1810143614728057,1.7536051015737524,1.3087880713535107,-1.3603210155531147,-0.846362075633377,-0.47281909792985705,1.6540431131076072,1.6614552416345167,1.3195507599317864,1.4979591967168417,1.156954223564074,1.7698060557427702,1.2733224106152115,-0.37889452842628907,1.5895805625677892,1.3794260527223,1.467539415398663,-0.473632700146823,-0.4253790118198329,-0.591403169100076,1.3941461304839056,1.4736364545613454,1.2805908603968756,-0.7271289387923776,-0.3236333170525256,-0.6652566504981302,2.588682367228381,-0.43118148066373657,-0.703326878689925,-0.9920516950833818,-0.6229259874203835,1.1840948775638762,0.8133757377985782,-0.9142325189842156,1.5251543220930628,1.1909507671741764,-0.5829419730730392,1.3870289857127274,1.113906076976494,0,16.208333333333346,-6.375000000000001,Cephalophus_niger,16
94,1.3059009134705324,0.48989842898746777,0.281030272289134,1.5092993134065427,0.6262971619345261,-0.31026325588024095,-1.2354626579468657,0.27076621822467883,1.4530841063707933,1.4653901352831302,1.4626807242256468,1.1034620980643075,1.156954223564074,2.213041174494324,1.4089656600521092,-1.2305720937514448,0.9497254710512296,0.6623892928692201,1.4043447776481142,-0.3463241778169488,-0.7556443697479748,-0.5720565787323791,1.2524252358177663,1.1113364857925703,1.3394185039327366,0.7045968024892344,1.6016659161457218,-0.6337222310793303,1.2305587759050982,1.5197327098005333,-0.6558782681143437,-0.25011042879601497,-0.5410548070320643,0.896930777661383,1.1037116280207735,-1.2469062273354763,1.1088891705824688,1.1859476645100777,-0.887104332070304,0.9709532455817544,1.1187852687351763,0,10.625000000000009,-7.625000000000001,Cephalophus_niger,83
95,-0.8168648732731417,0.6941096522415199,0.281030272289134,1.5864759887610056,0.8479835581845163,-0.5161569871864584,-1.152083940437871,0.13488006331529945,1.514979480445732,1.5257781880393573,1.448829437358499,1.2349611309484856,1.156954223564074,2.1205231006402,1.3150924993900834,-1.078989827750137,1.1812250820721308,0.7385210080667252,1.4549004878485532,-0.3506642410781945,-0.5905116907839039,-0.47792922492224593,1.2929169200080917,1.2355536179418647,1.3492231111887136,0.47010255595175776,1.4323108910032833,-0.6652566504981302,1.4077053312950916,1.254917897005555,-0.6938371565748087,-0.48329196962918736,-0.5795824213324499,0.9926521442955474,1.1037116280207735,-1.173833389662945,1.205695019770979,1.210963177830571,-0.8508945274277725,1.0182345796875467,1.1187852687351763,0,12.041666666666675,-7.958333333333332,Cephalophus_niger,66
96,0.14402565304926057,0.1631604717809844,0.1896524826790128,1.0427755942662593,0.1575344190682984,1.336886165041806,-1.4508576201979293,3.1028254775916713,1.3783273558646985,1.392453915720414,1.2225917518617522,0.8285095747610262,1.156954223564074,1.5625113404038269,0.9883553521191174,-1.4911376136475851,0.4205277889109414,0.3493168358950945,1.3158722847973456,-0.30292354520449166,-1.0859097276761167,-0.37888121830096005,1.198436323563999,0.831847938456658,1.3345162003047484,3.1092551940008737,3.2328222109386817,-0.034568262122131814,0.19720386946347004,3.3332113645104475,0.530336996275189,0.5925228664874944,5.661891095330003,-0.3155398663713668,2.023108613724392,-1.44362599822758,0.6926240190718751,1.4661214136996028,-1.6040584639924282,0.8953031110124866,1.1626979945633185,0,7.291666666666676,-10.791666666666668,Cephalophus_niger,123
97,-0.15014074688574197,0.8983208754955719,0.1896524826790128,1.2534430493015054,0.2693250530255188,-0.2690845587078766,-1.2945225621417467,0.4960950342303459,1.4321843696701646,1.444999364222586,1.213357560616987,1.0078264377849053,1.156954223564074,1.5489625764391746,1.2903505467475256,-1.2191753283503481,0.7213595962898945,0.335721791498447,1.3424140326525762,-0.3304106125257145,-0.34281267233779744,-0.5099967977917207,1.2389280077543243,1.0181736366805996,1.3296138966767599,0.6259465583089627,0.7548907904335297,-0.4445157145665308,0.31530157305679896,0.648190287943643,-0.42812493735155344,-0.20241420453468423,1.804313713503904,0.16306696679945545,1.4424368332800015,-1.317479204771842,0.9636803967997036,1.386071771074024,-1.2854121831381509,0.8858468441913281,1.2017315286327783,0,8.541666666666679,2.8749999999999987,Cephalophus_niger,108
98,-0.07973224813340453,0.6532674075907094,-0.5413698342019571,1.3062121199548598,1.3860941515705456,-0.6808718985981136,-1.3744271539968058,0.10757498664391346,1.4655435647884758,1.477546171876916,1.4165097680018208,1.0915076405293822,1.156954223564074,2.0154242320837565,1.3519140643907288,-1.2268266870958389,0.1206753114692949,0.5363445274022128,1.3815947080579165,-0.43746550630310876,-0.5905116907839039,-0.5868190605437943,1.259173849849487,0.9353622152477367,1.354125414816702,0.10889402712384345,1.5214451147624615,-0.6652566504981302,2.5296335154317164,1.2079886896747993,-0.703326878689925,0.2851471990255854,-0.6181100356328353,0.45023106670194885,1.4424368332800015,-1.3830524617358766,0.8862357174488955,1.2860097177920509,-1.198508651996075,1.1506223151837656,1.1334228440112237,0,13.458333333333346,-16.375,Cephalophus_niger,49
99,-0.7296019897985897,-0.0410507514730677,0.281030272289134,1.3077640693272168,0.47736932737698395,-0.4132101215333497,-1.2841002183116577,0.3574538535080886,1.563611560076041,1.5732259437763927,1.291848186197491,1.2469155884834109,1.156954223564074,1.6296739356631607,1.3246979608991538,-1.2225822803049933,0.7916714214347916,0.41670884794334273,1.4422615602984434,-0.237822596285806,0.4828507224825573,-0.4278330031974804,1.3266599901666962,1.1941479072254333,1.388441540212621,0.4730155279584345,0.9153323932000503,-0.6337222310793303,0.7876923874301147,0.8761321521215989,-0.6274091017689949,-0.5097898719965933,2.131798435057181,0.13115984458806731,1.2972688881689038,-1.281519676759307,1.099208585663618,1.4260965923868134,-1.241960417567113,0.9993220460452299,1.2505234462196029,0,10.041666666666675,-1.791666666666669,Cephalophus_niger,90
100,-1.2383479680008371,-0.2452619747271198,-1.1810143614728057,1.7678346944311691,1.4603685527711894,-1.4426785326200413,-0.7351904522880508,-0.5262978112901495,1.7171442412229667,1.723019685028852,1.2826139949527258,1.6533671446708704,1.156954223564074,1.6267707662203745,1.1515056248583986,-0.09080922458791361,1.5815504754712282,1.6295730322722417,1.470067200908685,-0.473632700146823,-0.4253790118198329,-0.5909743904858776,1.4346378146742311,1.5978535867106398,1.2707862531408987,-0.8494737630728002,-0.59103598833006,-0.6652566504981302,2.5591579413300485,-0.672531689793337,-0.703326878689925,-0.9019588270342015,-0.6181100356328353,1.088373510929712,0.6682077926874805,-0.8086614982415323,1.621960171281573,1.2059600751664723,-0.5322482465734951,1.55724178849358,1.1090268852178113,0,17.125000000000007,-6.458333333333332,Cephalophus_niger,5
101,-0.6706283987030476,0.36737169503503647,0.1896524826790128,1.784090077795448,1.2375453491692585,-1.3191423183807505,-0.846362075633377,-0.4494990363368022,1.7195557493038085,1.7253724663050687,1.3888071942675253,1.6653216022057955,1.156954223564074,1.91303479144879,1.373017298636271,-0.5766660589452994,1.3365371871738332,1.2502737977337997,1.5231506966191461,-0.3651311186156802,0.4002843830005218,-0.5458871428253708,1.441386428705952,1.5460964483151005,1.3198092894207831,-0.6659565266521663,-0.19884540378967627,-0.6652566504981302,2.470584663635052,-0.30380220362311416,-0.703326878689925,-0.7005747690419162,-0.6181100356328353,1.2160019997752645,0.7649864227615457,-0.9190399425153032,1.5638766617684667,1.1909507671741764,-0.553974129359014,1.4815916539243121,1.1431812275285886,0,16.291666666666675,-12.125000000000002,Cephalophus_niger,15
102,-0.7277930614867044,0.04063373782855314,0.281030272289134,1.2115547750701245,-0.057709876109478156,-0.12495899588240354,-1.3709530283428701,0.6313415853378311,1.3835522900398558,1.3975516084855502,1.2272088474841347,0.912190777505503,1.156954223564074,1.6381902931455796,1.2426134927844075,-1.427500428167089,0.6050225514365061,0.4252542959541923,1.294386107962159,-0.2913500431745031,-0.6730780302659393,-0.31502818795503473,1.2051849375957198,0.9353622152477367,1.3247115930487714,0.7817905606661677,1.12034110784616,-0.4445157145665308,0.31530157305679896,0.993455170448488,-0.23833049504922818,-0.027528048909804922,2.3003567476213673,0.13115984458806731,1.490826148317034,-1.3690147850251007,0.8668745476111934,1.3560531550894321,-1.314380026852176,0.8763905773701697,1.1626979945633185,0,8.541666666666679,-6.125000000000001,Cephalophus_niger,108
103,0.035473890188956796,0.04063373782855314,0.281030272289134,0.9051841742623713,-0.5223039880489618,0.3074177539551146,-1.3952718250911251,1.2792359136952938,1.3936002403766965,1.4073548638031195,1.190272082505074,1.0078264377849053,1.156954223564074,1.3223126105811644,1.0078578611766404,-1.3859455565147778,0.31692113669392447,0.522555227867158,1.3259834268374335,-0.33330398803321165,-1.333608746122223,-0.21237195500092146,1.2119335516274408,0.9043079322104131,1.3296138966767599,1.0876526213672242,1.0490337288388176,-0.09763710095973166,-0.27518694490984563,0.8627238071699544,0.42595005300891015,0.7038140564305995,1.144528318609802,-0.6665182106966364,1.5392154633540664,-1.3961286537404347,0.7119851889095772,1.4711245163637015,-1.5968165030639219,1.0655159137933392,1.177335569839366,0,6.208333333333344,-2.208333333333333,Cephalophus_niger,136
104,-0.10263814194149626,0.20400271643179482,0.5551636411194977,0.9412892334013621,-0.13880541053859027,-0.042601478815476976,-1.3744271539968058,0.8077180390962153,1.377925437851225,1.3920617855077115,1.190272082505074,0.9719630651801294,1.156954223564074,1.3463130798775313,1.0213929608935346,-1.2765377289114996,0.42601167794041267,0.6078153046639903,1.3133444992873238,-0.29858348194324597,-0.9207770487120457,-0.5291113042751239,1.198436323563999,0.914659359889521,1.3198092894207831,0.7060532884925728,0.5409686534115022,-0.4445157145665308,-0.03899153772318781,0.46717763109644267,-0.10547438543760052,0.385839228021728,1.0289454757086454,-0.5388897218510839,1.3940475182429688,-1.3755528810273798,0.7700686984226832,1.4411059003791094,-1.5099129719218463,1.0466033801510222,1.167577186322001,0,7.291666666666676,-2.2916666666666687,Cephalophus_niger,123
105,0.7450393853697259,1.0616898540988136,-0.7241254134221995,1.442382215983319,0.8961102338232266,-0.5779250329450049,-1.2285144397707122,0.14831129272986748,1.5555731998065685,1.5653833395223373,1.291848186197491,1.3066878761580372,1.156954223564074,1.7570315195191417,1.3372143971258366,-1.1642734808624002,0.8978242717188982,0.5445014651362479,1.41192813417818,-0.4201052532581259,-0.5079453513018684,-0.5677152661886719,1.3199113761349754,1.2355536179418647,1.3933438438406094,0.31571503959789116,1.4144840462514479,-0.6652566504981302,1.466754183091756,1.0068635154001324,-0.6653679902294599,-0.3984986820534883,2.3196205547715603,0.5140453111247252,1.1521009430578062,-1.23613759862584,1.166972680095575,1.331037641768939,-1.053669433425949,1.0087783128663883,1.1968523368740958,0,11.208333333333345,-1.791666666666669,Cephalophus_niger,76
106,-1.140520768059336,0.44905618433665734,0.281030272289134,1.7752027645302568,0.6641922822889458,-0.08378023734894026,-1.2041956264565985,0.3638004198245144,1.3642602253931215,1.378729358275817,1.490383297959942,0.780691744621325,1.156954223564074,2.401367974687976,1.5665853473193565,-1.0636240963512396,1.3571019204591197,0.9577880884064248,1.3398862471425543,-0.24939609831579457,0.1525853645544154,-0.5018470399439907,1.191687709532278,1.0078222090014917,1.2854931640248641,1.1998020436242782,1.886895432175092,-0.6337222310793303,1.0238877946167726,2.052714421628401,-0.6179193796538787,0.020168175351525798,-0.46399957843129325,1.8541444440030275,1.2488795731318711,-1.2576748560451123,1.205695019770979,1.0508638925794138,-0.6191517777155707,0.942584445118279,1.0504765841136219,0,10.458333333333343,-9.375000000000002,Cephalophus_niger,85
107,-0.7814082719454715,1.2250588327020553,0.09827469306889156,1.3850552164035679,0.726718999580279,-0.33085266582752204,-1.2528332199531083,0.38500501248729263,1.5511521016583585,1.5610699071826069,1.2779968993303432,1.2230066734135603,1.156954223564074,1.6416743918146077,1.4088199780705137,-1.1124058930715026,0.8915567991997662,0.4287502957524997,1.4283587399933226,-0.3318573002794631,-0.26024633285576193,-0.4285294969738085,1.3199113761349754,1.204499334904541,1.3786369329566441,0.6128381842789175,1.1381679525979957,-0.6021878116605304,0.8172168133284469,1.1174823612511993,-0.5894502133085299,-0.5680852572048865,2.4785469637606505,0.3545097000677844,1.2972688881689038,-1.2638283581649046,1.147611510257873,1.3960779764022215,-1.1622988473535436,0.9804095124029129,1.240765062702238,0,9.875000000000009,0.1249999999999988,Cephalophus_niger,92
108,1.2726668264081344,0.48989842898746777,0.281030272289134,1.4864273049746641,0.9453740059307018,-0.8044081128374045,-0.9957488823816885,-0.10565109157631968,1.4719742530040538,1.4838202552801605,1.347253333666082,1.3186423336929625,1.156954223564074,2.008649776267009,1.1269093541974364,-1.0285963453117486,0.9857625414876235,0.7022028540206146,1.409400348668158,-0.31015698397323455,-0.17767999337372647,-0.5486289878752726,1.265922463881208,1.2252021902627568,1.2707862531408987,0.024417838930218337,0.9153323932000503,-0.6652566504981302,1.8210472938717428,0.7286403576535098,-0.6938371565748087,-0.2713087506899397,-0.6181100356328353,0.8331165332386067,0.8617650528356108,-1.07749262209995,1.1766532650144261,1.1409197405331897,-0.7712329572142032,1.0466033801510222,1.0260806253202095,0,13.208333333333346,-4.208333333333333,Cephalophus_niger,52
109,-1.0558094505207072,0.9391631201463824,-1.272392151082927,1.724312306455623,1.1140071758611396,-1.257374272622204,-0.9679560096770745,-0.39149406570208617,1.6857946361720237,1.6924335284380356,1.4165097680018208,1.5338225693216176,1.156954223564074,2.0591669919352804,1.4422941886373346,-0.9439206363799658,1.281894043326766,1.0624692338463082,1.5534841227394096,-0.5083532062367887,-0.095113653891691,-0.5936667518619198,1.4143919725790683,1.4529335992031298,1.354125414816702,-0.572741422438511,0.05073042273602249,-0.6652566504981302,2.470584663635052,-0.16636666786875837,-0.703326878689925,-0.8436634418259084,-0.6229259874203835,1.088373510929712,0.9585436829096758,-1.051917128914564,1.4186678879857015,1.2409817938151628,-0.7350231525716716,1.3113788511434596,1.1870939533567308,0,14.458333333333346,0.9583333333333308,Cephalophus_niger,37
110,-0.25768073181996287,0.8983208754955719,-1.272392151082927,1.7407148677480435,1.1958607746027616,-1.2985529697945681,-0.8185691366653277,-0.43774061109096785,1.6464066708516083,1.654004767593164,1.3103165686870213,1.4620958241120658,1.156954223564074,1.8013552085969082,1.290641688634525,-0.5271672339684083,1.5010547546065875,1.3145587647803227,1.4422615602984434,-0.5112465817442858,-0.17767999337372647,-0.5782077371431144,1.3873975164521846,1.4736364545613454,1.2658839495129104,-0.636826806585399,-0.10079775765458032,-0.6652566504981302,2.647731219025045,-0.26022508253026966,-0.703326878689925,-0.9549546317690134,-0.6229259874203835,1.1840948775638762,0.7649864227615457,-0.8926952615649433,1.5057931522553607,1.1559290485254856,-0.5467321684305078,1.4059415193550444,1.104147693459129,0,16.125000000000007,-2.7916666666666687,Cephalophus_niger,17
111,1.477095476651811,0.612425162939899,0.37240806189925524,1.645436703228748,1.0393537425042412,-1.2161954527276417,-0.8915255103442333,-0.38086720242889305,1.5756691004802499,1.584989850157476,1.3056994730646387,1.3545057062977384,1.156954223564074,1.7874194045961653,1.2942801849553494,-0.5181850915031899,1.4469988501024584,1.0999526223763507,1.4372059892783995,-0.28845666766700595,-0.095113653891691,-0.5951941888529568,1.3401572182301382,1.3804736054493747,1.2707862531408987,-0.524677384328345,0.07747068986377594,-0.6652566504981302,2.322962534143391,-0.06580408073142488,-0.703326878689925,-0.8807605051402767,-0.6229259874203835,1.0564663887183237,0.8133757377985782,-0.9899975138341559,1.4380290578234036,1.1859476645100777,-0.6408776605010896,1.2451849833953503,1.104147693459129,0,15.375000000000009,-3.3750000000000013,Cephalophus_niger,26
112,0.6991543873778394,0.8166363861939511,0.5551636411194977,1.7392773900975746,1.1697130490408283,-0.9691230242490597,-1.0409123833559801,-0.2168396062991952,1.618674327921928,1.6269477829166725,1.4534465329808814,1.2708245035532615,1.156954223564074,2.121103734528757,1.5053129715631528,-0.6721706379369515,1.475985163379598,0.9173916136665526,1.525678482129168,-0.4707393246393259,1.2259477778208765,-0.603997886669704,1.3671516743570218,1.359770750091159,1.354125414816702,-0.15909939749041555,0.647929721922516,-0.6652566504981302,2.2048648305500618,0.5979089943749762,-0.6843474344596925,-0.8012667980380589,-0.6132940838452872,1.2798162441980407,1.0069329979467085,-1.118451870584816,1.4477096427422547,1.210963177830571,-0.6698455042151149,1.2262724497530333,1.177335569839366,0,14.958333333333346,-13.791666666666668,Cephalophus_niger,31
113,-1.1845915378874992,1.592639034559349,3.2964973294231346,1.4429214695303318,0.9211211520332192,-0.6602825500119315,-1.221566188462841,0.10821451537493901,1.5901381489653004,1.5991065378147757,1.2964652818198736,1.3305967912278878,1.156954223564074,1.7587734211848134,1.300392832125191,-1.170944063138909,0.9330780575151697,0.5462493168621457,1.4574282733585753,-0.4201052532581259,1.143381438338841,-0.5119704413937891,1.346905832261859,1.2666079009791882,1.3982461474685979,0.20939156135419057,1.0133800393351462,-0.6337222310793303,1.2600832018034305,0.7956820824117321,-0.6274091017689949,-0.38259994063304475,2.016215592156024,0.45023106670194885,1.2004902580948387,-1.234599223095892,1.2250561896086811,1.3910748737381227,-1.097121198996987,1.0182345796875467,1.2261274874261907,0,11.291666666666675,-0.6250000000000012,Cephalophus_niger,75
114,-1.6476499828415432,0.5307406736382781,0.281030272289134,1.1203279921364666,-0.2737120910413526,-0.24849521012169445,-1.3327378118081674,0.5325510996626842,1.4366054678183746,1.4493127965623165,1.2272088474841347,1.079553182994457,1.156954223564074,1.4773482085861647,1.203754378727148,-1.2977768466363182,0.5627180084809802,0.7346367943381149,1.351261281937653,-0.32896392477196595,-0.34281267233779744,-0.5126707308831518,1.2389280077543243,1.0285250643597075,1.3345162003047484,0.5807954922054734,0.6390162995465981,-0.5075845534041307,0.10863059176847335,0.4001359063382203,-0.32373799408527454,0.0784635605598189,1.3130866311739886,-0.1879113775258142,1.2972688881689038,-1.327094051834017,0.9249580571242996,1.4160903870586161,-1.357831792423214,1.1222535147202901,1.2017315286327783,0,8.375000000000009,-2.708333333333333,Cephalophus_niger,110
115,0.11915255957749389,0.20400271643179482,0.37240806189925524,1.3945308425251524,0.9074788855762822,0.9456881737377513,-1.2841002183116577,1.2731353546158173,1.3948059944171172,1.4085312544412278,1.402658481134673,0.9241452350404283,1.156954223564074,1.7674835201885415,1.5114256187329944,-0.9565907728291337,1.0431479286989647,0.5549891681846584,1.3588446384677189,-0.24505603505454884,-0.012547314409655536,-0.08838784529145455,1.2119335516274408,1.0388764920388154,1.3345162003047484,2.522291334655513,5.0422469532499985,-0.6337222310793303,1.4962786089900881,4.462864426686493,-0.6368988238841111,-0.25011042879601497,7.284866847733744,0.6416737999702777,1.1037116280207735,-1.2838272400542288,1.079847415825916,1.2259724858228669,-0.9667659022838734,0.8953031110124866,1.167577186322001,0,10.875000000000009,-13.541666666666668,Cephalophus_niger,80
116,-0.23775671241505603,0.6532674075907094,0.281030272289134,1.6895631588795537,0.9055840139118316,-1.133838058382913,-0.9436371963629608,-0.3308815835116192,1.6632872274175006,1.6704742365266805,1.4349781504913512,1.5218681117866923,1.156954223564074,2.0473602773051427,1.4722753627887355,-0.7586586268603914,1.3522055696221247,0.9280734236801146,1.5383174096792778,-0.3304106125257145,-0.5905116907839039,-0.5829332457927026,1.3941461304839056,1.4632850268822377,1.3443208075607251,-0.4110714760679525,0.2824794045098856,-0.6652566504981302,2.4115358118383874,0.15878569720861993,-0.703326878689925,-0.8436634418259084,-0.6229259874203835,1.088373510929712,0.8617650528356108,-1.0334566225551876,1.4670708125799565,1.2059600751664723,-0.648119621429596,1.2924663175011426,1.177335569839366,0,15.208333333333346,-11.375000000000002,Cephalophus_niger,28
117,-0.02252057796822612,0.7349518968923303,0.09827469306889156,1.1688821501729147,0.01732244484526331,-0.3720313629998864,-1.3396860299843207,0.5583311116350698,1.500108513947208,1.5112693701693545,1.2595285168408128,1.079553182994457,1.156954223564074,1.5981250781467076,1.0799000439137214,-1.4539533166328573,0.5566465812590325,0.5602327233623519,1.4296226327483337,-0.35211092883194306,-0.34281267233779744,-0.543870259399557,1.2861683059763709,1.059579347397031,1.3688323257006674,0.44679877989834393,0.22899887025437876,-0.5075845534041307,0.07910616587014112,0.3465025265316425,-0.37118660466085585,0.014868594878044608,1.2793749686611513,-0.21981849973720233,1.6359940934281316,-1.3430546979572278,0.9346386420431506,1.506146235012392,-1.480945128207821,1.0560596469721808,1.2261274874261907,0,7.37500000000001,1.7916666666666667,Cephalophus_niger,122
118,-1.2700532617770839,0.6532674075907094,0.37240806189925524,1.662819453568346,0.9336266111382154,-0.9897124955574398,-0.9227925087027828,-0.26062619192488745,1.4169114851581668,1.4300984161398806,1.3703388117779949,1.1512799282040087,1.156954223564074,2.129813833532485,1.5469373783564293,-0.6210830222951444,1.371007389480444,0.8595160289746785,1.3335667833674993,-0.2595229125920345,-0.012547314409655536,-0.6206980946594589,1.2254307796908825,1.1941479072254333,1.2119586096050377,-0.18822911755718283,0.745977368057612,-0.6652566504981302,2.234389256448394,0.5074026659513761,-0.703326878689925,-0.6051823205192548,-0.6181100356328353,1.5031660996777578,0.8617650528356108,-1.0309567623190221,1.2831396991217872,0.9958297632743285,-0.48155452007395094,1.0560596469721808,1.0553557758723042,0,13.958333333333346,-5.625000000000001,Cephalophus_niger,43
119,-1.1142764284498512,0.36737169503503647,0.8292970099498614,1.5086621406688556,1.1295443139825272,-0.2690845587078766,-1.138187504085564,0.2642719875093885,1.475189597111843,1.4869572969817826,1.4442123417361163,1.1512799282040087,1.156954223564074,2.065360813863471,1.4992003243933112,-0.9414199644520557,1.191801068386243,0.620050563091787,1.4422615602984434,-0.3159437349882288,0.31771804351848637,-0.17967454811959835,1.265922463881208,1.2148507625836489,1.3296138966767599,0.7730516446461375,2.0384236125656945,-0.6652566504981302,1.6439007384817494,1.8649975923053783,-0.6938371565748087,-0.6846760276214726,-0.5699505177573534,0.8650236554499948,0.9585436829096758,-1.1605649007171432,1.2347367745275322,1.2009569725023737,-0.814684722785241,0.9804095124029129,1.1919731451154134,0,12.291666666666675,-10.458333333333334,Cephalophus_niger,63
120,0.4156349618474615,0.1631604717809844,-0.8155032030323207,1.6228261450188124,0.9146790509610055,-1.010301844143622,-1.0026971336895596,-0.2189551409164819,1.634751048460873,1.6426329914247835,1.4072755767570557,1.4979591967168417,1.156954223564074,2.04058611682608,1.0945994891024222,-0.9914808734875554,1.1653606543266548,0.8915611626688525,1.5421090879443107,-0.4258920042731202,-0.17767999337372647,-0.5504483768300976,1.3806489024204638,1.4115278884866984,1.3590277184446904,-0.2217282956339652,0.5053149639078309,-0.6652566504981302,1.9981938492617362,0.3867275613865759,-0.703326878689925,-0.5627856767314052,-0.6229259874203835,0.8650236554499948,0.9101543678726434,-1.0726851985688624,1.3702649633914465,1.255991101807459,-0.792958839999722,1.178991115647241,1.1236644604938588,0,13.708333333333346,-2.708333333333333,Cephalophus_niger,46
121,-0.3852803596968138,0.8983208754955719,-1.272392151082927,1.5426759968884767,0.9025523348954403,-0.9897124955574398,-0.9679560096770745,-0.22362897813504273,1.5599942979547783,1.5696967718620678,1.3611046205332298,1.42623245150729,1.156954223564074,1.9641326410056186,1.0934351436306156,-0.941396999383393,1.1246232783504504,0.8109626165007714,1.467539415398663,-0.5112465817442858,-0.17767999337372647,-0.5636204940110544,1.3266599901666962,1.3390678947329433,1.3002000749088294,-0.2173588376239501,0.5587954981633378,-0.6652566504981302,2.027718275160068,0.38337547514866477,-0.703326878689925,-0.5468869353109617,-0.6229259874203835,0.8012094110272184,0.8133757377985782,-1.0528786136207815,1.3025008689594892,1.195953869838275,-0.7567490353571905,1.141166048362607,1.0553557758723042,0,13.708333333333346,-3.5416666666666687,Cephalophus_niger,46
122,-1.630275113989773,0.5715829182890886,0.37240806189925524,1.537595167518194,1.1579656542483419,-0.6602825500119315,-1.09302403624299,0.013605927515323255,1.6074206235446664,1.615968136960995,1.4672978198480293,1.4501413665771405,1.156954223564074,2.0423280184917516,1.5045852278837497,-0.8320006543144463,1.2801311298997986,0.6157778390863622,1.5471646589643546,-0.41576518999688017,0.4002843830005218,-0.5755759726626004,1.360403060325301,1.3494193224120512,1.388441540212621,0.2283258793975893,1.1470813749739133,-0.6652566504981302,1.8800961456684073,1.1342427924407548,-0.703326878689925,-0.9761529536629382,-0.6084781320577389,0.7373951666044422,0.9585436829096758,-1.140181424945332,1.3412232086348934,1.2810066151279522,-0.8508945274277725,1.1222535147202901,1.231006679184873,0,13.375000000000009,-12.708333333333336,Cephalophus_niger,50
123,-0.8770176649435193,0.8983208754955719,0.1896524826790128,1.3257187794200813,0.5035167638220932,-0.31026325588024095,-1.2910484364878112,0.4156063759353661,1.43941889391269,1.4520577080512358,1.2179746562393696,0.9839175227150547,1.156954223564074,1.574511501217589,1.2452333256150205,-1.1332149058670695,0.8290793147037842,0.3613579873577397,1.3310389978574775,-0.3304106125257145,-0.34281267233779744,-0.40340876375134127,1.2389280077543243,1.0388764920388154,1.3345162003047484,0.6128381842789175,0.8172847470649545,-0.4760501339853307,0.49244812844679237,0.8526675484562211,-0.49455299215736725,-0.36140161873911997,2.0980867725443435,0.3545097000677844,1.3940475182429688,-1.3105565148870757,1.0217639063128097,1.3560531550894321,-1.198508651996075,0.8953031110124866,1.167577186322001,0,9.041666666666675,2.7083333333333313,Cephalophus_niger,102
124,-1.156924039926949,0.5715829182890886,2.0172082748814373,1.1495061161046212,-0.1069735036585413,-0.22790580017441334,-1.3223154679780782,0.5978374566071463,1.5033238580549968,1.5144064118709768,1.2502943255960477,1.163234385738934,1.156954223564074,1.5145102541422506,1.2049187241989547,-1.2663167330166576,0.619907350395137,0.783772824053988,1.410664241423169,-0.29424341868200027,0.07001902507237993,-0.5329661541275482,1.2861683059763709,1.1009850581134624,1.3737346293286556,0.6244900723056244,0.6746699890502694,-0.5391189728229305,0.1676794435651378,0.4403609411931537,-0.39016604889108836,0.06786439961285652,1.3564301972619224,-0.21981849973720233,1.3940475182429688,-1.3299785059526696,0.9733609817185547,1.4661214136996028,-1.3940415970657454,1.1884473824683994,1.231006679184873,0,8.291666666666679,-2.2916666666666687,Cephalophus_niger,111
125,0.19991848306508367,-0.20441973007630937,0.281030272289134,1.4606962954888008,1.1162810796818452,-0.20731645158823117,-1.138187504085564,0.3287219799049182,1.5447214134427805,1.5547958237793624,1.4534465329808814,1.3066878761580372,1.156954223564074,2.0216177586742616,1.4895946408080492,-0.9479757914007045,1.1402913619492037,0.5843153226341541,1.5029284125389704,-0.1336610780159089,1.2259477778208765,-0.08888527935430543,1.3131627621032544,1.297662184016512,1.3688323257006674,0.8225721687596419,1.9136356993028454,-0.6652566504981302,1.6143763125834172,1.942095575777334,-0.6938371565748087,-0.748270993303247,-0.5747664695449016,0.6097666777588896,0.9585436829096758,-1.1569112588335166,1.2734591142029363,1.2760035124638536,-0.8943462929988103,1.0276908465087053,1.240765062702238,0,12.291666666666675,-12.125000000000002,Cephalophus_niger,63
126,-0.1753078669203591,0.8983208754955719,-1.272392151082927,1.6433127941031245,0.8779207379585267,-1.133838058382913,-0.9749041947215104,-0.30559358601313213,1.6383683105821356,1.6461621633391086,1.3888071942675253,1.4979591967168417,1.156954223564074,1.9918108028234802,1.067965669384846,-0.9690371398897474,1.2086445272194872,0.9781805809147681,1.525678482129168,-0.5112465817442858,-0.17767999337372647,-0.5349672677352902,1.3806489024204638,1.4115278884866984,1.3443208075607251,-0.39796310203790725,0.1933451807507075,-0.6652566504981302,2.116291552855065,0.09844814492621984,-0.703326878689925,-0.7164735104623597,-0.6229259874203835,0.9288378998727711,0.9585436829096758,-1.063839539271661,1.3702649633914465,1.2409817938151628,-0.7712329572142032,1.2073599161107165,1.1236644604938588,0,14.208333333333346,-1.8750000000000009,Cephalophus_niger,40
127,-0.9527814500091983,1.0208476094480032,-1.272392151082927,1.7574931515562084,1.2701351758034052,-1.3397316669669326,-0.7490868886403577,-0.463864982522246,1.7034790287648633,1.7096872577969577,1.3380191424213168,1.725093889880422,1.156954223564074,1.8143231910041606,1.2964634159935589,-0.5220853723413622,1.3559268440741672,1.3413600469502915,1.472594986418707,-0.5054598307292916,-0.012547314409655536,-0.5721265597457642,1.4278892006425101,1.5771507313524242,1.2805908603968756,-0.6950862467189336,-0.25232593804518316,-0.6652566504981302,2.5296335154317164,-0.3607876696676031,-0.703326878689925,-0.721773090935841,-0.6181100356328353,1.1840948775638762,0.7165971077245131,-0.8384675241342754,1.5445154919307649,1.1559290485254856,-0.5177643247164825,1.5288729880301046,1.1090268852178113,0,16.625000000000007,-11.208333333333336,Cephalophus_niger,11
128,1.3536214377884983,1.3475855666544865,2.382719433321922,1.5470871467429053,0.8889103575553272,-0.8044081128374045,-1.1486098479156532,-0.0497616930943247,1.6017937713560355,1.6104783139831562,1.4765320110927944,1.3903690789025143,1.156954223564074,2.111813296974157,1.2044821224065512,-1.1512134283541404,1.1052336214501164,0.7189052397654991,1.5471646589643546,-0.402745000213143,0.5654170619645927,-0.48406333197262186,1.35365444629358,1.3287164670538354,1.4080507547245746,0.044808642976955436,0.8796787036963791,-0.6652566504981302,1.6439007384817494,0.6817111503227541,-0.6938371565748087,-0.6475789643071043,-0.6181100356328353,0.705488044393054,1.055322312983741,-1.174602577427919,1.3025008689594892,1.3160283337766427,-0.9305560976413418,1.0749721806144976,1.1626979945633185,0,12.291666666666675,-0.7916666666666691,Cephalophus_niger,63
129,0.9372018741763676,0.28568720573341566,0.646541430729619,1.6264202380011585,0.37012606738593856,0.6368476534797988,-1.3118931241479892,0.8649358541364757,1.2790536065367126,1.2955977531828293,1.4950003935823248,0.6611471692720722,1.156954223564074,2.317753150683519,1.5398058456201849,-1.1242328334173044,1.0926989752613907,0.7874629308174468,1.2728999311269724,-0.27977654114451456,-1.2510424066401875,-0.5537919500064132,1.1309501832467896,0.8629022214939817,1.2658839495129104,2.1538003758109068,2.3860470852264895,-0.349912456310131,0.31530157305679896,2.3510500968024903,-0.18139216235853062,1.1224809138356135,0.13317844322468222,1.566980344100534,1.2488795731318711,-1.3319014753651046,1.0314444912316607,1.0358545845871177,-0.7277811916431653,0.8574780437278526,1.0309598170788918,0,9.041666666666675,-10.458333333333334,Cephalophus_niger,102
130,0.06826739826376056,0.8983208754955719,-1.272392151082927,1.6316807520777499,1.0298799624156363,-1.0720698899021686,-0.929740760010654,-0.2855206303938639,1.626310770177927,1.6343982569580253,1.3657217161556123,1.4979591967168417,1.156954223564074,1.9352935067483277,1.0112052156104652,-0.8478597145968708,1.2709262652678235,0.9840070496809393,1.5004006270289485,-0.5112465817442858,-0.17767999337372647,-0.6090951660900746,1.3739002883887428,1.421879316165806,1.3198092894207831,-0.33242123188768086,0.3359599387653925,-0.6652566504981302,2.0572427010584007,0.22247533572893113,-0.703326878689925,-0.6846760276214726,-0.6229259874203835,0.9288378998727711,0.8617650528356108,-1.0280723082003695,1.4089873030668505,1.2209693831587682,-0.7132972697861527,1.2262724497530333,1.094389309941764,0,14.458333333333346,-2.708333333333333,Cephalophus_niger,37
131,-0.16645428337378357,0.20400271643179482,0.281030272289134,1.1436411354965965,0.20831388612555723,-0.2690845587078766,-1.3188413423241427,0.5056887909752856,1.4120884689964832,1.4253928535874472,1.2364430387289,1.0675987254595316,1.156954223564074,1.5065746782172313,1.2022991134445333,-1.3216773917696851,0.5817158736364838,0.29318910292911826,1.3386223543875433,-0.3390907390482059,-1.1684760671581522,-0.43490831012173303,1.2254307796908825,0.9974707813223839,1.3296138966767599,0.5691436041787665,0.7994579023131188,-0.5391189728229305,0.22672829536180228,0.5208110109030205,-0.38067632677597213,-0.1017221755385416,1.6213075455770727,-0.06028288868026159,1.3456582032059363,-1.3269017548927735,0.8862357174488955,1.3810686684099254,-1.336105909637695,0.8858468441913281,1.1724563780806836,0,8.791666666666679,-2.8750000000000013,Cephalophus_niger,105
132,0.4870935554671221,0.9800053647971928,-0.44999204459183584,1.3981249355074985,0.52701184252389,-0.20731645158823117,-1.2736778744815687,0.5166600230912298,1.5286446929038353,1.5391106152712515,1.2641456124631956,1.1512799282040087,1.156954223564074,1.651545463257765,1.4404023215623163,-1.124651525827678,0.8707963194668337,0.4386550852124325,1.410664241423169,-0.3810446839069145,-0.34281267233779744,-0.4894699925764592,1.3064141480715337,1.142390768829894,1.3688323257006674,0.7817905606661677,1.361003511995941,-0.4760501339853307,0.6991191097351179,1.1811719997715104,-0.5135324363875998,-0.48329196962918736,2.570050047724066,0.41832394449056065,1.4424368332800015,-1.2928651962926734,1.1088891705824688,1.4010810790663202,-1.198508651996075,0.9614969787605959,1.2456442544609205,0,9.541666666666675,0.7083333333333309,Cephalophus_niger,96
133,1.4958973758737302,0.6532674075907094,-0.44999204459183584,1.4134491891339804,1.107944106945181,-0.45438888006681294,-1.1764027537519848,0.13650362099412203,1.4993046779202606,1.5104851097439491,1.5088516804494725,1.3664601638326637,1.156954223564074,2.2910428104591483,1.4318153014672657,-1.0277934080939954,0.8210495264567615,0.4306922544435489,1.4763866646837398,-0.37381124513817166,-0.095113653891691,-0.5713264958305241,1.2861683059763709,1.2252021902627568,1.3590277184446904,0.4599071539283892,1.2629558658608449,-0.6652566504981302,1.348656479498427,1.1811719997715104,-0.6843474344596925,-0.3243045554247516,-0.6084781320577389,0.6097666777588896,0.9101543678726434,-1.1882556602562078,1.1863338499332772,1.210963177830571,-0.8653784492847851,0.9804095124029129,1.1480604192872712,0,10.791666666666675,4.291666666666667,Cephalophus_niger,81
134,-0.4173297817408661,0.24484496108260523,0.1896524826790128,1.700068232785783,1.1973766141109572,-1.2985529697945681,-0.9575336327152678,-0.4223907016447372,1.6882061442528655,1.6947863097142524,1.3934242898899079,1.5218681117866923,1.156954223564074,1.9778749988227373,1.3705431477872534,-0.973872407090483,1.2403727850113626,1.1867661475874176,1.5332618386592338,-0.3130503594807317,0.5654170619645927,-0.5895822295769108,1.4143919725790683,1.442582171524022,1.3394185039327366,-0.6426527505987525,-0.11862460240641595,-0.6652566504981302,2.5296335154317164,-0.28704177243355855,-0.703326878689925,-0.9284567294016074,-0.6229259874203835,1.0564663887183237,0.9585436829096758,-1.027495417376639,1.3799455483102974,1.2259724858228669,-0.742265113500178,1.4059415193550444,1.1578188028046361,0,15.458333333333346,-0.04166666666666904,Cephalophus_niger,25
135,1.3480922109961933,0.8983208754955719,-0.8155032030323207,1.3720836159183984,0.5664228023865053,-0.4132101215333497,-1.2736778744815687,0.3125356496066035,1.5286446929038353,1.5391106152712515,1.2872310905751083,1.175188843273859,1.156954223564074,1.7299342869275223,1.3035947266536116,-1.2979202382845532,0.7440787358974404,0.5173116726894645,1.408136455913147,-0.41721187775062873,-0.5079453513018684,-0.5153579000563766,1.3064141480715337,1.1630936241881096,1.3786369329566441,0.4977757900151867,1.0401203064628997,-0.6021878116605304,0.9057900910234437,1.023623946589688,-0.5894502133085299,-0.05932553175069207,2.3437003137093013,0.3545097000677844,1.2488795731318711,-1.2763276593457322,1.1088891705824688,1.371062463081728,-1.1550568864250372,0.9804095124029129,1.2066107203914607,0,10.375000000000009,-3.5416666666666687,Cephalophus_niger,86
136,1.512261211576733,1.0616898540988136,-1.0896365718626844,1.6500436914645253,1.1522813283718143,-0.6396932014257493,-1.0409123833559801,-0.0348053614453219,1.4679550728693176,1.4798989531531328,1.4672978198480293,1.2349611309484856,1.156954223564074,2.162137066458804,1.3683599167490441,-0.7743399879224935,1.3892219699958253,0.6680213583237281,1.4220392762182679,-0.402745000213143,0.9782487593747701,-0.4038684754702189,1.259173849849487,1.2148507625836489,1.2805908603968756,0.3055196375745226,1.5303585371383792,-0.6652566504981302,1.9391449974650716,1.2750304144330218,-0.703326878689925,-0.80656637851154,-0.6036621802701908,1.3755376108322053,0.9101543678726434,-1.0957608315180827,1.2928202840406382,1.0708763032358084,-0.5829419730730392,1.0182345796875467,1.0504765841136219,0,13.208333333333346,-8.125000000000002,Cephalophus_niger,52
137,-0.46827222095645343,0.6532674075907094,0.281030272289134,1.204643993574328,0.04574378511107805,-0.02201213022929481,-1.3779012630848826,0.8623774389288984,1.494481661758577,1.5057795471915159,1.2779968993303432,1.079553182994457,1.156954223564074,1.642255025703165,1.2408670856147932,-1.4028140996020126,0.6105064404659774,0.5330429309155685,1.4030808848931031,-0.5372869613117601,-0.5079453513018684,-0.5785275308576668,1.2794196919446499,1.0388764920388154,1.3786369329566441,0.9099613289599437,0.7103236785539406,-0.22377477863493134,-0.15708924131651672,0.648190287943643,-0.020066886401554157,0.26924845760514177,1.5105406544634643,-0.09219001089164974,1.6359940934281316,-1.3799757106759805,0.9152774722054485,1.4661214136996028,-1.4374933626367832,1.0749721806144976,1.2261274874261907,0,7.208333333333344,-0.29166666666666896,Cephalophus_niger,124
138,0.4073265059185308,0.04063373782855314,0.4637858515093765,1.4608759801951094,-0.33548117769541197,0.6368476534797988,-1.496021079757574,1.2207881375411558,1.3039725233720774,1.3199098263704012,1.2872310905751083,0.6970105418768481,1.156954223564074,1.9623907393399471,1.4063458272214964,-1.492743628113998,0.858065926830462,0.7684297797581868,1.2008580440913468,-0.21612227997957742,-0.17767999337372647,-0.5721133236639707,1.1444474113102316,0.7179822339864715,1.3296138966767599,2.009608261480409,2.501921576113421,-0.09763710095973166,-0.009467111824855575,2.029249817963023,0.3879911645484451,0.8310039877941481,2.974589997878114,0.9288378998727711,1.7327727235021968,-1.4913156396559688,0.8668745476111934,1.2409817938151628,-1.147814925496531,0.8858468441913281,1.0992685017004464,0,7.37500000000001,-9.125000000000002,Cephalophus_niger,122
139,0.8784663484751979,0.1631604717809844,0.1896524826790128,1.1351949571596571,-0.24112226440720574,1.1309924950966874,-1.4578058383740828,2.3964341265901603,1.387571470174592,1.401472910612578,1.2641456124631956,0.9241452350404283,1.156954223564074,1.6621909101107888,1.1184680160839813,-1.554275869008295,0.5031782149473797,0.5264397379422799,1.3209278558173896,-0.30292354520449166,-1.0859097276761167,-0.5328712906499785,1.2051849375957198,0.8629022214939817,1.3492231111887136,2.6373537289192437,2.582142377496681,0.8168610621854661,-0.27518694490984563,2.0024331280597343,1.4603297635565826,1.355662454668786,3.123884503292108,-0.12409713310303788,1.8779406686132945,-1.4495872034061286,0.7410269436661302,1.431099695050912,-1.5171549328503526,0.9614969787605959,1.1529396110459535,0,5.87500000000001,-8.625000000000002,Cephalophus_niger,140
140,0.06873009837207071,0.8983208754955719,0.1896524826790128,1.29743907898347,0.3830102695303657,-0.31026325588024095,-1.3118931241479892,0.5178899842051073,1.5917458210191948,1.600675058665587,1.3103165686870213,1.2588700460183362,1.156954223564074,1.6629649901829702,1.3305196882581873,-1.2752529453445505,0.7556340521488594,0.4501136194331118,1.4801783429487727,-0.5372869613117601,-0.26024633285576193,-0.47987047778756764,1.346905832261859,1.204499334904541,1.4129530583525631,0.6084687262689024,0.9064189708241326,-0.6021878116605304,0.4333992766501279,0.678359064084843,-0.5514913248480648,-0.23421168737557138,1.8476572795918376,0.003531355742514714,1.3940475182429688,-1.3130563751232414,1.099208585663618,1.4861338243559974,-1.3288639487091887,1.0466033801510222,1.2846777885303802,0,8.708333333333345,-1.2083333333333333,Cephalophus_niger,106
141,-1.2517582719865727,0.5307406736382781,0.1896524826790128,1.4654175560183793,0.7320242933005519,-0.43379947011953185,-1.2111438777644696,0.2007567775717448,1.4968931698394188,1.5081323284677324,1.4626807242256468,1.2230066734135603,1.156954223564074,2.1799438614958233,1.3644305006174118,-1.2764860575070087,0.879218198308225,0.6212157975757189,1.4384698820334105,-0.23926928403955455,-0.012547314409655536,-0.49893799764801866,1.2794196919446499,1.1734450518672175,1.354125414816702,0.5239925380752772,1.4857914252587903,-0.6337222310793303,1.2600832018034305,1.2649741557192884,-0.6368988238841111,-0.3508024577921576,-0.5458707588196124,0.705488044393054,1.055322312983741,-1.2286380179173435,1.1088891705824688,1.2159662804946696,-0.9305560976413418,1.0087783128663883,1.1285436522525414,0,10.958333333333345,-6.375000000000001,Cephalophus_niger,79
142,1.100303267335684,1.0208476094480032,-1.272392151082927,1.7581468768251092,1.1913132560781745,-1.2985529697945681,-0.9054219466965403,-0.4319351931320486,1.7042828647918105,1.7104715182223633,1.425743959246586,1.5338225693216176,1.156954223564074,2.0074885084898946,1.4441862777885446,-0.6968683090054529,1.4746143405469994,1.0987873878924188,1.5433729806993217,-0.5054598307292916,-0.012547314409655536,-0.4999859568423778,1.4278892006425101,1.515042165277777,1.3345162003047484,-0.6310008625720456,-0.14536486953416938,-0.6652566504981302,2.500109089533384,-0.2300563063890696,-0.703326878689925,-0.970853373189457,-0.6229259874203835,1.1840948775638762,0.8133757377985782,-0.9798057759482502,1.5348349070119138,1.2009569725023737,-0.5901839340015456,1.396485252533886,1.167577186322001,0,15.708333333333346,-11.625000000000002,Cephalophus_niger,22
143,-1.1642063326176644,0.9391631201463824,-1.272392151082927,1.7396367595101918,1.203060650870661,-1.2985529697945681,-0.8428879499794414,-0.4338047392801032,1.7215653393711765,1.7273331173685824,1.3518704292884647,1.6175037720660945,1.156954223564074,1.8516786827438707,1.3065054792950328,-0.6552217171093975,1.4377936866209446,1.310286040774898,1.520622911109124,-0.5083532062367887,-0.095113653891691,-0.5887099223837513,1.441386428705952,1.5460964483151005,1.3247115930487714,-0.6426527505987525,-0.13645144715825158,-0.6652566504981302,2.5296335154317164,-0.28368968619564744,-0.703326878689925,-0.9231571489281263,-0.6229259874203835,1.0564663887183237,0.8133757377985782,-0.9369235580509491,1.5348349070119138,1.2259724858228669,-0.6263937386440771,1.4248540529973615,1.1626979945633185,0,15.958333333333346,-1.541666666666669,Cephalophus_niger,19
144,0.8922909955360117,0.36737169503503647,0.1896524826790128,1.7514321331387483,0.8726154442382539,-1.133838058382913,-0.9922747567277529,-0.3147936898899752,1.6697179156330786,1.676748319929925,1.4672978198480293,1.4381869090422152,1.156954223564074,2.1195552790467094,1.5232143112802743,-0.6881845724019423,1.457575135266109,0.9504081712260188,1.5686508357995412,-0.3651311186156802,0.4002843830005218,-0.5817133520480539,1.4008947445156263,1.4529335992031298,1.3688323257006674,-0.37320283998115505,0.3092196716376391,-0.6652566504981302,2.352486960041723,0.22247533572893113,-0.6938371565748087,-0.8754609246667955,-0.6132940838452872,1.2160019997752645,0.9101543678726434,-1.079800185394872,1.5057931522553607,1.2259724858228669,-0.648119621429596,1.2735537838588258,1.1968523368740958,0,15.208333333333346,-12.625000000000002,Cephalophus_niger,28
145,0.4617790929677357,0.48989842898746777,0.281030272289134,1.4202782051141425,0.8373729707439707,-0.5779250329450049,-1.23198853229293,0.1768955770050421,1.5857170508170904,1.5947931054750453,1.291848186197491,1.2469155884834109,1.156954223564074,1.7101918487035226,1.3357591318432218,-1.1558133736165375,0.872754979341447,0.4975017974230871,1.4536365950935424,-0.2913500431745031,-0.095113653891691,-0.48287300419116647,1.346905832261859,1.2562564733000803,1.3933438438406094,0.31571503959789116,1.0846874183424888,-0.6337222310793303,1.2305587759050982,0.9331176181660878,-0.6368988238841111,-0.32960413589823284,2.2136696154455002,0.3864168222791725,1.2004902580948387,-1.239598943568223,1.21537560468983,1.3960779764022215,-1.1116051208539994,1.0087783128663883,1.240765062702238,0,10.958333333333345,-0.6250000000000012,Cephalophus_niger,79
146,0.1544396973196789,0.28568720573341566,0.646541430729619,1.5605978013470005,0.3011569599055678,0.8839200666181058,-1.3813753721729594,1.2467156637706684,1.340145144584704,1.3552015455136508,1.4719149154704119,0.5774659665275953,1.156954223564074,1.9637457486383705,1.4564115721282278,-1.2378506202084343,0.9879169478098828,0.8406772812270816,1.3158722847973456,-0.27977654114451456,-1.2510424066401875,-0.5008890234961281,1.1714418674371152,0.8939565045313052,1.3198092894207831,2.5426821387022502,2.698016868383613,-0.2868436174725312,0.1676794435651378,2.639329513262846,0.046361168404259676,1.5093502883997405,4.650541219944884,1.1521877553524882,1.3940475182429688,-1.3632458767877957,1.0120833213939588,1.165935253853683,-0.9305560976413418,0.9142156446548035,1.0846309264243992,0,8.625000000000009,-10.375000000000002,Cephalophus_niger,107
147,-0.1572310927685778,0.6532674075907094,0.37240806189925524,1.5820159790252832,1.1068072995932403,-1.113248587074533,-0.8776290739919265,-0.3337842924910789,1.5017161860011023,1.5128378910201656,1.3103165686870213,1.2469155884834109,1.156954223564074,1.8764533797812613,1.4069281109954954,-0.31277949605563904,1.4736350106096927,0.8744705629936652,1.3765391370378726,-0.2595229125920345,-0.012547314409655536,-0.620346310384413,1.2861683059763709,1.3080136116956198,1.226665520489003,-0.38485472800786197,0.3894404730208994,-0.6652566504981302,2.2639136823467263,0.13867317978115323,-0.6938371565748087,-0.7005747690419162,-0.6181100356328353,1.0564663887183237,0.6682077926874805,-0.9759598371233802,1.4089873030668505,1.1008949192204003,-0.5394902075020014,1.178991115647241,1.0651141593896691,0,14.541666666666675,-4.708333333333333,Cephalophus_niger,36
148,-1.3402845611353524,0.9391631201463824,-0.6327476238120783,1.2613994322569866,-0.10507877655250272,-0.31026325588024095,-1.3431601225065386,0.5134129077335847,1.4936778257316299,1.5049952867661103,1.2733798037079607,1.1034620980643075,1.156954223564074,1.6687716244062272,1.1595103611794502,-1.3977552730590825,0.6692626505099171,0.455940088199283,1.3929697428530154,-0.3955115614444002,-0.4253790118198329,-0.47271957943388515,1.2794196919446499,1.059579347397031,1.3737346293286556,0.5647741461687514,0.8440250141927078,-0.41298129514773085,0.19720386946347004,0.5878527356612429,-0.2573099392794607,-0.043426790330248495,1.7176265813280365,0.06734560016529101,1.5392154633540664,-1.3505542786657245,0.9539998118808526,1.4260965923868134,-1.3505898314947076,0.9709532455817544,1.1919731451154134,0,8.625000000000009,-4.375000000000001,Cephalophus_niger,107
149,0.4641970104659996,-0.08189299612387813,1.9258304852713162,0.8559439836069425,-1.8573491330673626,1.5633691835731067,-1.4439094020217758,3.870616391307237,1.3232645880188116,1.3387320765801343,1.2087404649946045,0.9002363199705777,1.156954223564074,1.3650876965080407,0.9142756203254226,-1.542517753853028,0.2227153944060672,0.4363246162445687,1.2830110731670603,-0.21901565548707458,-1.5813077645683296,-0.48550172134021063,1.1579446393736734,0.8007936554193344,1.3149069857927946,3.757391465486446,3.1436879871795034,3.30808019627066,-0.5999556297915002,2.662794116928224,4.070003345213555,2.240692393740145,3.3406023337317765,-0.6984253329080246,1.684383408465164,-1.4390108716377359,0.5958181698833649,1.4411059003791094,-1.6402682686349597,0.9520407119394375,1.1285436522525414,0,5.12500000000001,-8.291666666666668,Cephalophus_niger,149
150,-0.5666157449730004,0.4082139396858469,0.0068969034587703275,1.2911493165503207,0.672150222869355,-0.22790580017441334,-1.3327378118081674,0.44182915589173916,1.4426342380204789,1.4551947497528581,1.2641456124631956,1.0436898103896812,1.156954223564074,1.6817396068134798,1.2926792376911391,-1.3509407705439493,0.7311522979638845,0.4689523671807087,1.3184000703073677,-0.3058169207119888,-0.26024633285576193,-0.4955565553862464,1.2456766217860453,1.0388764920388154,1.354125414816702,0.6973143724725426,1.548185381890215,-0.5391189728229305,0.9057900910234437,1.2917908456225773,-0.5040427142724835,-0.5150894524700745,2.7289764567131565,0.2906954556450081,1.2488795731318711,-1.3069028730034493,0.9733609817185547,1.3060221284484455,-1.1622988473535436,0.9331281782971205,1.1578188028046361,0,10.041666666666675,-5.458333333333332,Cephalophus_niger,90
151,0.3375306832060247,0.12231822713017397,0.4637858515093765,1.1915254145891039,0.09841797927437544,0.49272207531405093,-1.4334870581916868,1.049233185400197,1.2738286723615555,1.2905000604176933,1.2087404649946045,0.7089649994117734,1.156954223564074,1.6261901323318173,1.1389891886317156,-1.4065824713262813,0.5676143593179752,0.41321314449154706,1.1705246179710833,-0.207442153457086,-1.0033433881940812,-0.4686153668875088,1.1242015692150689,0.7800908000611187,1.2903954676528524,1.542076254408794,1.8512417426714205,-0.22377477863493134,0.1676794435651378,1.740970401502667,0.15074811167053856,0.5183287398587578,3.374313996244614,0.2587883334336199,1.3940475182429688,-1.4124738937461325,0.7410269436661302,1.2359786911510642,-1.2347184566386067,0.8101967096220603,1.0651141593896691,0,7.37500000000001,-7.791666666666668,Cephalophus_niger,122
152,-0.6596464473275804,0.7349518968923303,0.09827469306889156,1.5344583631391393,0.9836481584413763,-0.6396932014257493,-1.1242910677332572,0.038697164266772215,1.5145775624322584,1.5253860578266545,1.4442123417361163,1.2588700460183362,1.156954223564074,2.235880523682419,1.2977732213707696,-1.2413838100252705,1.0202330426437727,0.7000667883644139,1.4523727023385313,-0.3651311186156802,-0.26024633285576193,-0.47336200386500055,1.2929169200080917,1.2252021902627568,1.3394185039327366,0.27202045949774023,1.075773995966571,-0.6652566504981302,1.4962786089900881,1.0035114291622214,-0.6653679902294599,-0.5203890329435557,-0.6036621802701908,0.8650236554499948,1.055322312983741,-1.1703720447205619,1.166972680095575,1.1909507671741764,-0.8508945274277725,1.0466033801510222,1.094389309941764,0,12.041666666666675,-4.375000000000001,Cephalophus_niger,66
153,0.8724659944809766,0.7349518968923303,-0.7241254134221995,1.6890406572918415,1.0768701198192299,-1.2367848013138238,-0.8672067632935551,-0.39277323577044043,1.6383683105821356,1.6461621633391086,1.3241678555541692,1.4620958241120658,1.156954223564074,1.8162585388534565,1.300392832125191,-0.5946530288825858,1.4377936866209446,1.1904562543508763,1.467539415398663,-0.46061251036308587,-0.012547314409655536,-0.5921974783034795,1.3806489024204638,1.4529335992031298,1.2854931640248641,-0.5479811603817588,0.0061633108564334285,-0.6652566504981302,2.4115358118383874,-0.11608537430009164,-0.703326878689925,-0.8807605051402767,-0.6229259874203835,1.0564663887183237,0.8133757377985782,-0.9573070338227604,1.4767513974988076,1.195953869838275,-0.6263937386440771,1.339747651606935,1.1236644604938588,0,15.625000000000009,-2.7916666666666687,Cephalophus_niger,23
154,-0.27497431295972685,0.6532674075907094,0.281030272289134,1.6838288036684572,1.103775620576849,-1.133838058382913,-0.9818524460293815,-0.314055724482279,1.6592680472827643,1.6665529343996528,1.4626807242256468,1.5218681117866923,1.156954223564074,2.072909349752399,1.4897403227896449,-0.7774028839399187,1.3318365827844842,0.9020488657172631,1.5635952647794973,-0.5372869613117601,-0.5905116907839039,-0.3989777187905969,1.3941461304839056,1.4529335992031298,1.3639300220726789,-0.38485472800786197,0.2913928268858034,-0.6652566504981302,2.2639136823467263,0.1923065595877311,-0.703326878689925,-0.8171655394585025,-0.6229259874203835,1.088373510929712,0.9101543678726434,-1.0703776352739403,1.4573902276611057,1.2259724858228669,-0.6843294260721275,1.2451849833953503,1.1968523368740958,0,15.291666666666675,-10.708333333333334,Cephalophus_niger,27
155,0.39711023500118076,0.8574786308447615,1.7430749060510737,1.6002317404839168,0.8828469995225446,-0.7632294156650402,-1.0270158807402379,-0.10048527741929471,1.524625512769099,1.5351893131442238,1.4349781504913512,1.3545057062977384,1.156954223564074,2.2511710416439,1.3092707720310497,-0.986657088821151,1.2352806877267215,0.7204589845262456,1.4473171313184874,-0.2870099799132574,0.4828507224825573,-0.5699701349520991,1.2996655340398127,1.2666079009791882,1.3100046821648061,0.10743754112050509,1.0401203064628997,-0.6652566504981302,1.7029495902784137,0.8258508585529322,-0.6843474344596925,-0.7376718323562845,-0.6132940838452872,1.088373510929712,0.8617650528356108,-1.094030159046891,1.2831396991217872,1.1159042272126964,-0.6553615823581023,1.0844284474356563,1.0651141593896691,0,13.041666666666675,-5.458333333333332,Cephalophus_niger,54
156,-0.7725955071335505,0.6941096522415199,0.4637858515093765,1.183781621974272,0.4027158940200854,-0.20731645158823117,-1.3118931241479892,0.5611353839378588,1.390786814282381,1.4046099523142002,1.1948891781274567,0.9600086076452042,1.156954223564074,1.4965098652527649,1.2530923799544764,-1.2236892946361666,0.6579030807061441,0.2830899101575223,1.3082889282672798,-0.3318573002794631,-0.095113653891691,-0.39897883402587,1.2051849375957198,0.9664164982850603,1.3100046821648061,0.6594457363857451,0.8172847470649545,-0.4445157145665308,0.2562527212601345,0.561036045757954,-0.39016604889108836,-0.11232133648550398,1.679098967027651,0.06734560016529101,1.4424368332800015,-1.3292093181876956,0.8862357174488955,1.3760655657458267,-1.3288639487091887,0.8480217769066942,1.177335569839366,0,8.375000000000009,3.5416666666666665,Cephalophus_niger,110
157,0.4144422647555226,0.8166363861939511,-0.3586142549817146,0.9067197705316014,0.8934575869630903,1.3780649235752693,-1.2771520001355041,2.3795098496518663,1.3481835048541766,1.3630441497677062,1.1394840306588658,1.079553182994457,1.156954223564074,1.2636662251354072,0.9561911690056987,-1.0618574664350948,0.514929576495983,0.04945091304080189,1.298177786227192,-0.33330398803321165,-0.6730780302659393,1.3333381072888033,1.1781904814688362,0.9664164982850603,1.2854931640248641,3.0451698098539857,5.550312028677314,-0.5706533922417305,1.2896076277017625,5.046127432083027,-0.5135324363875998,-0.7111739299888786,8.122842458767128,-0.5388897218510839,1.1037116280207735,-1.2819042706417938,0.8571939626923424,1.4110872843945175,-1.4012835579942517,0.8007404428009018,1.1383020357699063,0,9.625000000000009,-12.958333333333336,Cephalophus_niger,95
158,1.2198658180323885,0.6532674075907094,0.1896524826790128,1.4810032598668044,0.7172452194916741,-0.4132101215333497,-1.183350971928138,0.19455780058331482,1.4651416467750022,1.4771540416642133,1.4442123417361163,1.1871433008087844,1.156954223564074,2.1625239588260525,1.3511863207113257,-1.2972147625777095,0.8941029972668559,0.6532612276164046,1.410664241423169,-0.36802449412317734,-0.17767999337372647,-0.22016842783622745,1.259173849849487,1.1527421965090017,1.3247115930487714,0.558948202155398,1.548185381890215,-0.6337222310793303,1.2896076277017625,1.3219596217637775,-0.6463885459992275,-0.29780665305734566,-0.560318614182257,0.8331165332386067,1.055322312983741,-1.2072930574393146,1.099208585663618,1.1759414591818802,-0.8798623711417978,0.9898657792240714,1.0992685017004464,0,11.291666666666675,-5.541666666666668,Cephalophus_niger,75
159,-0.7301192685053332,-0.0410507514730677,0.281030272289134,1.2473329715746648,0.6001494363725929,-0.3514420144137042,-1.2806261257894398,0.41850914121797733,1.5077449562032068,1.5187198442107073,1.2641456124631956,1.1990977583437097,1.156954223564074,1.587673077477308,1.1963319261800955,-1.264578809436341,0.7103918182309519,0.3745645214775727,1.408136455913147,-0.237822596285806,0.4828507224825573,-0.06108786408328654,1.2861683059763709,1.132039341150786,1.3639300220726789,0.5210795660686005,0.8261981694408722,-0.6337222310793303,0.6695946838367858,0.8258508585529322,-0.5989399354236461,-0.4090978430004507,2.059559158243958,0.06734560016529101,1.3456582032059363,-1.2865193972316378,1.0314444912316607,1.4160903870586161,-1.2781702222096445,0.9520407119394375,1.2017315286327783,0,9.625000000000009,-1.6250000000000009,Cephalophus_niger,95
160,1.0591242744294562,0.9800053647971928,-0.44999204459183584,1.3379877947550562,0.4099157702879848,-0.12495899588240354,-1.3153672498019249,0.5793880398989835,1.470768498963633,1.4826438646420521,1.2456772299736651,1.0675987254595316,1.156954223564074,1.6209641319971175,1.4054726236366892,-1.188627166009135,0.769344073572076,0.4079692929673418,1.352525174692664,-0.3810446839069145,-0.34281267233779744,0.5788577316340842,1.265922463881208,1.059579347397031,1.3590277184446904,0.8575278328397626,1.1292545302220778,-0.5075845534041307,0.5514969802434568,1.224749120864355,-0.44710438158178595,-0.3137053944777892,2.6326574209621927,0.3545097000677844,1.3940475182429688,-1.3378626805436533,1.0217639063128097,1.3660593604176294,-1.2129925738530878,0.942584445118279,1.2163691039088258,0,8.958333333333346,0.8749999999999988,Cephalophus_niger,103
161,1.0336338963510425,0.6532674075907094,0.281030272289134,1.5554190527860436,1.1966185497984474,-0.6808718985981136,-1.0582829453622227,-0.013551634898935691,1.5853151328036168,1.5944009752623425,1.458063628603264,1.4381869090422152,1.156954223564074,2.1307813597882905,1.4826087900534004,-0.8330846335615038,1.1152220695717523,0.64335614180996,1.531997945904223,-0.3304106125257145,-0.5905116907839039,-0.538399521681346,1.346905832261859,1.3390678947329433,1.3639300220726789,0.2079350753508522,1.4144840462514479,-0.6652566504981302,2.027718275160068,1.137594878678666,-0.703326878689925,-0.3455028773186764,-0.6229259874203835,0.8331165332386067,0.9101543678726434,-1.1292204992944523,1.3412232086348934,1.2459848964792615,-0.8002008009282284,1.1222535147202901,1.1968523368740958,0,13.791666666666675,-10.125000000000002,Cephalophus_niger,45
162,-0.46899471255983927,0.8983208754955719,0.1896524826790128,1.5621172439411908,0.8737522515901945,-0.8044081128374045,-1.09302403624299,-0.06491478549036564,1.633545294420452,1.6414566007866753,1.4672978198480293,1.4740502816469911,1.156954223564074,2.1334910830474523,1.2538201236338797,-1.130668233786381,1.099945478868291,0.7090004503055662,1.5673869430445302,-0.3304106125257145,-0.34281267233779744,-0.5111032872723849,1.3806489024204638,1.4011764608075905,1.4031484510965864,0.04917810098697053,0.8618518589445435,-0.6652566504981302,1.732474016176746,0.7051757539881319,-0.703326878689925,-0.6952751885684351,-0.6181100356328353,0.705488044393054,0.9585436829096758,-1.1296050931769392,1.3509037935537445,1.3060221284484455,-0.8798623711417978,1.1127972478991315,1.1724563780806836,0,12.041666666666675,2.7083333333333313,Cephalophus_niger,66
163,1.5390227640562926,0.08147598247936355,0.281030272289134,1.3047417366700502,1.002595718618586,0.10152408400999609,-1.1798768462742026,0.48758372434215674,1.2328330349872454,1.2505027787220104,1.3287849511765517,0.8165551172261009,1.156954223564074,1.8888407282999566,1.1602381048588533,-1.1423747475526103,0.8735382639815693,0.5109025866813274,1.2349831484766431,-0.2638629758532803,-0.5905116907839039,-0.143817229702456,1.097207113088185,0.8836050768521974,1.202154002349061,1.1298907154640367,2.2166920600840507,-0.6021878116605304,1.201034350006766,2.089587370245423,-0.6179193796538787,-0.21301336548164662,-0.46399957843129325,0.7693022888158303,1.0069329979467085,-1.206331572733097,0.8959163023677466,1.0708763032358084,-0.8798623711417978,0.8101967096220603,0.9577719406986549,0,11.041666666666675,-11.375000000000002,Cephalophus_niger,78
164,0.22526573222553128,0.5307406736382781,-0.08448088615135091,1.657689365460596,1.103775620576849,-0.9279443270766954,-1.186825064450356,-0.17019946434536842,1.5206063326343628,1.5312680110171961,1.458063628603264,0.9839175227150547,1.156954223564074,2.2453644074206434,1.5897261306215125,-0.6382383486788493,1.3247861244747683,0.722595346528958,1.4397337747884216,-0.40419168796689164,-0.7556443697479748,-0.49592073839949663,1.2996655340398127,1.1734450518672175,1.3394185039327366,-0.10229644336021934,0.7816310575612831,-0.6652566504981302,2.1753404046517297,0.6850632365606653,-0.703326878689925,-0.748270993303247,-0.6229259874203835,1.2798162441980407,1.1521009430578062,-1.2247920790924733,1.2928202840406382,1.1909507671741764,-0.7567490353571905,1.1317097815414485,1.1578188028046361,0,13.791666666666675,-15.291666666666668,Cephalophus_niger,45
165,1.7057712453203258,0.6941096522415199,-0.906880992642442,1.65679114135714,1.3360726042673847,-0.8661762813181489,-1.138187504085564,-0.14131996387876783,1.5262331848229935,1.5367578339950347,1.4672978198480293,1.079553182994457,1.156954223564074,2.0818125996020664,1.584632146941882,-0.6338563615223877,1.3185186519556362,0.7144384087949229,1.4574282733585753,-0.5199267082667772,-0.4253790118198329,-0.5403439832937691,1.2996655340398127,1.204499334904541,1.3394185039327366,-0.02364619917994768,0.8618518589445435,-0.6652566504981302,2.116291552855065,0.7822737374600877,-0.703326878689925,-0.6581781252540667,-0.6084781320577389,1.2479091219866525,1.055322312983741,-1.1944091623759998,1.3121814538783403,1.1809445618459788,-0.7277811916431653,1.1127972478991315,1.1724563780806836,0,13.958333333333346,-14.708333333333336,Cephalophus_niger,43
166,-1.543020418950903,0.9800053647971928,-0.5413698342019571,1.4200983209797469,1.0651224359099194,-0.3720313629998864,-1.2007215339343806,0.23480209219537035,1.4844337114217363,1.4959762918739465,1.481149106715177,1.3186423336929625,1.156954223564074,2.2060732724939527,1.352204984201537,-1.126194456370722,0.8414182144448638,0.47633258070762635,1.467539415398663,-0.39406487369065163,-0.5905116907839039,-0.3958522817205873,1.2726710779129289,1.204499334904541,1.3590277184446904,0.5939038662355187,1.735367251784489,-0.6652566504981302,1.4077053312950916,1.4024096914736441,-0.6748577123445763,-0.25541000926949614,-0.5988462284826426,0.6097666777588896,1.0069329979467085,-1.1882556602562078,1.1766532650144261,1.2509879991433601,-0.9305560976413418,0.9520407119394375,1.1431812275285886,0,10.875000000000009,3.624999999999999,Cephalophus_niger,80
167,-0.8980132419697773,0.8983208754955719,0.1896524826790128,1.3482802783206362,0.6641922822889458,-0.31026325588024095,-1.2875743439655933,0.34166111977471897,1.4956874157989979,1.506955937829624,1.2502943255960477,1.211052215878635,1.156954223564074,1.5814794032179604,1.4246839908072129,-1.0399759569268017,0.8907735145596439,0.36834969060784284,1.3449418181625983,-0.3304106125257145,-0.34281267233779744,-0.31590834337185925,1.2794196919446499,1.1216879134716782,1.3688323257006674,0.6186641282922709,1.0579471512147354,-0.6021878116605304,0.7581679615317825,0.9699905667831101,-0.5989399354236461,-0.557486096257924,2.26664508510853,0.3545097000677844,1.1037116280207735,-1.2890192574678034,1.089528000744767,1.3160283337766427,-1.0898792380684805,0.9614969787605959,1.2017315286327783,0,9.458333333333343,4.458333333333331,Cephalophus_niger,97
168,1.587039290037173,0.8983208754955719,0.1896524826790128,1.2754493404080947,0.25492486681448395,-0.2690845587078766,-1.3153672498019249,0.5475566402661637,1.573257592399408,1.5826370688812592,1.3010823774422562,1.2349611309484856,1.156954223564074,1.6639328117764605,1.2996650884457879,-1.3036444916950736,0.7266477388717199,0.45108474695189227,1.4662755226436521,-0.31883711049572594,-0.26024633285576193,-0.5532725585262781,1.3334086041984172,1.1837964795463254,1.4080507547245746,0.6303160163189778,0.8618518589445435,-0.5706533922417305,0.3448259989551312,0.5878527356612429,-0.523022158502716,-0.14411881932639112,1.7176265813280365,-0.028375766468873437,1.3940475182429688,-1.3199790650080074,1.0701668309070649,1.4811307216918987,-1.3433478705662012,1.0371471133298638,1.270040213254333,0,8.541666666666679,-1.4583333333333333,Cephalophus_niger,108
169,-0.9609635653707062,0.612425162939899,0.1896524826790128,1.564665735463852,1.1068072995932403,-0.7632294156650402,-1.138187504085564,-0.02786836274604417,1.588530476911406,1.5975380169639646,1.4765320110927944,1.3664601638326637,1.156954223564074,2.1632983342359187,1.2431957765584065,-1.1183595171068366,1.0962242044162487,0.6853063613105786,1.5332618386592338,-0.36368443086193164,-0.26024633285576193,-0.5327348112877454,1.346905832261859,1.3287164670538354,1.388441540212621,0.11180699913052018,0.9153323932000503,-0.6652566504981302,1.6439007384817494,0.7923299961738209,-0.6938371565748087,-0.6157814814662171,-0.6181100356328353,0.8012094110272184,1.055322312983741,-1.1601803068346563,1.2928202840406382,1.2860097177920509,-0.8943462929988103,1.0655159137933392,1.1431812275285886,0,12.041666666666675,1.958333333333331,Cephalophus_niger,66
170,-1.373977595615939,0.9391631201463824,-0.6327476238120783,1.3025853207662599,0.31442019420624984,-0.33085266582752204,-1.3223154679780782,0.435433418156271,1.524625512769099,1.5351893131442238,1.291848186197491,1.175188843273859,1.156954223564074,1.6877396872203607,1.296608875898963,-1.3552826388457047,0.7289978916416252,0.47497294291203135,1.4005530993830813,-0.3955115614444002,-0.4253790118198329,-0.5697617033492219,1.2996655340398127,1.1216879134716782,1.3835392365846326,0.5822519782088118,0.8529384365686257,-0.5706533922417305,0.5514969802434568,0.9331176181660878,-0.46608382581201846,-0.3455028773186764,2.2136696154455002,0.16306696679945545,1.3456582032059363,-1.3176715017130853,1.0217639063128097,1.3910748737381227,-1.2492023784956192,0.9898657792240714,1.2114899121501432,0,9.541666666666675,-4.291666666666667,Cephalophus_niger,96
171,-0.9630197103739269,0.44905618433665734,0.281030272289134,1.2326785968921234,0.5747597751231694,-0.3514420144137042,-1.3014707803179002,0.4293327840059258,1.4980989238798397,1.5093087191058407,1.2641456124631956,1.175188843273859,1.156954223564074,1.5863183635165696,1.2657544981627549,-1.3001916096031032,0.6827763277864111,0.3732051800284894,1.3954975283630373,-0.3159437349882288,-0.012547314409655536,-0.46040802768173256,1.2794196919446499,1.1113364857925703,1.3639300220726789,0.5181665940619238,0.790544479937201,-0.6021878116605304,0.6105458320401213,0.8124425136012877,-0.5609810469631811,-0.4037982625269695,2.040295351093765,0.03543847795390286,1.3456582032059363,-1.3028646372373356,1.0024027364751078,1.4110872843945175,-1.292654144066657,0.9520407119394375,1.2163691039088258,0,9.708333333333343,-2.3750000000000013,Cephalophus_niger,94
172,-1.1548557809766695,0.612425162939899,0.37240806189925524,1.6305208783242637,0.9112683397883593,-0.7838187642512223,-1.013119444387931,-0.11868868689050828,1.5218120866747837,1.5324444016553043,1.4395952461137338,1.342551248762813,1.156954223564074,2.2691715782022284,1.3228060938241353,-0.9282566391502672,1.0993579406758147,0.7515332870481508,1.4447893458084655,-0.28845666766700595,-0.095113653891691,-0.6005456697676912,1.2996655340398127,1.2666079009791882,1.3051023785368177,0.09578565309379818,1.075773995966571,-0.6652566504981302,1.7915228679734105,0.8325550310287544,-0.6748577123445763,-0.22891210690209018,-0.6084781320577389,1.1840948775638762,0.8617650528356108,-1.0869151722208816,1.3121814538783403,1.0958918165563016,-0.6046678558585581,1.0844284474356563,1.0602349676309868,0,13.208333333333346,-5.458333333333332,Cephalophus_niger,52
173,-1.5841922850377332,0.4082139396858469,0.281030272289134,1.389678557742472,0.586128137759401,0.12211343259617825,-1.3396860299843207,0.6571707687292591,1.3481835048541766,1.3630441497677062,1.4118926723794383,0.7687372870863998,1.156954223564074,2.121103734528757,1.3565712242017642,-1.363324053681194,0.7456456040272235,0.6254885215811437,1.3133444992873238,-0.3116036717269831,-0.5079453513018684,-0.5478903059224961,1.1781904814688362,0.914659359889521,1.3149069857927946,1.2333012217010606,1.7977612084159138,-0.5391189728229305,0.6991191097351179,1.8918142822086672,-0.42812493735155344,0.30104594044602895,-0.34841673553013675,0.705488044393054,1.2972688881689038,-1.3434392918397149,0.9152774722054485,1.1909507671741764,-1.0391855115689363,0.8953031110124866,1.094389309941764,0,9.375000000000009,-8.125000000000002,Cephalophus_niger,98
174,0.1271521098564258,0.20400271643179482,0.4637858515093765,1.7676548102967735,0.9442371985787611,-1.1544274069690952,-0.9193184493122826,-0.33919613265277027,1.6656987354983424,1.672827017802897,1.4211268636242034,1.557731484391468,1.156954223564074,2.1245878331977854,1.1752286919345536,-0.9445171680415684,1.3075508738966937,1.0618866166043421,1.5231506966191461,-0.34777086557069736,-0.012547314409655536,-0.5416129938585692,1.4008947445156263,1.4632850268822377,1.3296138966767599,-0.4285493081080129,0.23791229263029656,-0.6652566504981302,2.322962534143391,0.06157519630919755,-0.703326878689925,-0.7058743495153974,-0.6229259874203835,1.2479091219866525,0.9101543678726434,-1.0130731467833762,1.4380290578234036,1.1859476645100777,-0.6408776605010896,1.2830100506799842,1.1090268852178113,0,14.125000000000009,0.3749999999999988,Cephalophus_niger,41
175,0.8197824387223656,0.7349518968923303,0.1896524826790128,1.0581979665115027,-0.20171130454459044,-0.0631908887627581,-1.3813753721729594,0.8845167389786938,1.4671512368423705,1.4791146927277272,1.2410601343512826,1.0675987254595316,1.156954223564074,1.4914774587705317,1.1076982091031042,-1.406507904868581,0.47007883547336754,0.705698853818922,1.3841224935679386,-0.32317717375697164,-0.8382107092300103,-0.5630065667759956,1.259173849849487,0.9974707813223839,1.3639300220726789,0.7657692146294457,0.8261981694408722,-0.349912456310131,-0.009467111824855575,0.7554570475567987,-0.010577164286437894,0.5872232860140133,0.8074116934814287,-0.41126123300553125,1.6359940934281316,-1.382475570912146,0.8281522079357894,1.4861338243559974,-1.5316388547073652,1.141166048362607,1.2163691039088258,0,6.708333333333344,-3.7916666666666674,Cephalophus_niger,130
176,0.40231778382974026,0.08147598247936355,0.281030272289134,1.25323085781703,0.24052468060344911,0.03975597689035064,-1.3570565919905633,0.619632331511039,1.3477815868407028,1.3626520195550034,1.3980413855122904,0.8763274049007272,1.156954223564074,1.6718685353703222,1.2867120504267013,-1.384620584077669,0.6694583969575632,0.45904757772077587,1.3247195340824225,-0.2826699166520117,-0.6730780302659393,-0.4386979578417451,1.1781904814688362,0.9250107875686288,1.3198092894207831,1.0279366952303512,1.5214451147624615,-0.5391189728229305,0.6105458320401213,1.5465493997038222,-0.39016604889108836,-0.26600917021645853,3.0949887925668187,0.3545097000677844,1.2004902580948387,-1.3428624010159844,0.8862357174488955,1.2409817938151628,-1.1333310036395183,0.8669343105490112,1.113906076976494,0,9.208333333333343,-6.958333333333332,Cephalophus_niger,100
177,0.6144441890625801,0.7349518968923303,0.09827469306889156,1.1382172898168237,-0.2805332242698211,-0.33085266582752204,-1.350108357248551,0.6187467955430642,1.4844337114217363,1.4959762918739465,1.2549114212184302,1.0675987254595316,1.156954223564074,1.5807051754769366,1.0589422695735833,-1.4666176417994063,0.5204134655254543,0.7493969250454384,1.418247597953235,-0.35211092883194306,-0.34281267233779744,-0.4962842561846893,1.2726710779129289,1.0388764920388154,1.3639300220726789,0.49049335999849486,0.22899887025437876,-0.4760501339853307,-0.03899153772318781,0.28616497424924237,-0.29526882773992574,0.21625265287032988,1.2552952097234102,-0.2517256219485905,1.684383408465164,-1.35305413890189,0.9055968872865975,1.506146235012392,-1.5026710109933399,1.1317097815414485,1.2163691039088258,0,7.208333333333344,1.6249999999999991,Cephalophus_niger,124
178,-0.14766357638556013,1.102532098749624,-1.272392151082927,1.5637018995198013,1.017753535466895,-1.0720698899021686,-0.9193184493122826,-0.28709497911820975,1.5286446929038353,1.5391106152712515,1.3056994730646387,1.3545057062977384,1.156954223564074,1.826710539522856,0.9237358440052804,-0.7629031036666902,1.2513408619198436,0.9434164679759157,1.416983705198224,-0.5011197674680459,0.07001902507237993,0.004876189241371293,1.3064141480715337,1.3183650393747275,1.2658839495129104,-0.33242123188768086,0.34487336114131034,-0.6652566504981302,2.0572427010584007,0.22917950820475338,-0.703326878689925,-0.6952751885684351,-0.6229259874203835,0.9288378998727711,0.8133757377985782,-1.0199958366681423,1.3315426237160424,1.1709383565177816,-0.6988133479291401,1.160078582004924,1.0455973923549393,0,14.708333333333346,-3.0416666666666687,Cephalophus_niger,34
179,1.213143367454794,0.04063373782855314,0.09827469306889156,1.521731859772786,0.8873945180471315,-0.5161569871864584,-1.1451357222617176,0.12213768419253682,1.5218120866747837,1.5324444016553043,1.458063628603264,1.2469155884834109,1.156954223564074,2.1274910026405713,1.3164023047672941,-1.1395585159769486,1.0609707174695155,0.6544264621003365,1.465011629888641,-0.22335571874832028,-0.012547314409655536,-0.5658026083470623,1.2996655340398127,1.2355536179418647,1.3443208075607251,0.43077743386162193,1.4768780028828725,-0.6652566504981302,1.5258030348884204,1.2381574658159995,-0.6938371565748087,-0.5203890329435557,-0.5892143249075462,0.8331165332386067,1.055322312983741,-1.173064201897971,1.1863338499332772,1.210963177830571,-0.8653784492847851,1.0371471133298638,1.1187852687351763,0,11.958333333333346,-7.125000000000001,Cephalophus_niger,67
180,0.26022632009047975,0.20400271643179482,0.1896524826790128,0.8666285427913935,0.2488616533401133,1.04863503939086,-1.4126423870973674,2.480711086135726,1.4353997137779537,1.4481364059242081,1.2179746562393696,1.0915076405293822,1.156954223564074,1.2870860605432168,0.9673977998551708,-1.4750720077781034,0.21351023092455354,0.07295074689738226,1.3676918877527957,-0.2725431023757717,-0.8382107092300103,-0.5275548662756042,1.2389280077543243,0.9457136429268445,1.3492231111887136,2.117388225727448,2.207778637708133,-0.2868436174725312,0.19720386946347004,2.1867978711448455,0.07483033474960846,0.6455186712223063,4.014835583988523,-0.7941466995421891,1.7327727235021968,-1.3940133873867562,0.682943434153024,1.5161524403405893,-1.6837200342059975,0.9236719114759621,1.1968523368740958,0,6.208333333333344,5.458333333333331,Cephalophus_niger,136
181,-1.6990433240286527,1.0616898540988136,-1.0896365718626844,1.6071261688765863,1.084828060399639,-0.5573356843588227,-1.1798768462742026,0.0939961679013496,1.4976970058663661,1.508916588893138,1.4719149154704119,1.1871433008087844,1.156954223564074,2.152846333566519,1.338669884484643,-0.9802733598565655,1.2362600176640282,0.6917154473187158,1.4523727023385313,-0.402745000213143,0.9782487593747701,-0.22376519855059196,1.2861683059763709,1.1941479072254333,1.3590277184446904,0.4118431158182232,1.6818867175289822,-0.6652566504981302,1.8800961456684073,1.4392826400906664,-0.703326878689925,-0.7800684761441341,-0.5940302766950943,1.1202806331411,1.1521009430578062,-1.1963321317884348,1.2347367745275322,1.2059600751664723,-0.8219266837137473,0.9804095124029129,1.1236644604938588,0,12.708333333333346,-8.208333333333334,Cephalophus_niger,58
182,0.5590181410285326,0.44905618433665734,0.5551636411194977,0.8607308559771153,0.2556827865685818,1.5839585321592888,-1.4126423870973674,3.9474150911897152,1.4755915151253165,1.4873494271944854,1.2225917518617522,1.1154165555992328,1.156954223564074,1.2911506454319597,0.869012717211322,-1.3466045734939065,0.2844092954123886,0.07702921576439976,1.3904419573429934,-0.3173904227419774,-1.0033433881940812,-0.5074517917675155,1.265922463881208,0.987119353643276,1.3835392365846326,3.7879776715565514,4.658969791085532,-0.09763710095973166,0.6695946838367858,5.066239949510495,0.17921727801588735,-0.032827629383286115,8.151738169492418,-0.8579609439649654,1.5392154633540664,-1.413050784569863,0.7603881135038323,1.536164850996984,-1.6547521904919724,0.9898657792240714,1.2017315286327783,0,7.458333333333344,-11.875000000000002,Cephalophus_niger,121
183,1.3491363805633247,0.12231822713017397,0.281030272289134,1.4809216937792569,0.9571214007231882,-1.010301844143622,-0.9227925087027828,-0.26451287354899256,1.4378112218587955,1.4504891872004249,1.2779968993303432,1.2469155884834109,1.156954223564074,1.815291012597651,0.981515183346064,-0.8094135290684032,1.1502801089203778,0.8148468302293816,1.3487334964276312,-0.2624162880995317,0.8131160804106992,-0.2631059641259301,1.2389280077543243,1.2252021902627568,1.2217632168610144,-0.2785312497641614,0.4874881191559953,-0.6652566504981302,2.0867671269567327,0.3129816641525313,-0.703326878689925,-0.6369798033601419,-0.6229259874203835,0.896930777661383,0.7649864227615457,-1.0219188060805775,1.2444173594463832,1.1159042272126964,-0.6843294260721275,1.0655159137933392,0.9772887077333848,0,14.375000000000009,-3.5416666666666687,Cephalophus_niger,38
184,0.11763884288849745,-0.08189299612387813,-0.5413698342019571,1.5408625972941767,0.9506792996509746,-0.8455868100097689,-1.0999722544191435,-0.0955162240093079,1.5837074607497224,1.5928324544115313,1.4349781504913512,1.3664601638326637,1.156954223564074,2.0438764739737993,1.1533977140096083,-1.1485118820908855,1.0960284579686028,0.7420167115185208,1.5143034473340693,-0.3810446839069145,-0.095113653891691,-0.5268346101617474,1.3401572182301382,1.3080136116956198,1.3786369329566441,-0.014907283159917496,0.790544479937201,-0.6652566504981302,1.7029495902784137,0.6146694255645317,-0.6938371565748087,-0.7058743495153974,-0.6181100356328353,0.7373951666044422,1.0069329979467085,-1.1565266649510297,1.2831396991217872,1.271000409799755,-0.8798623711417978,1.0844284474356563,1.1383020357699063,0,12.791666666666675,-1.541666666666669,Cephalophus_niger,57
185,0.8922909955360117,1.0208476094480032,-1.272392151082927,1.7785842671719538,0.8862577106951909,-1.133838058382913,-1.1486098479156532,-0.30623317104730924,1.5708460843185663,1.5802842876050427,1.4442123417361163,0.9480541501102789,1.156954223564074,2.096909671379924,1.8495148567588366,-0.6163338741018937,1.5639237319978616,0.997601945904331,1.4662755226436521,-0.504013142975543,-0.5905116907839039,-0.6192711462361846,1.3334086041984172,1.2252021902627568,1.3345162003047484,-0.3790287839945085,0.25573913738213216,-0.6652566504981302,2.352486960041723,0.21912324949102002,-0.703326878689925,-0.9602542122424946,-0.6084781320577389,1.5031660996777578,1.2004902580948387,-1.1846020183725812,1.3799455483102974,1.2059600751664723,-0.7132972697861527,1.2451849833953503,1.240765062702238,0,15.041666666666675,-15.125000000000002,Cephalophus_niger,30
186,-0.047973165798750037,-0.3269464640287406,1.46894153722071,1.042056855441025,1.0522382337654923,0.5956689179567476,-1.3014707803179002,0.9563464980574885,1.1440091540095738,1.1638420017146975,1.2733798037079607,0.7448283720165492,1.156954223564074,1.7216113756287275,1.0737873967438796,-1.141950313875071,0.5305979589442746,0.21938785669947702,1.1781079745011491,-0.16693489635212602,-0.26024633285576193,-0.17665903020334484,1.036469586802697,0.7386850893446872,1.2119586096050377,1.5522716564321626,2.635622911752188,-0.5706533922417305,0.9943633687184403,2.5119502362222237,-0.5704707690782973,0.2056534919233675,-0.3580486391052331,0.19497408901084362,1.1037116280207735,-1.31517164147692,0.6926240190718751,1.150925945861387,-1.147814925496531,0.6778089741258416,0.9821678994920673,0,10.625000000000009,-11.958333333333336,Cephalophus_niger,83
187,-1.1569771042819998,0.6941096522415199,0.281030272289134,1.6068647186546434,0.9313527073175099,-0.5573356843588227,-1.152083940437871,0.10501664650720496,1.537888807213729,1.5481296101634152,1.4534465329808814,1.2588700460183362,1.156954223564074,2.118200565085971,1.3091253121256456,-1.070896881541063,1.2090363189643176,0.7701776314840847,1.475122771928729,-0.3506642410781945,-0.5905116907839039,-0.5689489462956764,1.3131627621032544,1.2666079009791882,1.3590277184446904,0.4045606858015314,1.3966572014996121,-0.6652566504981302,1.4962786089900881,1.2146928621506217,-0.703326878689925,-0.5733848376783676,-0.584398373119998,0.9926521442955474,1.1521009430578062,-1.1713335294267795,1.2347367745275322,1.2309755884869655,-0.8581364883562788,1.0466033801510222,1.1285436522525414,0,12.208333333333346,-8.041666666666668,Cephalophus_niger,64
188,-1.1954368452568767,0.44905618433665734,-0.08448088615135091,1.515033668617639,1.0677750827700558,-0.7014612471842958,-1.09302403624299,-0.010747325060712316,1.613047475733297,1.621457959938834,1.4626807242256468,1.4740502816469911,1.156954223564074,2.128846011938995,1.2172897005202337,-1.1440266221408952,1.0431479286989647,0.6513189725788436,1.5496924444743765,-0.3607910553544345,0.4828507224825573,-0.4365466885655266,1.360403060325301,1.3804736054493747,1.3933438438406094,0.16278400924736294,0.9866397722073929,-0.6652566504981302,1.6143763125834172,0.8694279796457767,-0.6938371565748087,-0.5945831595722924,-0.6181100356328353,0.6097666777588896,0.9101543678726434,-1.1324895472955918,1.3315426237160424,1.2910128204561495,-0.8726204102132914,1.0938847142568147,1.1480604192872712,0,11.958333333333346,4.041666666666667,Cephalophus_niger,67
189,-0.3183777952312909,0.6532674075907094,-0.44999204459183584,1.4109822636988667,1.0291221872199503,-0.43379947011953185,-1.2146179702866877,0.17035217487070944,1.506539202162786,1.517543453572599,1.5227029673166204,1.342551248762813,1.156954223564074,1.6223191412955411,1.4610689540154547,-0.9874027533981541,0.8055768904561159,0.4093289307629368,1.4801783429487727,-0.37381124513817166,-0.095113653891691,-0.4795561770958733,1.2861683059763709,1.204499334904541,1.3786369329566441,0.49486281800850995,1.1114276854702423,-0.6652566504981302,1.201034350006766,1.1476511373923994,-0.6843474344596925,-0.23421168737557138,2.521890529848584,0.5778595555475015,0.9101543678726434,-1.213254262617863,1.1766532650144261,1.2309755884869655,-0.9015882539273167,0.9804095124029129,1.167577186322001,0,10.458333333333343,4.374999999999999,Cephalophus_niger,85
190,-0.7828759688029784,1.2250588327020553,0.09827469306889156,1.3722305944184534,0.48040071727655126,-0.33085266582752204,-1.2458850017769547,0.3757065094692133,1.537888807213729,1.5481296101634152,1.2687627080855781,1.211052215878635,1.156954223564074,1.636641837663532,1.391937523919795,-1.1246744908963406,0.877651330178442,0.42370055119344585,1.4207753834632568,-0.3318573002794631,-0.26024633285576193,-0.4342945981075164,1.3131627621032544,1.1941479072254333,1.3737346293286556,0.5968168382421954,1.1114276854702423,-0.6337222310793303,0.8762656651251114,1.1241865337270216,-0.5989399354236461,-0.58398399862533,2.488178867335747,0.3545097000677844,1.2972688881689038,-1.2588286376925735,1.137930925339022,1.3910748737381227,-1.1622988473535436,0.9709532455817544,1.2358858709435556,0,9.958333333333343,0.04166666666666666,Cephalophus_niger,91
191,-1.1909067886685798,0.4082139396858469,0.281030272289134,1.536827369383579,0.4599376067079698,0.03975597689035064,-1.2945225621417467,0.534027068013511,1.3714947496356469,1.3857877021044671,1.448829437358499,0.8763274049007272,1.156954223564074,2.2436225057549715,1.4500077830713867,-1.272723497065359,0.9579513045954366,0.7425993287604867,1.3323028906124885,-0.3116036717269831,-0.5079453513018684,-0.4518506709072271,1.191687709532278,0.9767679259641681,1.3100046821648061,1.223105819677692,1.886895432175092,-0.5706533922417305,0.8172168133284469,1.999081041821823,-0.5040427142724835,0.17915558955596153,-0.37731244625542587,1.088373510929712,1.2488795731318711,-1.3101719210045888,1.0314444912316607,1.1459228431972883,-0.887104332070304,0.9236719114759621,1.0895101181830815,0,9.791666666666675,-8.375000000000002,Cephalophus_niger,93
192,-0.6173043838303727,1.0208476094480032,-1.272392151082927,1.7323177487204846,1.0859648677515799,-1.113248587074533,-1.1972474082804452,-0.28601260733232803,1.5061372841493121,1.517151323359896,1.4349781504913512,0.8165551172261009,1.156954223564074,2.086845153753142,1.8288480022295066,-0.6570398783991267,1.490478469442937,0.9408915956963888,1.413192026933191,-0.504013142975543,-0.5905116907839039,-0.5550383379258714,1.2861683059763709,1.1216879134716782,1.3100046821648061,-0.3498990639277412,0.3894404730208994,-0.6652566504981302,2.3820113859400553,0.28616497424924237,-0.703326878689925,-0.9390558903485698,-0.6181100356328353,1.5031660996777578,1.2488795731318711,-1.2149849350890547,1.2831396991217872,1.1809445618459788,-0.7495070744286843,1.178991115647241,1.2017315286327783,0,14.875000000000009,-15.541666666666668,Cephalophus_niger,32
193,0.710958902093265,0.5715829182890886,2.0172082748814373,1.1705974311484533,0.31176754734611345,-0.2896739072940588,-1.2945225621417467,0.45294805240654795,1.4430361560339526,1.455586879965561,1.2456772299736651,1.127371013134158,1.156954223564074,1.5383172772549933,1.2146698676896206,-1.3256407565312265,0.6095271105286707,0.3250401296581409,1.362636316732752,-0.29424341868200027,0.07001902507237993,-0.5355830047819764,1.2456766217860453,1.049227919717923,1.3443208075607251,0.5414703701153376,0.7548907904335297,-0.6021878116605304,0.31530157305679896,0.564388131995865,-0.47557354792713474,-0.19181504358772186,1.6839149188151992,-0.06028288868026159,1.2488795731318711,-1.3138255628882154,0.9443192269620017,1.386071771074024,-1.2998961049951634,0.9142156446548035,1.1822147615980485,0,8.875000000000009,-2.5416666666666687,Cephalophus_niger,104
194,-1.1284725259960215,0.8983208754955719,0.1896524826790128,1.4394905087230805,0.6566130847479674,-0.3720313629998864,-1.2736778744815687,0.3327562133215847,1.4454476641147944,1.4579396612417774,1.2364430387289,1.1034620980643075,1.156954223564074,1.6844493300726415,1.4035807565616707,-1.1255921834419538,0.9522716691183193,0.47167134642538705,1.3323028906124885,-0.3304106125257145,-0.34281267233779744,-0.49950006644287975,1.2456766217860453,1.059579347397031,1.3345162003047484,0.5778825201987967,1.1827350644775847,-0.6652566504981302,1.1715099241084337,1.281734586908844,-0.6653679902294599,-0.7058743495153974,2.7145286013505117,0.705488044393054,1.4424368332800015,-1.2915191177039689,1.0701668309070649,1.3210314364407414,-1.1116051208539994,0.8953031110124866,1.1822147615980485,0,10.291666666666675,2.4583333333333313,Cephalophus_niger,87
195,-0.5997057814040689,-0.2452619747271198,-1.1810143614728057,1.6750559621251542,1.3205357552628212,-1.3603210155531147,-0.7942503896146494,-0.4745902449366754,1.72638835553286,1.732038679921016,1.2964652818198736,1.7011849748105714,1.156954223564074,1.6312223911452082,1.1469939249527672,-0.3356532645672455,1.3878508483136882,1.4792518569147926,1.5029284125389704,-0.5372869613117601,-0.4253790118198329,-0.5677648550272613,1.441386428705952,1.5667993036733163,1.3051023785368177,-0.7431502848290996,-0.37711385130803254,-0.6652566504981302,2.4115358118383874,-0.47811068799449224,-0.703326878689925,-0.7535705737767281,-0.6181100356328353,0.8331165332386067,0.7165971077245131,-0.8778883970891935,1.5348349070119138,1.2509879991433601,-0.6626035432866085,1.5005041875666292,1.1383020357699063,0,16.708333333333346,-7.041666666666668,Cephalophus_niger,10
196,-1.2398580965913841,1.3067433220036762,0.09827469306889156,1.5707596595156526,1.0313958019238318,-0.7014612471842958,-1.1590321917457422,0.018378182642837543,1.5877266408844586,1.596753756538559,1.490383297959942,1.378414621367589,1.156954223564074,2.186137388086329,1.3274632536351707,-1.1931583560964505,1.0701758809510291,0.7124964501038736,1.535789624169256,-0.35211092883194306,-0.4253790118198329,-0.5131966719248249,1.346905832261859,1.3183650393747275,1.3982461474685979,0.18171832729076165,1.0579471512147354,-0.6337222310793303,1.4962786089900881,0.84931546221831,-0.6558782681143437,-0.5362877743639993,-0.5892143249075462,0.8012094110272184,1.1037116280207735,-1.1828713459013895,1.2637785292840853,1.2910128204561495,-0.9233141367128356,1.0655159137933392,1.167577186322001,0,11.958333333333346,-2.958333333333333,Cephalophus_niger,67
197,-0.25620506872553145,0.8983208754955719,-1.272392151082927,1.5508445713284331,0.8998996880353038,-0.9897124955574398,-0.9749041947215104,-0.22003747516692923,1.576472936507197,1.5857741105828815,1.3657217161556123,1.4381869090422152,1.156954223564074,1.968390819746828,1.0280878918373755,-0.9535623244147025,1.125994101183049,0.8235863852053825,1.4827061284587948,-0.5112465817442858,-0.17767999337372647,-0.5952446434662977,1.3401572182301382,1.359770750091159,1.3149069857927946,-0.21590235162061175,0.54988207578742,-0.6652566504981302,1.9981938492617362,0.38337547514866477,-0.6843474344596925,-0.5521865157844429,-0.6132940838452872,0.8012094110272184,0.8617650528356108,-1.059609006564304,1.3121814538783403,1.210963177830571,-0.7712329572142032,1.1506223151837656,1.0846309264243992,0,13.708333333333346,-3.458333333333333,Cephalophus_niger,46
198,-0.23290836845145665,0.04063373782855314,0.37240806189925524,0.6478413731974846,-0.9584769042810427,0.9662775530044829,-1.4508576201979293,2.4522745413302847,1.3240684240457588,1.3395163370055398,1.1671866043931614,0.9600086076452042,1.156954223564074,1.1370828690204495,0.7793602256060236,-1.5075645692712372,0.014326714737542339,0.27007763117609657,1.2804832876570382,-0.20454877794958887,-1.2510424066401875,-0.5001512562319308,1.1579446393736734,0.8007936554193344,1.3051023785368177,1.6964637707626606,1.8601551650473385,0.8799299010230659,-0.3047113708081779,1.4560430712802221,1.1946175443333273,0.799206504953261,1.2649271132985067,-1.1451250438674587,1.7327727235021968,-1.4261269765744211,0.4893317357760037,1.4861338243559974,-1.7851074872050858,0.9709532455817544,1.1529396110459535,0,4.958333333333344,-7.125000000000001,Cephalophus_niger,151
199,-0.415783410064146,0.28568720573341566,-0.44999204459183584,1.7281189897786184,1.1738815354091605,-0.9691230242490597,-1.1798768462742026,-0.20439236829698978,1.5214101686613102,1.5320522714426015,1.4626807242256468,0.912190777505503,1.156954223564074,2.2010410136805616,1.9042377614766035,-0.628894926474914,1.4532663226215903,0.8437847707485745,1.4397337747884216,-0.4750793879005716,-0.7556443697479748,-0.5227542284322586,1.2996655340398127,1.1630936241881096,1.3296138966767599,-0.16201236949709227,0.7014102561780229,-0.6652566504981302,2.2934381082450583,0.5945569081370651,-0.703326878689925,-0.8224651199319836,-0.6132940838452872,1.4712589774663696,1.2004902580948387,-1.2203692494438727,1.3121814538783403,1.1809445618459788,-0.7277811916431653,1.1506223151837656,1.240765062702238,0,14.291666666666675,-15.291666666666668,Cephalophus_niger,39
200,1.6303548145192235,0.4082139396858469,0.281030272289134,1.3991868900703102,0.6569921169042223,0.10152408400999609,-1.3223154679780782,0.6179104309941317,1.3550161110832282,1.3697103633836534,1.4118926723794383,0.7926462021562503,1.156954223564074,2.133297636863828,1.3641393587304123,-1.3606971438910926,0.7530881529313082,0.6270422663418901,1.3171361775523567,-0.3116036717269831,-0.5079453513018684,-0.5102763207518732,1.184939095500557,0.9250107875686288,1.3100046821648061,1.2056279876376317,1.8690685874232562,-0.5706533922417305,0.7581679615317825,1.9253351445877784,-0.4565941036969022,0.22155223334381108,-0.3724964944678777,0.7373951666044422,1.2488795731318711,-1.3303630998351565,0.9346386420431506,1.1809445618459788,-1.0102176678549113,0.904759377833645,1.094389309941764,0,9.458333333333343,-8.041666666666668,Cephalophus_niger,97
201,-0.5986846546710168,0.8983208754955719,0.281030272289134,0.9865430560274869,0.07757569199112703,0.019166597623618997,-1.3674789192547936,0.8654769649585478,1.3489873408811237,1.3638284101931117,1.190272082505074,0.9241452350404283,1.156954223564074,1.447541105066541,1.0301254408939893,-1.3467594476764728,0.4455970812883926,0.6284019041374851,1.300705571737214,-0.31883711049572594,-0.26024633285576193,-0.23480438424935976,1.1781904814688362,0.8939565045313052,1.3100046821648061,0.8021813647129048,0.6301028771706804,-0.4445157145665308,0.02005731407347666,0.561036045757954,-0.22884077293411192,0.3328434232869161,1.293822824023796,-0.41126123300553125,1.490826148317034,-1.3693993789075878,0.7603881135038323,1.4260965923868134,-1.4954290500648337,1.0182345796875467,1.1529396110459535,0,7.541666666666676,-1.7083333333333333,Cephalophus_niger,120
202,1.6956653166598807,0.5715829182890886,2.0172082748814373,1.181085952523469,0.03589111742463022,-0.12495899588240354,-1.3223154679780782,0.6918065157357366,1.5198024966074155,1.5304837505917905,1.2641456124631956,1.163234385738934,1.156954223564074,1.5936731578841892,1.1999704225009198,-1.3082674020261331,0.6396885001907628,0.8049420407694488,1.4283587399933226,-0.29424341868200027,0.07001902507237993,-0.278514015527586,1.2996655340398127,1.1113364857925703,1.3835392365846326,0.7555738126060771,0.790544479937201,-0.5075845534041307,0.13815501766680557,0.5442756145683983,-0.37118660466085585,0.14735810671507438,1.4720130401630789,-0.1879113775258142,1.3940475182429688,-1.335170523366244,0.9927221515562566,1.4761276190278,-1.3940415970657454,1.1979036492895578,1.240765062702238,0,8.125000000000009,-1.8750000000000009,Cephalophus_niger,113
203,0.35494382373632527,1.0616898540988136,-0.7241254134221995,1.3861498771726335,0.6304656483028582,-0.43379947011953185,-1.2597814381292616,0.28719848068907405,1.537888807213729,1.5481296101634152,1.2826139949527258,1.2708245035532615,1.156954223564074,1.7183210184810083,1.3209140046729255,-1.2237064484222104,0.792258959627268,0.5056587351571221,1.4056086704031252,-0.4201052532581259,-0.5079453513018684,-0.5563818197934456,1.3064141480715337,1.1837964795463254,1.3786369329566441,0.47884147197178795,1.548185381890215,-0.6652566504981302,1.201034350006766,1.053792722730888,-0.6748577123445763,0.020168175351525798,2.387043879797235,0.3864168222791725,1.2488795731318711,-1.2622899826349565,1.1185697555013199,1.3610562577535308,-1.1333310036395183,0.9804095124029129,1.2114899121501432,0,10.791666666666675,-2.0416666666666687,Cephalophus_niger,81
204,-0.26726181055675285,0.9391631201463824,-1.272392151082927,1.708465351813342,0.8862577106951909,-1.133838058382913,-0.8706808226840552,-0.3378677723976565,1.5748652644533025,1.5842055897320704,1.3795730030227602,1.4381869090422152,1.156954223564074,2.0221983925628186,1.1370970994805059,-0.7880138659093061,1.383542334518708,1.0123620766116546,1.4372059892783995,-0.5083532062367887,-0.095113653891691,-0.5751103179136492,1.3401572182301382,1.4115278884866984,1.2756885567688871,-0.3921371580245538,0.3181330940135569,-0.6652566504981302,2.352486960041723,0.1721940421602644,-0.703326878689925,-0.8436634418259084,-0.6229259874203835,1.311723366409429,0.8133757377985782,-0.9753829462996496,1.4283484729045526,1.105898021884499,-0.5322482465734951,1.2168161829318749,1.0309598170788918,0,15.208333333333346,-8.541666666666668,Cephalophus_niger,28
205,0.02477477314264446,1.0616898540988136,-1.0896365718626844,1.508988803875219,1.0484487795534152,-0.20731645158823117,-1.152083940437871,0.29797295205798013,1.4173134031716403,1.4304905463525834,1.425743959246586,1.0436898103896812,1.156954223564074,2.0649736261585376,1.2750690398610172,-0.9799463876899359,1.1735867867204002,0.645881014089487,1.3942336356080263,-0.402745000213143,0.9782487593747701,-0.5396039464279636,1.2254307796908825,1.142390768829894,1.3002000749088294,0.8473324308163941,2.1008175691971194,-0.6652566504981302,1.5553274607867527,1.9253351445877784,-0.6843474344596925,-0.5945831595722924,-0.560318614182257,0.9607450220841592,1.0069329979467085,-1.176910140722841,1.1766532650144261,1.165935253853683,-0.8074427618567347,0.9331281782971205,1.074872542907034,0,11.958333333333346,-10.458333333333334,Cephalophus_niger,67
206,1.1652732622253197,0.612425162939899,0.1896524826790128,1.664371402940703,1.0799015097187972,-1.2367848013138238,-0.8845773252997976,-0.39434758449478624,1.5941573291000366,1.6030278399418034,1.3103165686870213,1.378414621367589,1.156954223564074,1.7858709491141178,1.2931158394835427,-0.5272074228385679,1.4536578155168822,1.1448159280867989,1.4422615602984434,-0.36368443086193164,-0.26024633285576193,-0.6119459984853136,1.346905832261859,1.3908250331284826,1.2707862531408987,-0.5538071043951123,0.01507673323235124,-0.6652566504981302,2.3820113859400553,-0.12278954677591386,-0.703326878689925,-0.8966592465607203,-0.6229259874203835,1.0564663887183237,0.8133757377985782,-0.9782674004183022,1.4477096427422547,1.1859476645100777,-0.6336356995725834,1.2830100506799842,1.1090268852178113,0,15.541666666666675,-3.208333333333333,Cephalophus_niger,24
207,1.2707625665998301,0.8983208754955719,0.1896524826790128,1.4596834002353696,1.012827273902877,-0.4132101215333497,-1.2250403141167767,0.23440857070129406,1.493275907718156,1.5046031565534075,1.2595285168408128,1.2708245035532615,1.156954223564074,1.7094177686313412,1.3925195856176027,-1.117923600894966,0.8623747394749807,0.4967250732159697,1.355052960202686,-0.3304106125257145,-0.34281267233779744,-0.5212942974149216,1.2794196919446499,1.1837964795463254,1.3639300220726789,0.5502092861353678,1.3342632448681875,-0.6652566504981302,1.2600832018034305,1.251565810767644,-0.6843474344596925,-0.12822007790594755,2.671185035262578,0.6735809221816659,1.1037116280207735,-1.2253689699162038,1.1766532650144261,1.2810066151279522,-0.9740078632123796,0.9520407119394375,1.167577186322001,0,10.625000000000009,3.0416666666666665,Cephalophus_niger,83
208,0.5095081760526454,-0.00020850682225728276,0.281030272289134,0.9465497474779533,-0.31653361751820214,0.18388153971582372,-1.3987459341792017,1.1402995543170449,1.4020405186596425,1.4155895982698778,1.213357560616987,0.9839175227150547,1.156954223564074,1.387346264138736,1.0106231539126576,-1.3781737011742614,0.38194452040745785,0.5794599813867634,1.3398862471425543,-0.2768831656370174,-0.5079453513018684,-0.5365357483192059,1.2186821656591615,0.914659359889521,1.3345162003047484,0.9784161711168469,0.8261981694408722,-0.19224035921613142,-0.2161380931131812,0.7420487026051542,0.22666588859146866,0.6508182516957876,1.0963688007343202,-0.570796844062472,1.5876047783910991,-1.3955517629167042,0.7410269436661302,1.4711245163637015,-1.575090620278403,1.0749721806144976,1.177335569839366,0,6.62500000000001,-2.0416666666666687,Cephalophus_niger,131
209,0.38921391661892357,0.4082139396858469,0.281030272289134,1.537595167518194,0.6698763190486495,-0.0631908887627581,-1.2667296563054151,0.44591263579831675,1.401638600646169,1.415197468057175,1.4534465329808814,0.9600086076452042,1.156954223564074,2.2430418718664145,1.4446228795809481,-1.2576329263976938,0.9644145235622146,0.7251202188084849,1.355052960202686,-0.3116036717269831,-0.5079453513018684,-0.43638910777799506,1.2119335516274408,1.0285250643597075,1.3198092894207831,1.0774572193438556,1.886895432175092,-0.6021878116605304,1.0534122205151049,1.9588560069668897,-0.5704707690782973,-0.032827629383286115,-0.4351038677060041,1.0564663887183237,1.2004902580948387,-1.2840195369954723,1.0701668309070649,1.150925945861387,-0.8653784492847851,0.942584445118279,1.0992685017004464,0,10.041666666666675,-8.125000000000002,Cephalophus_niger,90
210,-0.9670193538400552,0.5715829182890886,0.37240806189925524,1.5031238232671946,0.994637488921353,-0.45438888006681294,-1.127765160255475,0.15642900605311164,1.5965688371808784,1.6053806212180202,1.4719149154704119,1.4381869090422152,1.156954223564074,2.0386504736390996,1.5066227769403635,-0.8790675625385087,1.217653944253355,0.5916955361610717,1.5421090879443107,-0.41576518999688017,0.4002843830005218,-0.40939029879014893,1.35365444629358,1.359770750091159,1.388441540212621,0.49486281800850995,1.5749256490179684,-0.6652566504981302,1.8210472938717428,1.5331410547521778,-0.703326878689925,-0.8966592465607203,-0.5940302766950943,0.6416737999702777,0.9101543678726434,-1.1392199402391143,1.3315426237160424,1.2960159231202482,-0.8798623711417978,1.0844284474356563,1.2505234462196029,0,12.958333333333346,-12.458333333333336,Cephalophus_niger,55
211,-0.03547499594087207,0.04063373782855314,0.09827469306889156,1.5000033719912669,0.7339191649650024,-0.3926207729471675,-1.1972474082804452,0.231948648473539,1.4792087772465792,1.4908785991088105,1.4719149154704119,1.1871433008087844,1.156954223564074,2.1578788877175947,1.355552560711553,-1.1839296192049218,0.9949677049691371,0.6344224798688076,1.4435254530534545,-0.22335571874832028,-0.012547314409655536,-0.45423893746173827,1.2726710779129289,1.1734450518672175,1.3443208075607251,0.607012240265564,1.548185381890215,-0.6652566504981302,1.3781809053967593,1.4426347263285777,-0.6843474344596925,-0.334903716371714,-0.5747664695449016,0.8331165332386067,1.1037116280207735,-1.2126773717941326,1.128250340420171,1.210963177830571,-0.9088302148558229,0.9898657792240714,1.1236644604938588,0,11.375000000000009,-7.625000000000001,Cephalophus_niger,74
212,-0.6990116400084317,0.5307406736382781,-0.08448088615135091,1.6546345260252626,1.3190199157546254,-0.8661762813181489,-1.1034463800730792,-0.12680643774918682,1.5728556743859343,1.5822449386685564,1.4719149154704119,1.2469155884834109,1.156954223564074,2.077554420860857,1.5498481309978502,-0.7056381646164485,1.3050046758296039,0.731334901504959,1.5079839835590143,-0.40419168796689164,-0.7556443697479748,-0.6106704053421419,1.3334086041984172,1.297662184016512,1.3590277184446904,-0.006168367139887312,0.8083713246890366,-0.6652566504981302,2.0572427010584007,0.7990341686496432,-0.6938371565748087,-0.6157814814662171,-0.6132940838452872,1.1521877553524882,1.055322312983741,-1.1559497741272993,1.3605843784725955,1.2259724858228669,-0.7567490353571905,1.1317097815414485,1.1968523368740958,0,14.125000000000009,-14.041666666666668,Cephalophus_niger,41
213,-0.05866477746481944,0.8574786308447615,-0.5413698342019571,1.5063748999400504,1.0514801694529825,-0.7220505957704779,-1.1451357222617176,-0.01719230928609153,1.5575827898739365,1.567343990585851,1.4765320110927944,1.3305967912278878,1.156954223564074,2.181298575456562,1.3265900500503636,-1.078433484958694,1.034138511665097,0.6014062186558531,1.5079839835590143,-0.36657780636942877,-0.095113653891691,-0.5778369947855607,1.3199113761349754,1.276959328658296,1.3786369329566441,0.1365672611872724,0.977726349831475,-0.6652566504981302,1.5258030348884204,0.7856258236979987,-0.6748577123445763,-0.5627856767314052,-0.5988462284826426,0.7373951666044422,1.0069329979467085,-1.173833389662945,1.2540979443652343,1.2609942044715576,-0.887104332070304,1.0371471133298638,1.1431812275285886,0,11.875000000000009,-1.7083333333333333,Cephalophus_niger,68
214,-1.2221544188416793,0.8983208754955719,0.1896524826790128,1.3396053559680077,0.5944651104960651,-0.2896739072940588,-1.3084189984940537,0.38839964210206485,1.413294223036904,1.4265692442255555,1.2179746562393696,0.912190777505503,1.156954223564074,1.589995613031537,1.3868435402401647,-1.1152163833799986,0.85179845431133,0.3768949904454365,1.294386107962159,-0.3304106125257145,-0.34281267233779744,-0.5556586630896021,1.2254307796908825,1.0181736366805996,1.3247115930487714,0.6448808763523615,1.0401203064628997,-0.5706533922417305,0.6695946838367858,0.9733426530210213,-0.5799604911934136,-0.4620936477352626,2.271461036896078,0.482138188913337,1.2972688881689038,-1.3097873271221017,1.0120833213939588,1.3060221284484455,-1.1333310036395183,0.8763905773701697,1.1724563780806836,0,9.458333333333343,3.5416666666666665,Cephalophus_niger,97
215,0.48380725230741667,0.28568720573341566,0.281030272289134,1.1382009367136967,0.07530193272883354,-0.20731645158823117,-1.3223154679780782,0.6602702947589084,1.4562994504785822,1.4685271769847523,1.2225917518617522,1.079553182994457,1.156954223564074,1.487025833845698,1.2094304241045861,-1.2923394465377207,0.5834784882139128,0.5122619281304107,1.3778030297928836,-0.2899033554207545,0.31771804351848637,-0.4785105951135436,1.2524252358177663,1.0285250643597075,1.3443208075607251,0.6405114183423464,0.6033626100429269,-0.4445157145665308,0.10863059176847335,0.46717763109644267,-0.34271743831550705,0.05726523866589414,1.4334854258626935,-0.1879113775258142,1.5392154633540664,-1.3390164621911143,0.8959163023677466,1.4561152083714053,-1.4374933626367832,1.0182345796875467,1.2212482956675081,0,7.87500000000001,3.4583333333333313,Cephalophus_niger,116
216,-0.6744879417379744,0.5307406736382781,0.281030272289134,1.2025039307736647,-0.06832046355002382,-0.24849521012169445,-1.3153672498019249,0.5587247082000149,1.5254293487960464,1.5359735735696294,1.2733798037079607,1.1990977583437097,1.156954223564074,1.5863183635165696,1.237228589293969,-1.303351967131438,0.6551611361914085,0.4681756429735914,1.4283587399933226,-0.32896392477196595,-0.34281267233779744,-0.4871493640629831,1.2996655340398127,1.132039341150786,1.388441540212621,0.623033586302286,0.7548907904335297,-0.5706533922417305,0.2562527212601345,0.4839380622859982,-0.4565941036969022,-0.032827629383286115,1.5105406544634643,-0.12409713310303788,1.3456582032059363,-1.326324864069043,1.0120833213939588,1.461118311035504,-1.357831792423214,1.0182345796875467,1.240765062702238,0,8.458333333333345,-2.0416666666666687,Cephalophus_niger,109
217,-0.6346936256498997,0.8166363861939511,-0.3586142549817146,1.7270735877470205,1.249292743961745,1.069224387977042,-1.2597814381292616,1.4798179180954145,1.7283979456002283,1.7339993309845296,1.4165097680018208,1.3305967912278878,1.156954223564074,2.063618616860114,1.7818386919457916,-0.8872408864879017,1.4037152760591642,0.852135815447761,1.526942374884179,-0.33330398803321165,-0.6730780302659393,-0.611565192107697,1.441386428705952,1.4011764608075905,1.4962922200283664,3.1995573262078523,7.662793131769835,-0.6652566504981302,2.027718275160068,6.182484666734896,-0.703326878689925,-0.7005747690419162,9.755450114745965,0.8650236554499948,1.055322312983741,-1.2665205153423136,1.4573902276611057,1.3560531550894321,-0.8726204102132914,1.2073599161107165,1.333469706117205,0,10.791666666666675,-14.541666666666668,Cephalophus_niger,81
218,-0.0844065199447028,0.6941096522415199,-0.44999204459183584,1.1644219410091052,-0.46659825942768507,-0.14554834446858572,-1.384849481261036,0.7749518570055096,1.4281651895354284,1.441078062095558,1.2364430387289,0.9600086076452042,1.156954223564074,1.6091574173669796,1.077716812875512,-1.4548537853769734,0.5394113306809579,0.49555954238552613,1.3424140326525762,-0.39695824919814876,-1.0859097276761167,-0.5309526555386159,1.2321793937226035,0.9457136429268445,1.3443208075607251,0.7395524665693551,1.0133800393351462,-0.25530919805373126,-0.06851596362152004,0.5777964769475095,-0.010577164286437894,0.41233713038913394,1.5394363651887535,-0.09219001089164974,1.7327727235021968,-1.3861292127957725,0.8087910380980874,1.431099695050912,-1.4664612063508085,0.9614969787605959,1.1724563780806836,0,7.37500000000001,-6.125000000000001,Cephalophus_niger,122
219,0.358249219529982,0.7349518968923303,-0.906880992642442,1.7154413462935587,0.9927429063737264,-1.1956061041414594,-0.9471113220168965,-0.34908501175055,1.707096290886126,1.7132164297112826,1.4118926723794383,1.5816403994613186,1.156954223564074,2.0446505540459805,1.1157027233479642,-0.8597039487596227,1.313034762926165,1.000709435425824,1.5661230502895194,-0.4750793879005716,-0.012547314409655536,-0.48824776319653473,1.4278892006425101,1.4943393099195612,1.3639300220726789,-0.4766133462181789,0.22899887025437876,-0.6652566504981302,2.470584663635052,0.007941816502619685,-0.703326878689925,-0.7959672175645777,-0.6229259874203835,0.9926521442955474,0.9101543678726434,-1.0315336531427526,1.4670708125799565,1.2609942044715576,-0.7277811916431653,1.3019225843223012,1.1334228440112237,0,14.125000000000009,1.6249999999999991,Cephalophus_niger,41
220,-1.07322410529439,0.8983208754955719,0.1896524826790128,1.21266558951423,0.25151430020024973,-0.24849521012169445,-1.3223154679780782,0.6540220712805673,1.4828260393678419,1.4944077710231354,1.2456772299736651,1.031735352854756,1.156954223564074,1.5857377296280124,1.1247263452354184,-1.3586552132128091,0.6355757328434286,0.37262256278652345,1.4157198124432129,-0.3304106125257145,-0.34281267233779744,-0.6014608792791843,1.2726710779129289,1.059579347397031,1.3492231111887136,0.6361419603323313,0.7192371009298585,-0.5391189728229305,0.28577714715846675,0.651542374181554,-0.40914549312132087,-0.1070217560120228,1.8091296652914521,-0.06028288868026159,1.684383408465164,-1.3226712221854164,0.9636803967997036,1.491136927020096,-1.4374933626367832,0.9236719114759621,1.2212482956675081,0,7.708333333333344,2.7083333333333313,Cephalophus_niger,118
221,1.230438923694622,0.24484496108260523,0.1896524826790128,1.669779094945436,1.0601961743459014,-0.8455868100097689,-0.9783783203754459,-0.1544559771019099,1.56240580603562,1.5720495531382843,1.458063628603264,1.4142779939723646,1.156954223564074,2.0926514926387143,1.5657121437345494,-0.7770472054374609,1.2695551435856864,0.7499795422874044,1.4928172704988827,-0.3130503594807317,0.5654170619645927,-0.5426391961823379,1.3266599901666962,1.359770750091159,1.3247115930487714,0.006940006890157966,1.031206884086982,-0.6652566504981302,2.1458159787533972,0.8526675484562211,-0.703326878689925,-0.5309881938905181,-0.6084781320577389,1.2479091219866525,0.9101543678726434,-1.0598013035055476,1.3799455483102974,1.1409197405331897,-0.6191517777155707,1.1127972478991315,1.167577186322001,0,14.125000000000009,-8.958333333333334,Cephalophus_niger,41
222,1.5893651678724579,0.9391631201463824,-1.272392151082927,1.6468907334104308,1.1200705338939223,-0.9073549784905133,-0.929740760010654,-0.19730781780515064,1.5756691004802499,1.584989850157476,1.4211268636242034,1.4501413665771405,1.156954223564074,2.0907161447894187,1.490613526374452,-0.803563177826598,1.2681840219035494,0.8031941890435509,1.475122771928729,-0.5083532062367887,-0.095113653891691,-0.5545645732642767,1.3401572182301382,1.3804736054493747,1.3100046821648061,-0.08190563931348224,0.9153323932000503,-0.6652566504981302,2.2048648305500618,0.6984715815123097,-0.703326878689925,-0.5945831595722924,-0.6181100356328353,1.1521877553524882,0.8133757377985782,-1.034802701143892,1.3993067181479995,1.135916637869091,-0.5974258949300518,1.160078582004924,1.1480604192872712,0,14.791666666666675,-9.708333333333334,Cephalophus_niger,33
223,1.1007369993097231,0.5307406736382781,0.281030272289134,1.1095128075550875,0.1249445924341516,-0.02201213022929481,-1.3223154679780782,0.7964023067634995,1.4269594354950075,1.43990167145745,1.2179746562393696,1.0436898103896812,1.156954223564074,1.553220755180384,1.1257450087256295,-1.334789115682436,0.5615429320960276,0.7400747528274716,1.36010853122273,-0.32896392477196595,-0.34281267233779744,0.10287735190357111,1.2321793937226035,1.0078222090014917,1.3394185039327366,0.8575278328397626,0.8440250141927078,-0.4760501339853307,0.07910616587014112,0.621373598040354,-0.304758549855042,0.274548038078623,1.5057247026759162,-0.21981849973720233,1.4424368332800015,-1.3434392918397149,0.8959163023677466,1.4411059003791094,-1.4157674798512643,1.0938847142568147,1.1968523368740958,0,7.958333333333344,-1.791666666666669,Cephalophus_niger,115
224,0.693113741342314,-0.2452619747271198,-1.1810143614728057,1.7284620060881086,1.2682403041389547,-1.3397316669669326,-0.8567843863317484,-0.46135586072387286,1.5788844445880388,1.588126891859098,1.2872310905751083,1.2947334186231119,1.156954223564074,1.7303211792947706,1.2756511015588248,-0.2648866855451608,1.628555622816103,1.297661975723775,1.414455919688202,-0.473632700146823,-0.4253790118198329,-0.239548360314621,1.3401572182301382,1.3908250331284826,1.2511770386289451,-0.696542732722272,-0.18993198141375844,-0.6652566504981302,2.588682367228381,-0.3741960146192476,-0.703326878689925,-0.970853373189457,-0.6229259874203835,1.2798162441980407,0.8133757377985782,-0.9396157152283581,1.4961125673365097,1.1609321511895843,-0.5612160902875203,1.3019225843223012,1.0846309264243992,0,16.208333333333346,-3.875000000000001,Cephalophus_niger,16
225,-1.3258875629943458,0.44905618433665734,0.281030272289134,1.0278434162586483,0.06507037744454279,0.019166597623618997,-1.3362119043303853,0.8586384592390922,1.3706909136086995,1.3850034416790615,1.190272082505074,0.9719630651801294,1.156954223564074,1.47521911921556,1.0631628275922151,-1.3307397719443164,0.48868520773357915,0.6724881892943043,1.3196639630623785,-0.3159437349882288,-0.012547314409655536,-0.23182095380412085,1.191687709532278,0.9353622152477367,1.3149069857927946,0.8473324308163941,0.7638042128094475,-0.4445157145665308,0.04958173997180889,0.6046131668507985,-0.26679966139457695,0.3222442623399537,1.4190375705000489,-0.3155398663713668,1.490826148317034,-1.3478621214883153,0.8087910380980874,1.431099695050912,-1.4664612063508085,1.0466033801510222,1.167577186322001,0,7.791666666666676,-1.791666666666669,Cephalophus_niger,117
226,1.4878013090383406,1.0208476094480032,-1.272392151082927,1.7623615900139287,1.0548908806256287,-1.0926592384883507,-1.1694545024441136,-0.2822735150362187,1.5358792171463607,1.5461689590999015,1.4442123417361163,0.8882818624356525,1.156954223564074,2.1274910026405713,1.8690171437401684,-0.6224652673730032,1.5339580887834154,0.9455528299786281,1.4409976675434324,-0.504013142975543,-0.5905116907839039,-0.5372814494062668,1.3064141480715337,1.1734450518672175,1.3247115930487714,-0.32950825988100413,0.34487336114131034,-0.6652566504981302,2.2934381082450583,0.2995733192008868,-0.6938371565748087,-0.9337563098750886,-0.6084781320577389,1.5350732218891459,1.2488795731318711,-1.207100760498071,1.3412232086348934,1.1909507671741764,-0.720539230714659,1.1979036492895578,1.231006679184873,0,14.791666666666675,-15.291666666666668,Cephalophus_niger,33
227,-0.4863740130423779,1.0208476094480032,-1.272392151082927,1.7486221913941442,1.166681370024437,-1.277963621208386,-0.8776290739919265,-0.425785387562661,1.6882061442528655,1.6947863097142524,1.3934242898899079,1.509913654251767,1.156954223564074,1.947874301450647,1.3992145165614434,-0.6680007976038063,1.4769644933169046,1.1535554830627999,1.5105117690690362,-0.5054598307292916,-0.012547314409655536,-0.3984024530450045,1.4143919725790683,1.5046907375986691,1.3149069857927946,-0.6120665445286468,-0.13645144715825158,-0.6652566504981302,2.3820113859400553,-0.2099437889616029,-0.6938371565748087,-0.9655537927159757,-0.6132940838452872,1.1840948775638762,0.8133757377985782,-0.9474998898193417,1.5251543220930628,1.1809445618459788,-0.5684580512160267,1.4153977861762028,1.1431812275285886,0,15.958333333333346,-11.625000000000002,Cephalophus_niger,19
228,-0.5863502864451076,0.9800053647971928,2.4740972229320435,0.5871978845323702,-0.038004396178170495,-0.2690845587078766,-1.36053070107864,0.8376798738132633,1.4812183673139474,1.4928392501723242,1.1764207956379265,1.3066878761580372,1.156954223564074,1.082501068463435,0.6891255612648218,-1.628673169373579,-0.1497990609503817,0.2712428656600285,1.3942336356080263,-0.22480240650206884,0.07001902507237993,-0.618868703132567,1.2726710779129289,1.0078222090014917,1.354125414816702,0.24580371143764967,0.6746699890502694,-0.4760501339853307,0.4333992766501279,0.4939943209997316,-0.28577910562480946,-0.032827629383286115,0.16207415394997135,-1.432289143769952,1.3456582032059363,-1.36074601655163,0.6054987548022159,1.55117415898928,-1.7923494481335922,1.1506223151837656,1.2358858709435556,0,5.87500000000001,0.6249999999999988,Cephalophus_niger,140
229,-0.6447540611722057,0.8983208754955719,0.1896524826790128,1.4594055969103,1.012448241746622,-0.4132101215333497,-1.2285144397707122,0.23440857070129406,1.4920701536777352,1.5034267659152991,1.2595285168408128,1.2708245035532615,1.156954223564074,1.7094177686313412,1.3925195856176027,-1.1185201325565686,0.856890551595971,0.4967250732159697,1.3537890674476751,-0.3304106125257145,-0.34281267233779744,-0.4972496194894825,1.2794196919446499,1.1734450518672175,1.3639300220726789,0.5502092861353678,1.3164364001163518,-0.6652566504981302,1.2600832018034305,1.254917897005555,-0.6843474344596925,-0.12822007790594755,2.6760009870501262,0.6735809221816659,1.1037116280207735,-1.2336377383896744,1.1766532650144261,1.2810066151279522,-0.9740078632123796,0.9520407119394375,1.167577186322001,0,10.625000000000009,2.9583333333333313,Cephalophus_niger,83
230,0.6657514950966443,0.04063373782855314,0.37240806189925524,1.0682288004270528,-0.5579254936995,1.4192436207476335,-1.4612799640280183,3.469845753859334,1.3751120117569096,1.389316874018792,1.2641456124631956,0.9002363199705777,1.156954223564074,1.7101918487035226,0.9624492760809444,-1.7604386115671804,0.32671383836791446,0.4975017974230871,1.3221917485724006,-0.20454877794958887,-1.2510424066401875,-0.5010421629080983,1.198436323563999,0.831847938456658,1.3345162003047484,3.438421030755344,3.8924154667565998,0.5330512874162667,0.19720386946347004,3.507519848881825,0.9383950472251883,1.8326246972820932,5.912320588282509,-0.28363274415997863,2.1198872437984573,-1.446702749287476,0.624859924639918,1.4411059003791094,-1.6185423858494408,0.8953031110124866,1.1529396110459535,0,6.041666666666676,-9.958333333333334,Cephalophus_niger,138
231,1.1375470708745363,-0.5311576872827928,1.2861859580004675,1.4046107357500832,-0.20777451801896107,0.9045094458848375,-1.4265388400155334,1.8013297832913464,1.3815426999724876,1.3955909574220364,1.2872310905751083,0.912190777505503,1.156954223564074,1.9155510685243278,1.3252802446731529,-1.5047369251766975,0.30595335863498185,0.789987506750462,1.3120806065323127,-0.07000681685097179,-1.1684760671581522,-0.04821754032826425,1.198436323563999,0.8525507938148738,1.3443208075607251,2.442184604471903,2.582142377496681,-0.034568262122131814,-0.009467111824855575,2.5119502362222237,0.49237810781472396,1.3927595179831542,4.443455293080311,0.6097666777588896,1.9747192986873596,-1.4259346796331778,0.8668745476111934,1.371062463081728,-1.336105909637695,0.9709532455817544,1.1724563780806836,0,7.708333333333344,-9.958333333333334,Cephalophus_niger,118
232,0.4593644673029117,-0.2452619747271198,0.281030272289134,0.5644565014974198,0.6028020832327293,1.7280842177069597,-1.4230647143615978,5.530473237446434,1.4056577807809052,1.4191187701842027,1.171803700015544,1.1871433008087844,1.156954223564074,1.086372207168554,0.7438484659825888,-1.5337593807763636,-0.08516717013214027,-0.12844871321350096,1.356316852957697,-0.05698662706723465,-0.17767999337372647,-0.5981274655048957,1.2186821656591615,0.9043079322104131,1.3492231111887136,3.9787773379938773,6.01380999222504,-0.41298129514773085,1.0534122205151049,6.048401217218451,-0.23833049504922818,0.7303119587980055,9.562812043244037,-1.3684748993471758,1.684383408465164,-1.4276653521043692,0.5570958302079608,1.566183466981576,-1.8502851355616425,0.9236719114759621,1.1822147615980485,0,7.958333333333344,-12.875000000000002,Cephalophus_niger,115
233,1.6181239415366642,0.08147598247936355,0.281030272289134,1.1068334912074114,0.8839838068744853,0.6162582818832045,-1.2458850017769547,0.8954387996755957,1.1271285974436813,1.147372532781181,1.2272088474841347,0.6731016268069975,1.156954223564074,1.636641837663532,1.1746464081605545,-1.1777924846666465,0.6776842305017701,0.38757680045899845,1.1477745483808857,-0.2638629758532803,-0.5905116907839039,1.314518883800859,1.022972358739255,0.7386850893446872,1.1727401805811302,1.6207264985890657,2.9921598067889006,-0.6337222310793303,1.2600832018034305,2.8572151187270687,-0.6274091017689949,-0.20241420453468423,-0.37731244625542587,0.3864168222791725,1.055322312983741,-1.2669051092248005,0.7410269436661302,1.1109011245485976,-1.053669433425949,0.6967215077681586,0.9919262830094322,0,11.458333333333346,-12.708333333333336,Cephalophus_niger,73
234,0.8034933934751167,0.1631604717809844,0.0068969034587703275,1.3718548719027093,0.912784179296555,-0.3720313629998864,-1.2424108761230193,0.2336705489904463,1.4840317934082627,1.4955841616612437,1.2456772299736651,1.2827789610881868,1.156954223564074,1.5820601847753601,1.4518998722225966,-0.9732299452915553,0.7628808546052981,0.3689324560230646,1.3209278558173896,-0.26096960034578315,-0.5905116907839039,-0.4957898156480977,1.2726710779129289,1.1527421965090017,1.3639300220726789,0.5604046881587363,1.0401203064628997,-0.6652566504981302,1.082936646413437,1.1543553098682215,-0.6653679902294599,-0.13881923885290995,2.5315224334236803,0.482138188913337,0.9585436829096758,-1.2440217732168237,1.128250340420171,1.2459848964792615,-0.9595239413553671,0.9520407119394375,1.1724563780806836,0,10.125000000000009,4.708333333333331,Cephalophus_niger,89
235,1.7080207526198052,0.48989842898746777,0.281030272289134,1.6454039970224943,0.9124051471403001,-0.2690845587078766,-1.23198853229293,0.2837053580944796,1.4454476641147944,1.4579396612417774,1.490383297959942,1.0078264377849053,1.156954223564074,2.2974300785709625,1.4760595410911552,-1.1496762390782622,1.1659484913686695,0.7998925925569066,1.4005530993830813,-0.3463241778169488,-0.7556443697479748,-0.5254919353723314,1.2456766217860453,1.1113364857925703,1.3345162003047484,0.8400500007997023,1.735367251784489,-0.6337222310793303,1.2305587759050982,1.7208578840752002,-0.6558782681143437,-0.21301336548164662,-0.5362388552445161,1.2798162441980407,1.2004902580948387,-1.2411373190981712,1.1766532650144261,1.150925945861387,-0.7857168790712158,0.9614969787605959,1.104147693459129,0,10.708333333333343,-8.291666666666668,Cephalophus_niger,82
236,-0.01741231083621348,-0.0410507514730677,0.1896524826790128,1.3443920289100935,0.640697203587149,-0.2896739072940588,-1.2841002183116577,0.3770348134211755,1.5230178407152046,1.5336207922934126,1.2595285168408128,1.2469155884834109,1.156954223564074,1.587285889772375,1.4239562471278098,-1.0395515232492625,0.8919485909445966,0.37417601120075816,1.3740113515278507,-0.197315339180846,0.31771804351848637,-0.022630443106343236,1.2996655340398127,1.1527421965090017,1.3786369329566441,0.639054932339008,1.1025142630943243,-0.6021878116605304,0.7581679615317825,0.9800468254968435,-0.5989399354236461,-0.557486096257924,2.281092940471175,0.2906954556450081,1.1521009430578062,-1.2874808819378554,1.099208585663618,1.3460469497612348,-1.1260890427110122,0.9804095124029129,1.2212482956675081,0,9.291666666666675,4.874999999999999,Cephalophus_niger,99
237,0.840512035606681,1.0616898540988136,-0.7241254134221995,1.4957721062712337,0.9415845517186247,-0.6396932014257493,-1.2424108761230193,0.10531182516319657,1.5724537563724608,1.5818528084558536,1.3195507599317864,1.3305967912278878,1.156954223564074,1.8303880843755083,1.3466746208056943,-1.2207697902669763,0.9403245611220701,0.6181086044007377,1.4245670617282897,-0.4201052532581259,-0.5079453513018684,-0.5265471925097933,1.3334086041984172,1.2562564733000803,1.4080507547245746,0.2574555994643566,1.1114276854702423,-0.6337222310793303,1.4077053312950916,0.9197092732144434,-0.6463885459992275,-0.446194906314819,2.1944058082953073,0.6416737999702777,1.2004902580948387,-1.2359453016845965,1.1863338499332772,1.3260345391048403,-1.0319435506404302,1.0371471133298638,1.1968523368740958,0,11.291666666666675,-2.708333333333333,Cephalophus_niger,75
238,-0.15894692803078317,0.5307406736382781,0.281030272289134,1.1421055392273665,-0.03876231593226833,-0.2690845587078766,-1.3223154679780782,0.5182835807700524,1.4333901237105855,1.4461757548606942,1.2456772299736651,1.0915076405293822,1.156954223564074,1.5081229860304364,1.2006981661803229,-1.316205544068094,0.5836742346615588,0.29474269951660886,1.357580745712708,-0.32896392477196595,-0.34281267233779744,-0.39601399083518224,1.2389280077543243,1.0285250643597075,1.3394185039327366,0.5691436041787665,0.7192371009298585,-0.5391189728229305,0.19720386946347004,0.4403609411931537,-0.39016604889108836,-0.054025951277210875,1.5057247026759162,-0.12409713310303788,1.3456582032059363,-1.324401894656608,0.9055968872865975,1.4010810790663202,-1.3505898314947076,0.904759377833645,1.1870939533567308,0,8.625000000000009,-2.6250000000000013,Cephalophus_niger,107
239,-0.43329425221094237,0.1631604717809844,0.9206747995599827,0.952757943823555,-0.5461779543486015,0.3074177539551146,-1.4265388400155334,1.3185946693393744,1.3731024216895413,1.387356222955278,1.2041233693722218,0.9002363199705777,1.156954223564074,1.413088782769617,1.0254680590067624,-1.4591842411598508,0.3323934738450317,0.2974616787612872,1.3070250355122688,-0.30292354520449166,-0.6730780302659393,-0.47878796586527445,1.191687709532278,0.8732536491730895,1.3247115930487714,1.1298907154640367,1.1025142630943243,-0.0030338427033318937,-0.27518694490984563,0.7789216512221765,0.39748088666356135,0.6614174126427499,1.6598351598774583,-0.5388897218510839,1.7327727235021968,-1.4092048457449928,0.682943434153024,1.4561152083714053,-1.5968165030639219,0.9142156446548035,1.1626979945633185,0,6.208333333333344,-6.791666666666668,Cephalophus_niger,136
240,-0.7973973653296781,0.04063373782855314,0.09827469306889156,1.4373504459224171,0.8548046914129848,-0.4749782286529951,-1.1486098479156532,0.14235824790751803,1.5214101686613102,1.5320522714426015,1.4765320110927944,1.3903690789025143,1.156954223564074,2.199105370493581,1.3437638681642734,-1.1240263578457004,0.8895984381746913,0.5064357557107512,1.4915533777438716,-0.22335571874832028,-0.012547314409655536,-0.45716228216094923,1.2996655340398127,1.2666079009791882,1.3590277184446904,0.4409728358849905,1.4857914252587903,-0.6652566504981302,1.5258030348884204,1.2381574658159995,-0.6843474344596925,-0.4090978430004507,-0.6084781320577389,0.6097666777588896,0.9585436829096758,-1.1619109793058477,1.205695019770979,1.2459848964792615,-0.9015882539273167,0.9898657792240714,1.1480604192872712,0,11.208333333333345,3.9583333333333313,Cephalophus_niger,76
241,1.2820564521120608,0.36737169503503647,0.1896524826790128,1.8136931830168141,0.9590162723876388,-0.2896739072940588,-1.221566188462841,0.2569906387350769,1.4321843696701646,1.444999364222586,1.5180858716942376,0.864372947365802,1.156954223564074,2.368270366351791,1.5393692438277813,-1.017451985619581,1.4419067528178173,0.9739078569093433,1.4043447776481142,-0.36368443086193164,0.6479834014466282,-0.42535669175299007,1.2389280077543243,1.1009850581134624,1.3296138966767599,0.907048356953267,1.8423283202955028,-0.6652566504981302,1.2600832018034305,1.8448850748779115,-0.6558782681143437,-0.3402032968451952,-0.531422903456968,1.7903301995802512,1.2972688881689038,-1.2519059478078074,1.2831396991217872,1.1259104325408937,-0.6698455042151149,0.9614969787605959,1.0992685017004464,0,11.125000000000009,-9.125000000000002,Cephalophus_niger,77
242,-0.7891439488558623,0.44905618433665734,0.281030272289134,1.7418910946046564,0.8794365774667223,-0.45438888006681294,-1.172928628098049,0.15888892828086668,1.508548792230154,1.5195041046361129,1.5088516804494725,1.0675987254595316,1.156954223564074,2.247687238312557,1.4316698415618616,-0.9647813205800236,1.4015608697369049,0.868644094227494,1.467539415398663,-0.24939609831579457,0.1525853645544154,-0.5180780860633435,1.2929169200080917,1.2355536179418647,1.3492231111887136,0.6288595303156395,1.6640598727771465,-0.6652566504981302,1.5553274607867527,1.6102390382241334,-0.703326878689925,-0.6263806424131795,-0.584398373119998,1.4393518552549815,1.2004902580948387,-1.1774870315465715,1.3121814538783403,1.1859476645100777,-0.7350231525716716,1.0087783128663883,1.1236644604938588,0,12.125000000000009,-8.958333333333334,Cephalophus_niger,65
243,1.3147335609564301,1.2250588327020553,0.09827469306889156,1.290071008884382,0.45652689553532355,-0.24849521012169445,-1.3153672498019249,0.5252697508883725,1.559190461927831,1.5689125114366622,1.291848186197491,1.211052215878635,1.156954223564074,1.6161253193673508,1.3536604715603433,-1.2150972782764,0.758375996663595,0.40311395171995107,1.4409976675434324,-0.3318573002794631,-0.26024633285576193,-0.5334189592139453,1.3266599901666962,1.1734450518672175,1.3933438438406094,0.6769235684258055,1.0936008407184066,-0.5706533922417305,0.5514969802434568,0.8995967557869767,-0.5325118806178323,-0.31900497495127045,2.165510097570018,0.06734560016529101,1.3456582032059363,-1.3105565148870757,1.079847415825916,1.446109003043208,-1.2854121831381509,1.0087783128663883,1.2651610214956504,0,8.875000000000009,-0.5416666666666691,Cephalophus_niger,104
244,0.32449133593062973,-0.2452619747271198,-1.1810143614728057,1.7492264584974906,1.3247042416311532,-1.3603210155531147,-0.8533102606778128,-0.4800020757145082,1.6062148695042455,1.6147917463228867,1.3010823774422562,1.3305967912278878,1.156954223564074,1.751612073000818,1.2753599596718252,-0.26144528598752165,1.6583255195829032,1.344273429506633,1.4321504182583558,-0.473632700146823,-0.4253790118198329,-0.5920112731439392,1.360403060325301,1.421879316165806,1.260981645884922,-0.7402373128224229,-0.3503735841802791,-0.6652566504981302,2.6772556449233775,-0.4546460843291144,-0.703326878689925,-0.9973512755568629,-0.6229259874203835,1.2479091219866525,0.8133757377985782,-0.9219243966339558,1.5154737371742117,1.165935253853683,-0.553974129359014,1.3492039184280935,1.0895101181830815,0,16.125000000000007,-5.708333333333332,Cephalophus_niger,17
245,-0.9013432606775644,0.36737169503503647,-0.08448088615135091,1.1247391419908952,-0.2835647587278004,0.7603838523788149,-1.384849481261036,1.6227885859611988,1.4205287472794295,1.4336275880542055,1.2502943255960477,1.0556442679246063,1.156954223564074,1.625222310738327,1.1360784359902947,-1.4837730381985643,0.5225678718477137,0.5013860111516973,1.3373584616325322,-0.3419841145557031,-0.8382107092300103,-0.5701435051232336,1.2254307796908825,0.9457136429268445,1.3688323257006674,1.8479383151098505,1.9492893888065166,0.15463825439066772,-0.15708924131651672,1.486211847421422,0.7296211606926305,0.942295177737253,2.4737310119731024,-0.21981849973720233,1.5876047783910991,-1.3997822956240613,0.7797492833415343,1.4110872843945175,-1.459219245422302,0.9993220460452299,1.1578188028046361,0,6.041666666666676,-7.958333333333332,Cephalophus_niger,138
246,0.12326761472402462,0.5307406736382781,-0.08448088615135091,1.56569498382041,1.2617982030667412,-0.7632294156650402,-1.0513346940543515,-0.09404029319391549,1.498902759906787,1.5100929795312463,1.425743959246586,1.211052215878635,1.156954223564074,2.0562638224924945,1.5446086874128158,-0.728116205786344,1.138724792668959,0.628984521379451,1.4334143110133666,-0.40419168796689164,-0.7556443697479748,-0.6042690930562906,1.2794196919446499,1.2148507625836489,1.3002000749088294,0.10452456911382836,0.9331592379518859,-0.6652566504981302,2.027718275160068,0.9867509979726657,-0.703326878689925,-0.5256886134170369,-0.6132940838452872,1.0564663887183237,0.8617650528356108,-1.1246053727046081,1.2734591142029363,1.1309135352049924,-0.6843294260721275,1.0844284474356563,1.1480604192872712,0,13.458333333333346,-14.291666666666668,Cephalophus_niger,49
247,-0.06473965856811974,0.36737169503503647,0.1896524826790128,1.5398824082469993,1.1863869945141567,-0.6808718985981136,-1.1451357222617176,0.02241245359493844,1.6319376223665576,1.6398880799358642,1.4996174892047074,1.4620958241120658,1.156954223564074,2.0736834298245808,1.5245243387336764,-0.8296661990725273,1.2779767235775394,0.5959682601664964,1.571178621309563,-0.32896392477196595,0.2351517040364509,-0.45069714588978294,1.3739002883887428,1.359770750091159,1.4178553619805516,0.2035656173408371,1.307522977740434,-0.6652566504981302,1.9981938492617362,1.1141302750132882,-0.703326878689925,-0.9496550512955322,-0.6084781320577389,0.705488044393054,1.0069329979467085,-1.174217983545432,1.3412232086348934,1.3210314364407414,-0.9088302148558229,1.1317097815414485,1.2554026379782854,0,13.625000000000009,-11.791666666666668,Cephalophus_niger,47
248,-1.1092524980905683,0.8983208754955719,-0.8155032030323207,1.3842220058564454,0.6607815711162995,-0.45438888006681294,-1.2806261257894398,0.28650970546813737,1.5206063326343628,1.5312680110171961,1.2826139949527258,1.1393254706690834,1.156954223564074,1.737482822816451,1.2970454776913665,-1.298809294509791,0.7666021290573404,0.5248859931815335,1.3954975283630373,-0.41721187775062873,-0.5079453513018684,-0.5355261766968776,1.2996655340398127,1.1630936241881096,1.3786369329566441,0.4613636399317276,1.1559947973498312,-0.6021878116605304,1.082936646413437,1.0571448089687991,-0.6179193796538787,-0.1600175607468347,2.391859831584783,0.41832394449056065,1.2972688881689038,-1.2751738776982713,1.099208585663618,1.3610562577535308,-1.147814925496531,0.9804095124029129,1.1968523368740958,0,10.625000000000009,-3.5416666666666687,Cephalophus_niger,83
249,0.20851161674989555,0.6532674075907094,0.0068969034587703275,1.3196412084714075,0.4584217671997741,-0.3514420144137042,-1.2910484364878112,0.3833322083185589,1.498902759906787,1.5100929795312463,1.2733798037079607,1.1393254706690834,1.156954223564074,1.7020626789260367,1.273759012407615,-1.3518469805552311,0.6688708587650868,0.48934485968905206,1.3866502790779605,-0.31015698397323455,-0.34281267233779744,-0.5359162155594851,1.2861683059763709,1.1113364857925703,1.3639300220726789,0.5531222581420445,1.031206884086982,-0.6021878116605304,0.7876923874301147,1.0403843777792436,-0.5514913248480648,0.02546775582500699,2.367780072647042,0.2587883334336199,1.2972688881689038,-1.2907499299389948,1.0411250761505118,1.371062463081728,-1.2057506129245814,0.9520407119394375,1.1919731451154134,0,10.125000000000009,-3.9583333333333335,Cephalophus_niger,89
250,0.3527833276130603,1.0208476094480032,-0.906880992642442,1.2843857129826661,0.28448301443223944,-0.186727103002049,-1.3292636861542317,0.6012321612927872,1.5535636097392003,1.5634226884588234,1.2872310905751083,1.1871433008087844,1.156954223564074,1.6168996947772172,1.3478389662775012,-1.2338184302563582,0.7364404405457098,0.4038909722735801,1.4283587399933226,-0.4475923205793487,-0.7556443697479748,-0.4726554534056837,1.3199113761349754,1.142390768829894,1.3982461474685979,0.7584867846127539,1.0222934617110642,-0.5075845534041307,0.4038748507517957,0.8526675484562211,-0.46608382581201846,-0.23421168737557138,2.0980867725443435,0.03543847795390286,1.3940475182429688,-1.3359397111312181,1.0411250761505118,1.4411059003791094,-1.3071380659236698,1.0182345796875467,1.2554026379782854,0,8.291666666666679,-0.29166666666666896,Cephalophus_niger,111
251,1.2501443653591204,0.6532674075907094,-0.5413698342019571,1.3820328837464013,1.0867226429472656,-0.10436958593512242,-1.350108357248551,0.4480773793700802,1.4514764343168987,1.463821614432319,1.4442123417361163,1.1034620980643075,1.156954223564074,2.1346526461622517,1.5008012716575214,-0.8023930795720556,0.8347592490304397,0.46234917420742017,1.3702196732628178,-0.43746550630310876,-0.5905116907839039,-0.49741665042853844,1.2524252358177663,0.9767679259641681,1.3345162003047484,0.9085048429566054,2.9832463844129826,-0.6652566504981302,2.322962534143391,2.639329513262846,-0.703326878689925,-0.5362877743639993,-0.6181100356328353,0.6416737999702777,1.1521009430578062,-1.3505542786657245,1.0217639063128097,1.2209693831587682,-1.002975706926405,1.0844284474356563,1.1334228440112237,0,12.458333333333346,-16.291666666666664,Cephalophus_niger,61
252,-0.662682110289173,0.8983208754955719,0.1896524826790128,1.295478700889115,0.33526262604791024,-0.33085266582752204,-1.2841002183116577,0.4302675664638117,1.4623282206806867,1.474409130175294,1.2087404649946045,1.031735352854756,1.156954223564074,1.5520594874032696,1.2576040798601078,-1.156679464773113,0.7644477227350811,0.3388292810199398,1.3537890674476751,-0.3304106125257145,-0.34281267233779744,-0.4993891690125683,1.259173849849487,1.059579347397031,1.3345162003047484,0.5647741461687514,0.7281505233057762,-0.5391189728229305,0.6105458320401213,0.8995967557869767,-0.5514913248480648,-0.3931991015800071,2.165510097570018,0.22688121122223176,1.3940475182429688,-1.3020954494723616,1.0120833213939588,1.3910748737381227,-1.2564443394241256,0.8953031110124866,1.1968523368740958,0,8.791666666666679,2.0416666666666665,Cephalophus_niger,105
253,1.089863415091097,0.6941096522415199,-0.3586142549817146,1.2133354684581708,0.17307141263127399,-0.22790580017441334,-1.3431601225065386,0.48482862345841005,1.4169114851581668,1.4300984161398806,1.2456772299736651,1.031735352854756,1.156954223564074,1.6188350426265128,1.2557122127850895,-1.3855211228372384,0.6242161630396557,0.4058329309646294,1.3095528210222909,-0.38972481042940593,-0.6730780302659393,-0.37654223731930603,1.2254307796908825,0.9974707813223839,1.3394185039327366,0.6623587083924218,0.8885921260722969,-0.5075845534041307,0.4629237025484601,0.9968072566863991,-0.37118660466085585,-0.3402032968451952,2.3051726994089154,0.13115984458806731,1.2972688881689038,-1.3372857897199226,0.9152774722054485,1.331037641768939,-1.241960417567113,0.904759377833645,1.1626979945633185,0,9.291666666666675,-5.208333333333333,Cephalophus_niger,99
254,-0.39809270213819437,0.5307406736382781,-0.26723646537159335,0.7298864870096679,0.06658607239432646,-0.3514420144137042,-1.3744271539968058,0.7135030478015446,1.4526821883573195,1.4649980050704274,1.1948891781274567,1.211052215878635,1.156954223564074,1.197471303800721,0.8438343848525521,-1.5613020597718081,0.02235680183410332,0.35844490114790994,1.3765391370378726,-0.37091786963067447,-0.8382107092300103,-0.45318439446616177,1.2524252358177663,0.9767679259641681,1.3443208075607251,0.23997776742429622,0.7548907904335297,-0.22377477863493134,0.31530157305679896,0.4403609411931537,-0.029556608516670416,-0.054025951277210875,0.13317844322468222,-1.1132179216560705,1.490826148317034,-1.3674764094951528,0.634540509558769,1.521155543004688,-1.7271717997770355,1.1222535147202901,1.2212482956675081,0,5.708333333333344,-0.1250000000000012,Cephalophus_niger,142
255,0.9257850057668229,0.08147598247936355,0.281030272289134,1.3649115836287462,1.0511014264135514,0.5339008108371022,-1.2111438777644696,0.8272989239384334,1.374710093743436,1.3889247438060892,1.3657217161556123,0.9600086076452042,1.156954223564074,1.9006474429300946,1.4338528505238797,-0.9827282416780568,1.0245418552882914,0.5431421236871645,1.3424140326525762,-0.2638629758532803,-0.5905116907839039,1.5183112644663617,1.198436323563999,1.049227919717923,1.295297771280841,1.7488972668828418,3.366523546577449,-0.6652566504981302,1.3781809053967593,3.1421424489495138,-0.6843474344596925,-0.3561020382656388,-0.36768054268032946,0.6416737999702777,1.0069329979467085,-1.2315224720359959,1.0701668309070649,1.1909507671741764,-0.9233141367128356,0.9142156446548035,1.1285436522525414,0,11.541666666666675,-13.041666666666668,Cephalophus_niger,72
256,1.3726772032053014,0.36737169503503647,0.1896524826790128,1.5246887800174451,1.1670604021806918,-0.6808718985981136,-1.2493590942991726,0.06334555796336501,1.6029995253964564,1.6116547046212644,1.5227029673166204,1.3186423336929625,1.156954223564074,2.1077485644165717,1.5143363713744156,-0.8906478384425469,1.2297967986972502,0.5819848536662903,1.5459007662093436,-0.3318573002794631,0.31771804351848637,-0.31519124709127605,1.35365444629358,1.2666079009791882,1.4325622728645169,0.2123045333608673,1.2896961329885983,-0.6652566504981302,1.968669423363404,1.1107781887753772,-0.703326878689925,-0.944355470822051,-0.6084781320577389,0.7373951666044422,1.2004902580948387,-1.262097685693713,1.2540979443652343,1.3360407444330376,-0.9957337459978987,1.1127972478991315,1.2456442544609205,0,13.541666666666675,-10.625000000000002,Cephalophus_niger,48
257,1.362829354286543,0.1631604717809844,0.9206747995599827,1.0529372530068246,-0.3055439979214015,-0.12495899588240354,-1.4056941523553552,0.7737711423815432,1.414499977077325,1.427745634863664,1.2502943255960477,1.0197808953198306,1.156954223564074,1.5474142686259695,0.9259188529672984,-1.4556166737554737,0.4591110574144249,0.7311407945398075,1.3424140326525762,-0.30292354520449166,-0.6730780302659393,-0.5997254802580166,1.2254307796908825,0.9664164982850603,1.354125414816702,0.6885754564525124,0.54988207578742,-0.09763710095973166,-0.15708924131651672,0.5777964769475095,0.07483033474960846,0.5342274812792014,0.9229945363825853,-0.34744698858275497,1.5392154633540664,-1.3838216495008504,0.7797492833415343,1.4361027977150107,-1.4954290500648337,1.103340981077973,1.1383020357699063,0,6.62500000000001,-5.375000000000001,Cephalophus_niger,131
258,-1.30732395959514,0.36737169503503647,0.1896524826790128,1.5537853378980524,0.8479835581845163,-0.7632294156650402,-1.117342816425386,-0.031066269149212605,1.600186099302141,1.608909793132345,1.458063628603264,1.378414621367589,1.156954223564074,2.1654274236065234,1.244796723822617,-1.1426156707272082,1.1026874233830266,0.7198763672842796,1.530734053149212,-0.3318573002794631,0.31771804351848637,-0.5734964942113943,1.35365444629358,1.3287164670538354,1.3835392365846326,0.11035051312718182,0.9242458155759682,-0.6652566504981302,1.6143763125834172,0.7856258236979987,-0.6748577123445763,-0.6581781252540667,-0.6084781320577389,0.7373951666044422,1.0069329979467085,-1.1576804465984907,1.2928202840406382,1.2810066151279522,-0.887104332070304,1.103340981077973,1.1383020357699063,0,12.541666666666675,-3.875000000000001,Cephalophus_niger,60
259,0.793208652422217,0.9391631201463824,-1.272392151082927,1.7465964008872819,1.2273137938849676,-1.3191423183807505,-0.8498362012873125,-0.44369361837788296,1.6986560126031798,1.7049816952445245,1.347253333666082,1.5457770268565427,1.156954223564074,1.8085165567809036,1.2887495994833154,-0.502997059324615,1.5257322552392085,1.3557319637273122,1.5054561980489924,-0.5372869613117601,-0.095113653891691,-0.5473015937656508,1.4211405866107891,1.5253935929568847,1.3100046821648061,-0.6615870686421512,-0.2166722485415119,-0.6652566504981302,2.352486960041723,-0.32391472105058083,-0.703326878689925,-0.9496550512955322,-0.6229259874203835,1.088373510929712,0.7649864227615457,-0.9278856018125043,1.5445154919307649,1.2159662804946696,-0.6046678558585581,1.4059415193550444,1.1480604192872712,0,16.125000000000007,-7.041666666666668,Cephalophus_niger,17
260,0.6306673976410313,0.9800053647971928,-0.44999204459183584,1.4644210138680749,0.5880230094238516,-0.3926207729471675,-1.2250403141167767,0.3019580140556043,1.5712480023320399,1.5806764178177455,1.2872310905751083,1.2588700460183362,1.156954223564074,1.7080627593329178,1.4456417651473508,-1.1049323035617875,0.9747947634286809,0.4953654354203747,1.4334143110133666,-0.3810446839069145,-0.34281267233779744,-0.5115137916805297,1.3334086041984172,1.2355536179418647,1.388441540212621,0.5793390062021351,1.12034110784616,-0.6337222310793303,0.9648389428201081,1.1811719997715104,-0.6274091017689949,-0.6263806424131795,2.570050047724066,0.5140453111247252,1.2004902580948387,-1.2453678518055282,1.21537560468983,1.3660593604176294,-1.0681533552829616,0.9993220460452299,1.240765062702238,0,10.125000000000009,0.458333333333331,Cephalophus_niger,89
261,-0.9558828838029197,0.04063373782855314,0.281030272289134,1.196148755928008,-0.1300895502040832,-0.12495899588240354,-1.384849481261036,0.6524969315106982,1.3755139297703831,1.3897090042314948,1.2225917518617522,0.8882818624356525,1.156954223564074,1.6244482306661459,1.1173036706121746,-1.4338268844909245,0.5805407972515312,0.4114652927656492,1.2842749659220714,-0.2913500431745031,-0.6730780302659393,-0.4054222525575081,1.198436323563999,0.914659359889521,1.3198092894207831,0.7672257006327841,1.0936008407184066,-0.41298129514773085,0.19720386946347004,0.8828363245974211,-0.19088188447364687,0.06256481913937532,2.141430338632277,0.09925272237667916,1.5392154633540664,-1.3792065229110064,0.8281522079357894,1.3560531550894321,-1.3433478705662012,0.8669343105490112,1.1383020357699063,0,8.291666666666679,-6.208333333333332,Cephalophus_niger,111
262,1.09871001995078,-0.2452619747271198,-1.1810143614728057,1.7820806403917124,0.99009025951359,-1.1956061041414594,-0.9227925087027828,-0.3663044673448353,1.5394964792676233,1.5496981310142264,1.3841900986451428,1.2827789610881868,1.156954223564074,2.0297469284517473,1.142773144857944,-0.6772121706629315,1.5186814980799541,1.1139360288765567,1.4296226327483337,-0.473632700146823,-0.4253790118198329,-0.5521510182608104,1.3131627621032544,1.3494193224120512,1.2658839495129104,-0.46350497218813363,0.23791229263029656,-0.6652566504981302,2.500109089533384,0.0515189375954642,-0.703326878689925,-0.8489630222993896,-0.6229259874203835,1.566980344100534,0.9585436829096758,-1.0061504568986102,1.4186678879857015,1.105898021884499,-0.5394902075020014,1.178991115647241,1.021201433561527,0,15.125000000000009,-6.625000000000001,Cephalophus_niger,29
263,1.6023389418257303,0.08147598247936355,-1.1810143614728057,1.6516937594556436,0.8373729707439707,-1.113248587074533,-0.9332148856645895,-0.29782024153263914,1.6524354410537125,1.6598867207837056,1.3749559074003774,1.5338225693216176,1.156954223564074,1.9507777662311179,1.0304163607047974,-0.8731540573578812,1.2728846262928983,1.0127505868884692,1.520622911109124,-0.4852062021768116,-0.34281267233779744,-0.5740681598992631,1.3873975164521846,1.4529335992031298,1.3345162003047484,-0.36446392396112487,0.2735659821339678,-0.6652566504981302,2.116291552855065,0.1688419559223533,-0.703326878689925,-0.7058743495153974,-0.6229259874203835,0.9288378998727711,0.8617650528356108,-1.0273031204353955,1.4283484729045526,1.2409817938151628,-0.7277811916431653,1.2546412502165087,1.1090268852178113,0,14.458333333333346,-2.3750000000000013,Cephalophus_niger,37
264,-1.67274655065596,-0.2452619747271198,-0.7241254134221995,1.6771144588382703,0.9287000604573735,-1.010301844143622,-1.068705256060594,-0.22190704008270107,1.628320360245295,1.6363589080215393,1.4534465329808814,1.4501413665771405,1.156954223564074,2.178201959830152,1.2544024074078788,-1.0801599260046792,1.1234479031159592,0.8828216076928517,1.5332618386592338,-0.3723645573844231,0.07001902507237993,-0.5554052258737973,1.3739002883887428,1.359770750091159,1.3737346293286556,-0.2217282956339652,0.5053149639078309,-0.6652566504981302,1.8800961456684073,0.32974209534208687,-0.703326878689925,-0.446194906314819,-0.6229259874203835,1.0564663887183237,1.055322312983741,-1.1197979491735206,1.3605843784725955,1.2409817938151628,-0.7784749181427094,1.160078582004924,1.1285436522525414,0,13.208333333333346,0.04166666666666666,Cephalophus_niger,52
265,0.5355945076570159,0.9391631201463824,-1.272392151082927,1.6989897256917574,1.1007439415604576,-1.257374272622204,-0.8220432623192633,-0.4095990947997807,1.6721294237139204,1.6791011012061414,1.3795730030227602,1.6055493145311692,1.156954223564074,1.947874301450647,1.3925195856176027,-0.7572361929123731,1.3827587510290473,1.0727625335830555,1.4827061284587948,-0.5372869613117601,-0.095113653891691,-0.5709296237061776,1.4076433585473473,1.5253935929568847,1.3002000749088294,-0.5654589924218192,0.059643845111940305,-0.6652566504981302,2.647731219025045,-0.11608537430009164,-0.703326878689925,-0.944355470822051,-0.6229259874203835,1.088373510929712,0.6682077926874805,-0.9165400822791376,1.5057931522553607,1.1459228431972883,-0.5322482465734951,1.3681164520704105,1.1383020357699063,0,15.708333333333346,-9.625000000000002,Cephalophus_niger,22
266,1.194478145157299,-0.16357748542549896,1.46894153722071,1.300510470950017,0.37732623277066196,1.1104031465105053,-1.43001294910361,1.9690965092525878,1.3618487173122797,1.3763765769996006,1.2456772299736651,0.7089649994117734,1.156954223564074,1.7651606892966276,1.2207825148594624,-1.3849819338318392,0.7393781315080915,0.6577280585869808,1.2627887890868847,-0.16982827185962318,-0.8382107092300103,-0.23833858439524577,1.184939095500557,0.831847938456658,1.3345162003047484,2.7684374692196965,2.742583980263202,-0.1607059397973315,0.04958173997180889,2.8136379976342245,0.32156310974263125,0.6720165735897123,4.90097071289739,0.3545097000677844,1.684383408465164,-1.4376647930490314,0.8281522079357894,1.331037641768939,-1.3071380659236698,0.942584445118279,1.1334228440112237,0,8.041666666666679,-10.458333333333334,Cephalophus_niger,114
267,0.3206842647207346,0.44905618433665734,0.281030272289134,1.6423162519528203,0.9817532867769257,-0.5161569871864584,-1.16250628426796,0.12297404874146928,1.5041276940819441,1.5151906722963824,1.4672978198480293,1.1871433008087844,1.156954223564074,2.1576851461962856,1.3456557352392917,-1.0095826687681548,1.2732764180377287,0.7709546520377137,1.4536365950935424,-0.24939609831579457,0.1525853645544154,-0.4264260262900831,1.2861683059763709,1.2252021902627568,1.3492231111887136,0.4715590419550961,1.5303585371383792,-0.6652566504981302,1.6734251643800817,1.425874295139022,-0.703326878689925,-0.7111739299888786,-0.584398373119998,1.1840948775638762,1.2004902580948387,-1.175371765192893,1.2250561896086811,1.2009569725023737,-0.8219266837137473,0.9993220460452299,1.1187852687351763,0,12.375000000000009,-8.458333333333334,Cephalophus_niger,62
268,1.1158135964643938,0.8574786308447615,-0.5413698342019571,1.5619212061317551,1.0526172659217472,-0.7220505957704779,-1.152083940437871,-0.01099329476222719,1.559190461927831,1.5689125114366622,1.4857662023375595,1.3186423336929625,1.156954223564074,2.2004603797920046,1.3417263191076594,-1.1553946812061637,1.0738968565535332,0.6911328300767499,1.5105117690690362,-0.36657780636942877,-0.095113653891691,-0.5660609222714954,1.3266599901666962,1.276959328658296,1.3786369329566441,0.15404509322733276,0.9688129274555572,-0.6652566504981302,1.4962786089900881,0.8157945998391988,-0.6653679902294599,-0.5627856767314052,-0.5940302766950943,0.8650236554499948,1.1037116280207735,-1.1853712061375552,1.2540979443652343,1.255991101807459,-0.8798623711417978,1.0466033801510222,1.1480604192872712,0,11.875000000000009,-2.2916666666666687,Cephalophus_niger,68
269,-0.07474972903879547,0.36737169503503647,-0.08448088615135091,0.9785705193969658,-0.6985163555203779,0.842741338765192,-1.384849481261036,1.779436565549369,1.3815426999724876,1.3955909574220364,1.2087404649946045,1.0436898103896812,1.156954223564074,1.471928762067841,1.0330361935354104,-1.469875530854104,0.3786150377002459,0.43554759569093965,1.3120806065323127,-0.3419841145557031,-0.8382107092300103,-0.46521664826176956,1.198436323563999,0.914659359889521,1.3492231111887136,1.837742913086482,1.7710209412881603,0.34384477090346727,-0.27518694490984563,1.3286637942395996,0.8909464366496069,1.0959830114682076,2.141430338632277,-0.4750754774283075,1.5392154633540664,-1.3957440598579478,0.7119851889095772,1.4260965923868134,-1.5316388547073652,0.9993220460452299,1.1529396110459535,0,5.791666666666676,-7.625000000000001,Cephalophus_niger,141
270,-1.0755341164924948,0.4082139396858469,0.281030272289134,1.5840906294134391,0.9639425339516567,-0.20731645158823117,-1.1590321917457422,0.30810781962499195,1.4261555994680601,1.4391174110320444,1.4442123417361163,1.0078264377849053,1.156954223564074,2.14123336045769,1.338815344390047,-1.0061125628746874,1.2354764341743676,0.7427937320721499,1.3967614211180484,-0.3116036717269831,-0.5079453513018684,-0.5682364038924582,1.2321793937226035,1.132039341150786,1.3051023785368177,0.9085048429566054,2.065163879693448,-0.6652566504981302,1.4077053312950916,1.9286872308256895,-0.6748577123445763,-0.4673932282087438,-0.5506867106071607,1.1521877553524882,1.055322312983741,-1.1869095816675033,1.196014434852128,1.150925945861387,-0.7712329572142032,0.9614969787605959,1.0699933511483517,0,11.541666666666675,-10.458333333333334,Cephalophus_niger,72
271,-1.1276180977083652,0.8983208754955719,0.1896524826790128,1.392390580296402,0.9275632531054328,-0.3926207729471675,-1.2424108761230193,0.2243228745533246,1.4864433014891045,1.4979369429374603,1.2502943255960477,1.2827789610881868,1.156954223564074,1.6054798725143273,1.4508812087323852,-1.0046327162550126,0.774631917304363,0.3924321417063891,1.3234556413274117,-0.3304106125257145,-0.34281267233779744,-0.41365061492645827,1.2726710779129289,1.1630936241881096,1.3639300220726789,0.5502092861353678,1.0401203064628997,-0.6652566504981302,1.082936646413437,1.140946964916577,-0.6653679902294599,-0.11762091695898517,2.512258626273488,0.5459524333361133,1.0069329979467085,-1.23998353745071,1.137930925339022,1.2459848964792615,-0.9522819804268607,0.9520407119394375,1.1724563780806836,0,10.208333333333343,4.291666666666667,Cephalophus_niger,88
272,1.5644594194129675,-0.00020850682225728276,0.4637858515093765,1.605100178941637,1.3186408835983705,-0.8455868100097689,-1.079127599890683,-0.10894741588844156,1.6319376223665576,1.6398880799358642,1.490383297959942,1.4740502816469911,1.156954223564074,2.066134893935652,1.5352941457145535,-0.7803165070110367,1.1792664221975175,0.6769553166113922,1.5673869430445302,-0.4099784389818859,-0.34281267233779744,-0.47570861540378606,1.3739002883887428,1.3908250331284826,1.3982461474685979,0.0040270348834812375,0.9598995050796394,-0.6652566504981302,2.116291552855065,0.8292029447908432,-0.703326878689925,-0.58398399862533,-0.6132940838452872,0.896930777661383,0.9585436829096758,-1.1282590145882347,1.3896261332291484,1.2760035124638536,-0.8074427618567347,1.1506223151837656,1.231006679184873,0,14.041666666666675,-12.291666666666668,Cephalophus_niger,42
273,-0.18542617287453822,0.7349518968923303,-0.6327476238120783,1.5992842576429933,1.3906416700951327,-0.8249974614235867,-1.2389367504690836,-0.07539407820328013,1.5306542829712035,1.5410712663347654,1.4442123417361163,0.9719630651801294,1.156954223564074,2.1718146917183376,1.8244819843054707,-0.7775118279851597,1.2008104854201107,0.7245376015665189,1.4334143110133666,-0.4490390083330973,-0.4253790118198329,-0.5957208000140702,1.3064141480715337,1.142390768829894,1.3443208075607251,0.027330810936895062,1.218388753981256,-0.6652566504981302,2.3820113859400553,0.9867509979726657,-0.703326878689925,-0.7800684761441341,-0.6132940838452872,1.088373510929712,1.2004902580948387,-1.2553672927501904,1.205695019770979,1.2259724858228669,-0.8726204102132914,1.178991115647241,1.240765062702238,0,13.708333333333346,-16.041666666666664,Cephalophus_niger,46
274,1.4858283157478116,0.8983208754955719,-0.6327476238120783,1.545976132870713,1.0044903011662127,-0.6808718985981136,-1.1694545024441136,0.04691329549896981,1.5901381489653004,1.5991065378147757,1.4857662023375595,1.3903690789025143,1.156954223564074,2.1480075209367526,1.2938435831629458,-1.1999436236853658,1.043539720443795,0.6913269370419013,1.5395813024342888,-0.42299862876562305,-0.5905116907839039,-0.40749471187442976,1.346905832261859,1.3080136116956198,1.4080507547245746,0.20939156135419057,1.0936008407184066,-0.6652566504981302,1.4962786089900881,0.8828363245974211,-0.6748577123445763,-0.5362877743639993,-0.5988462284826426,0.7373951666044422,1.1521009430578062,-1.1884479571974513,1.2540979443652343,1.311025231112544,-0.9595239413553671,1.0655159137933392,1.167577186322001,0,12.041666666666675,-3.458333333333333,Cephalophus_niger,66
275,-0.8604972696421154,0.8983208754955719,0.1896524826790128,1.2513683989133495,0.1385868588910886,-0.186727103002049,-1.350108357248551,0.6671580469682751,1.5475348395370958,1.5575407352682817,1.2964652818198736,1.163234385738934,1.156954223564074,1.6532873649234368,1.2816182888232623,-1.3208916083379758,0.6935483593977076,0.4404029369383304,1.4460532385634763,-0.31883711049572594,-0.26024633285576193,-0.5530335557810471,1.3199113761349754,1.1216879134716782,1.4031484510965864,0.7337265225560017,0.8351115918167901,-0.4760501339853307,0.22672829536180228,0.5945569081370651,-0.42812493735155344,-0.05932553175069207,1.727258484903133,-0.06028288868026159,1.490826148317034,-1.35305413890189,1.0120833213939588,1.4811307216918987,-1.386799636137239,1.0276908465087053,1.2554026379782854,0,7.958333333333344,-0.8750000000000012,Cephalophus_niger,115
276,-1.5978516656006976,0.9391631201463824,-1.272392151082927,1.7688310371533864,1.1393968371105632,-1.277963621208386,-0.8602585119856839,-0.4172248499522779,1.6247030981240322,1.6328297361072142,1.3657217161556123,1.4620958241120658,1.156954223564074,1.9294868725250707,1.3781112823159014,-0.6348428792585354,1.5188772445276,1.2283278568112217,1.465011629888641,-0.5083532062367887,-0.095113653891691,-0.5599416410023155,1.3739002883887428,1.4632850268822377,1.2854931640248641,-0.5873062824718946,-0.07405749052682689,-0.6652566504981302,2.4115358118383874,-0.17977501282040284,-0.703326878689925,-0.9125579879811638,-0.6229259874203835,1.343630488620817,0.8617650528356108,-0.9484613745255592,1.4961125673365097,1.150925945861387,-0.5467321684305078,1.2924663175011426,1.1236644604938588,0,15.708333333333346,-7.541666666666668,Cephalophus_niger,22
277,-1.5863144971380922,0.9800053647971928,-0.44999204459183584,1.453213753667825,0.5001063417662709,-0.3720313629998864,-1.2528332199531083,0.3713277758357753,1.5756691004802499,1.584989850157476,1.2872310905751083,1.2230066734135603,1.156954223564074,1.6958688569978466,1.4607778121284551,-1.1094061509928996,0.9460041965991873,0.4831298806460664,1.4435254530534545,-0.3810446839069145,-0.34281267233779744,-0.5000174084336314,1.3401572182301382,1.2252021902627568,1.388441540212621,0.6084687262689024,1.1738216421016667,-0.5706533922417305,0.8762656651251114,1.1342427924407548,-0.5989399354236461,-0.6104819009927359,2.5026267226983916,0.482138188913337,1.3456582032059363,-1.2684434847547486,1.1766532650144261,1.4010810790663202,-1.147814925496531,0.9993220460452299,1.260281829736968,0,9.875000000000009,0.6249999999999988,Cephalophus_niger,92
278,1.5105776362822385,-0.2452619747271198,-1.1810143614728057,1.716830163490821,1.2921144149970063,-1.3603210155531147,-0.8602585119856839,-0.4697687996224016,1.5603962159682518,1.5700889020747706,1.2687627080855781,1.2349611309484856,1.156954223564074,1.688707508813851,1.248435220143441,-0.15982653752625692,1.6692932976418458,1.3151413820222886,1.3967614211180484,-0.473632700146823,-0.4253790118198329,-0.46181465240957,1.3266599901666962,1.359770750091159,1.2364701277449799,-0.7169335367690091,-0.2879796275488544,-0.6652566504981302,2.500109089533384,-0.414421049474181,-0.703326878689925,-0.9814525341364193,-0.6229259874203835,1.2479091219866525,0.8133757377985782,-0.9271164140475303,1.4864319824176586,1.1559290485254856,-0.5612160902875203,1.3113788511434596,1.0602349676309868,0,16.125000000000007,-5.041666666666667,Cephalophus_niger,17
279,0.3656180545218321,0.44905618433665734,0.5551636411194977,0.927500775472197,0.15829233882239624,1.481011727867279,-1.419590605273521,3.4296014622472786,1.4438399920608997,1.4563711403909663,1.2179746562393696,1.031735352854756,1.156954223564074,1.3691522813967838,0.9219892147594746,-1.3500001129296735,0.37156428054099155,0.1552972929646172,1.36010853122273,-0.3173904227419774,-1.0033433881940812,-0.5568654308085697,1.2456766217860453,0.9457136429268445,1.3688323257006674,3.4486164327787128,3.8121946653733394,-0.19224035921613142,0.49244812844679237,4.328780977170049,0.13176866744030602,1.3450632937218236,7.092228776231816,-0.6665182106966364,1.6359940934281316,-1.4197811775133855,0.7507075285849812,1.5011431323482933,-1.6113004249209346,0.9614969787605959,1.1822147615980485,0,7.458333333333344,-11.541666666666668,Cephalophus_niger,121
280,-0.036659134265867296,1.2250588327020553,0.09827469306889156,1.2921949180100056,0.43416891330229146,-0.33085266582752204,-1.2945225621417467,0.48418901965651573,1.5845112967766697,1.593616714836937,1.3010823774422562,1.2708245035532615,1.156954223564074,1.6501904539593417,1.3277543955221702,-1.2608965567195571,0.7585720419607794,0.4372954474168375,1.473858879173718,-0.3318573002794631,-0.26024633285576193,-0.5723436050737111,1.3401572182301382,1.204499334904541,1.4080507547245746,0.5778825201987967,0.8975055484482147,-0.6021878116605304,0.4629237025484601,0.6884153227985763,-0.5609810469631811,-0.2713087506899397,1.8621051349544822,0.003531355742514714,1.3456582032059363,-1.3020954494723616,1.099208585663618,1.4761276190278,-1.314380026852176,1.0371471133298638,1.2749194050130153,0,8.875000000000009,-1.291666666666669,Cephalophus_niger,104
281,1.1348356535067723,0.6532674075907094,0.281030272289134,1.6304718190148833,1.0598171421896465,-0.8661762813181489,-1.0756534742367476,-0.12419892619343596,1.6837850461046555,1.690472877374522,1.513468776071855,1.5457770268565427,1.156954223564074,2.190589308348847,1.548829467507639,-0.7744546732349001,1.2166746143160483,0.6992897678107849,1.6090954039598926,-0.3304106125257145,-0.5905116907839039,-0.5193996496446955,1.4143919725790683,1.442582171524022,1.42275766560854,-0.030928629196639502,0.9420726603278038,-0.6652566504981302,2.116291552855065,0.765513306270532,-0.703326878689925,-0.5627856767314052,-0.6229259874203835,0.8650236554499948,0.9585436829096758,-1.1419120974165236,1.4283484729045526,1.3010190257843468,-0.814684722785241,1.1979036492895578,1.2456442544609205,0,14.291666666666675,-11.208333333333336,Cephalophus_niger,39
282,0.6904149646149591,0.36737169503503647,2.19996385410168,1.6044141463226564,0.6774555165896279,-0.3720313629998864,-1.221566188462841,0.23322778100645888,1.4651416467750022,1.4771540416642133,1.4857662023375595,1.079553182994457,1.156954223564074,2.258719577532829,1.4433130742037374,-1.1702730350350594,1.109346687646989,0.7534755420857118,1.4195114907082458,-0.30292354520449166,-0.5079453513018684,-0.547420948396783,1.259173849849487,1.142390768829894,1.3443208075607251,0.6900319424558508,1.548185381890215,-0.6337222310793303,1.2600832018034305,1.5163806235626223,-0.6748577123445763,-0.2607095897429773,-0.560318614182257,1.1202806331411,1.1521009430578062,-1.2305609873297785,1.166972680095575,1.1759414591818802,-0.8291686446422536,0.9709532455817544,1.1187852687351763,0,10.875000000000009,-8.041666666666668,Cephalophus_niger,80
283,-1.1407583067603582,-0.2452619747271198,0.281030272289134,0.7452107406361499,0.29812528088917645,1.6663160492262155,-1.409168278009291,4.659660768821148,1.4635339747211078,1.4755855208134023,1.1995062737498392,1.1393254706690834,1.156954223564074,1.1765675977996068,0.9532804163642776,-1.3511702111842159,0.18374033415775332,-0.03794522941223103,1.3917058500980044,-0.05698662706723465,-0.17767999337372647,-0.5973367759247469,1.259173849849487,0.9767679259641681,1.3688323257006674,4.028297862107381,5.273995935023861,-0.19224035921613142,0.7876923874301147,5.491954901725206,0.1412583895554223,-0.14941839979987231,8.763364046511038,-1.0813107994446824,1.5876047783910991,-1.4038205313901748,0.7119851889095772,1.566183466981576,-1.7344137607055417,0.9614969787605959,1.2261274874261907,0,7.458333333333344,-12.208333333333336,Cephalophus_niger,121
284,-1.2695255150400018,0.36737169503503647,-0.08448088615135091,1.3016703447035032,0.0025433710363855677,0.43095397202947416,-1.4265388400155334,1.1951557899676348,1.3413508986251248,1.3563779361517592,1.2502943255960477,0.7328739144816239,1.156954223564074,1.7916775833373748,1.297336619578366,-1.4868645705363646,0.6866936475356377,0.669769210049626,1.2691082528619395,-0.3419841145557031,-0.8382107092300103,-0.4965954068258755,1.1714418674371152,0.831847938456658,1.3149069857927946,1.5610105724521928,2.074077302069366,-0.1607059397973315,0.04958173997180889,1.4392826400906664,0.24564533282170117,0.5024299984383142,2.767504071013542,0.3864168222791725,1.7811620385392293,-1.4201657713958726,0.8184716230169383,1.3460469497612348,-1.336105909637695,0.8953031110124866,1.1383020357699063,0,6.62500000000001,-8.375000000000002,Cephalophus_niger,131
285,0.8245853553844945,0.36737169503503647,0.5551636411194977,1.0936658529128065,-0.0724889499183559,1.1721712536301507,-1.4265388400155334,2.1346493952938923,1.3819446179859611,1.3959830876347392,1.2179746562393696,0.8404640322959513,1.156954223564074,1.5145102541422506,1.064909456838021,-1.2529067432731056,0.5255055628100953,0.301151785524746,1.2766916093920053,-0.2855632921595088,-1.2510424066401875,-0.5214186657133999,1.198436323563999,0.8939565045313052,1.3443208075607251,2.7014391130661317,2.6177960670003526,-0.3183780368913311,0.13815501766680557,2.833750515061691,0.1412583895554223,1.578244834554996,4.944314278985323,-0.1879113775258142,1.4424368332800015,-1.413819972334837,0.7894298682603853,1.3760655657458267,-1.4012835579942517,0.9142156446548035,1.1334228440112237,0,8.041666666666679,-10.958333333333336,Cephalophus_niger,114
286,0.3454983685372585,0.24484496108260523,0.1896524826790128,1.407453383700941,1.0901333541199119,-0.4749782286529951,-1.183350971928138,0.1185462187598577,1.5025200220280497,1.5136221514455712,1.5227029673166204,1.3664601638326637,1.156954223564074,2.3326567762777524,1.4680548047701036,-0.9539352267186573,0.8075355503307292,0.3957337381930334,1.4763866646837398,-0.5372869613117601,0.2351517040364509,-0.4139861050883409,1.2861683059763709,1.2148507625836489,1.3639300220726789,0.44242932188832884,1.0846874183424888,-0.6652566504981302,1.2896076277017625,1.1208344474891103,-0.6843474344596925,-0.3137053944777892,-0.6084781320577389,0.6097666777588896,0.8617650528356108,-1.1955629440234607,1.196014434852128,1.2009569725023737,-0.8436525664992662,0.9804095124029129,1.1529396110459535,0,10.625000000000009,4.541666666666667,Cephalophus_niger,83
287,-1.1930836122857065,1.2250588327020553,0.09827469306889156,1.4287570896573358,0.6020443080370435,-0.3926207729471675,-1.221566188462841,0.302646789276541,1.5459271674832014,1.5559722144174708,1.2733798037079607,1.2349611309484856,1.156954223564074,1.6867718656268704,1.4115852708065308,-1.1206881610661368,0.9366032866700277,0.47400181539325087,1.416983705198224,-0.3318573002794631,-0.26024633285576193,-0.3796843637873495,1.3131627621032544,1.2148507625836489,1.3737346293286556,0.5633176601654131,1.0668605735906531,-0.6337222310793303,0.9943633687184403,1.1811719997715104,-0.6179193796538787,-0.6528785447805855,2.570050047724066,0.482138188913337,1.2004902580948387,-1.241521912980658,1.1863338499332772,1.3610562577535308,-1.0826372771399744,0.9709532455817544,1.231006679184873,0,10.208333333333343,0.20833333333333096,Cephalophus_niger,88
288,0.42500628495746207,0.6941096522415199,0.37240806189925524,1.6367127215667387,1.3057566814539434,-0.8044081128374045,-1.152083940437871,-0.09659859579518962,1.5595923799413047,1.569304641649365,1.481149106715177,1.1512799282040087,1.156954223564074,2.1365879940115473,1.6412471408108589,-0.5853038654114847,1.262504386426432,0.6330628420732126,1.4776505574387508,-0.40419168796689164,-0.095113653891691,-0.6011220580856309,1.3266599901666962,1.2355536179418647,1.3639300220726789,0.07102539103704598,0.9955531945833107,-0.6652566504981302,2.0867671269567327,0.9565822218314657,-0.703326878689925,-0.6051823205192548,-0.6084781320577389,1.1521877553524882,1.0069329979467085,-1.2011395553195225,1.3315426237160424,1.195953869838275,-0.7350231525716716,1.1317097815414485,1.1968523368740958,0,13.541666666666675,-14.708333333333336,Cephalophus_niger,48
289,-0.5095065166644712,-0.2452619747271198,-1.1810143614728057,1.7667725404402703,1.3925362526427594,-1.4014998354476769,-0.7942503896146494,-0.5020921761936855,1.6717275057004468,1.6787089709934386,1.2964652818198736,1.5338225693216176,1.156954223564074,1.7014820450374795,1.219763851369251,-0.21385648257501033,1.5278866615614677,1.4947890081757451,1.4574282733585753,-0.473632700146823,-0.4253790118198329,-0.5938260006109781,1.4008947445156263,1.5046907375986691,1.2707862531408987,-0.7941272949459424,-0.46624807506721067,-0.6652566504981302,2.647731219025045,-0.5619128439422701,-0.703326878689925,-0.8012667980380589,-0.6181100356328353,1.1840948775638762,0.7649864227615457,-0.8740424582643235,1.5541960768496157,1.1909507671741764,-0.5612160902875203,1.4532228534608367,1.104147693459129,0,16.625000000000007,-6.125000000000001,Cephalophus_niger,11
290,1.123380599829325,1.0208476094480032,-1.272392151082927,1.7441621816584219,1.352746549740713,-1.3809104868614948,-0.7247681415896794,-0.4928428633623657,1.688608062266339,1.6951784399269552,1.3149336643094038,1.7131394323454967,1.156954223564074,1.7612896982603512,1.2529469200490724,-0.46025486561626416,1.3878508483136882,1.3805912872062318,1.4498449168285092,-0.5372869613117601,-0.012547314409655536,-0.590294407572112,1.4143919725790683,1.5771507313524242,1.260981645884922,-0.7635410888758367,-0.40385411843578595,-0.6652566504981302,2.618206793126713,-0.4881669467082256,-0.703326878689925,-0.8224651199319836,-0.6181100356328353,1.1521877553524882,0.6682077926874805,-0.8125074370664024,1.5541960768496157,1.1459228431972883,-0.4960384419309636,1.5477855216724217,1.0895101181830815,0,16.875000000000007,-11.458333333333336,Cephalophus_niger,8
291,-0.34588593553501623,0.4082139396858469,0.281030272289134,1.6826198706055906,0.6713921585568452,-0.08378023734894026,-1.2424108761230193,0.3916960039496211,1.3883753062015391,1.4022571710379834,1.481149106715177,0.864372947365802,1.156954223564074,2.340398758350305,1.5217590459976593,-1.1517468060769207,1.198460033800667,0.8655366047060011,1.351261281937653,-0.3116036717269831,-0.5079453513018684,-0.4056100620905991,1.2051849375957198,1.0285250643597075,1.3051023785368177,1.1255212574540217,1.8601551650473385,-0.6021878116605304,0.9943633687184403,1.972264351918534,-0.5894502133085299,0.014868594878044608,-0.4543676748561969,1.5031660996777578,1.2488795731318711,-1.271712532755888,1.147611510257873,1.1008949192204003,-0.7350231525716716,0.942584445118279,1.0797517346657166,0,10.291666666666675,-8.708333333333334,Cephalophus_niger,87
292,0.20272628531596748,0.48989842898746777,-0.6327476238120783,0.795578298266898,0.25227221995434757,1.6663160492262155,-1.4126423870973674,4.588323024216252,1.477199187179211,1.4889179480452965,1.213357560616987,1.1393254706690834,1.156954223564074,1.2290203089860166,0.814289812493555,-1.3505909033241104,0.22251934910888282,0.01468665192869365,1.3980253138730592,-0.41287181448938304,0.4828507224825573,-0.6167498462986063,1.265922463881208,0.987119353643276,1.3786369329566441,4.146273228377789,5.425524115414464,-0.06610268154093174,0.7581679615317825,5.62268626500374,0.20768644436123612,-0.09112301459157922,8.951186166225417,-0.9855894328105179,1.5876047783910991,-1.4097817365687235,0.7410269436661302,1.5611803643174773,-1.7054459169915164,0.9804095124029129,1.2017315286327783,0,7.37500000000001,-12.041666666666668,Cephalophus_niger,122
293,-0.2407420103250184,0.48989842898746777,0.281030272289134,1.5720992179754472,0.8782994809979576,-0.7220505957704779,-1.079127599890683,-0.042086710219633575,1.5274389388634144,1.537934224633143,1.4349781504913512,1.3305967912278878,1.156954223564074,2.0941999481207616,1.284965643257087,-1.0204287626295212,1.19023420025646,0.6936577023562768,1.458692166113586,-0.31015698397323455,-0.17767999337372647,-0.4658198340202509,1.2996655340398127,1.2562564733000803,1.3296138966767599,0.16278400924736294,1.254042443484927,-0.6652566504981302,1.8210472938717428,0.9599343080693769,-0.6938371565748087,-0.748270993303247,-0.6084781320577389,0.9607450220841592,0.9585436829096758,-1.1284513115294783,1.2444173594463832,1.1759414591818802,-0.7712329572142032,1.0560596469721808,1.094389309941764,0,12.708333333333346,-6.791666666666668,Cephalophus_niger,58
294,-1.447457062243512,0.6532674075907094,0.37240806189925524,1.63654919053547,1.1174178870337859,-1.257374272622204,-0.9054219466965403,-0.4101402806927215,1.5177929065400475,1.5285230995282766,1.2595285168408128,1.1512799282040087,1.156954223564074,1.6660619011470652,0.7403555406052644,-0.12319277202035302,1.6201337439747117,1.1331629905544567,1.3891780645879823,-0.2595229125920345,-0.012547314409655536,-0.6137012455149432,1.2996655340398127,1.287310756337404,1.2364701277449799,-0.5873062824718946,-0.029490378647237823,-0.6652566504981302,2.470584663635052,-0.17977501282040284,-0.703326878689925,-0.9019588270342015,-0.6229259874203835,1.1202806331411,0.8133757377985782,-0.9907667015991299,1.4380290578234036,1.1709383565177816,-0.6191517777155707,1.2262724497530333,1.0358390088375744,0,15.458333333333346,-4.708333333333333,Cephalophus_niger,25
295,-0.200077728495451,-0.0410507514730677,0.1896524826790128,1.0931104456907537,0.2033874800031273,0.225060298249287,-1.3674789192547936,1.0384094675413797,1.338135554517336,1.3532408944501368,1.181037891260309,0.7926462021562503,1.156954223564074,1.492445280364022,1.1596558210848542,-1.4055959535901335,0.47595451624766916,0.2790114412905048,1.2804832876570382,-0.20599546570333743,-0.012547314409655536,0.469495882465975,1.1714418674371152,0.8629022214939817,1.2903954676528524,1.1342601734740518,1.12034110784616,-0.2868436174725312,-0.009467111824855575,0.936469704403999,-0.03904633063178668,0.41233713038913394,2.2184855672330484,-0.09219001089164974,1.6359940934281316,-1.3651688462002307,0.7894298682603853,1.4010810790663202,-1.4374933626367832,0.8101967096220603,1.1626979945633185,0,7.708333333333344,0.6249999999999988,Cephalophus_niger,118
296,-0.012946082898315898,0.4082139396858469,0.281030272289134,0.9116209151955753,-0.544283227242563,0.20447091898255534,-1.384849481261036,1.2665918774106157,1.468758908896265,1.4806832135785384,1.2225917518617522,1.1154165555992328,1.156954223564074,1.3834752731024598,0.9751113942892228,-1.4740109235842553,0.30066521605315655,0.578683257179646,1.3904419573429934,-0.33764405129445735,-0.9207770487120457,-0.5405494213703871,1.265922463881208,0.987119353643276,1.3639300220726789,0.9609383390767865,1.218388753981256,-0.09763710095973166,-0.09804038951985226,0.9297655319281768,0.312073387627515,0.5766241250670509,0.8025957416938806,-0.7622395773308009,1.6359940934281316,-1.387475291384477,0.7313463587472792,1.5161524403405893,-1.647510229563466,1.1506223151837656,1.2163691039088258,0,5.958333333333344,-4.375000000000001,Cephalophus_niger,139
297,-0.8507303998259783,0.7349518968923303,0.09827469306889156,1.201311350813925,0.005574905494364901,-0.33085266582752204,-1.325789560500296,0.5827334980947133,1.5206063326343628,1.5312680110171961,1.2641456124631956,1.1034620980643075,1.156954223564074,1.6145768638853033,1.103477429008281,-1.4207151605781738,0.60188881517694,0.5915011328494085,1.4447893458084655,-0.35211092883194306,-0.34281267233779744,-0.4663430848013968,1.2996655340398127,1.0906336304343547,1.3737346293286556,0.510884164045232,0.3359599387653925,-0.5391189728229305,0.10863059176847335,0.4403609411931537,-0.38067632677597213,-0.011629307489361349,1.428669474075145,-0.15600425531442605,1.6359940934281316,-1.3338244447775396,0.9733609817185547,1.5111493376764906,-1.459219245422302,1.0749721806144976,1.240765062702238,0,7.458333333333344,1.958333333333331,Cephalophus_niger,121
298,-0.2742611701633103,-0.2452619747271198,-1.1810143614728057,1.659225360586,1.3777571788338816,-1.4014998354476769,-0.7247681415896794,-0.4989926689317533,1.753316862435593,1.7583114041721015,1.291848186197491,1.8087750926248989,1.156954223564074,1.6201900519249364,1.1283648415562426,-0.37638797520030676,1.3717909729701048,1.4697352813851625,1.4978728415189264,-0.473632700146823,-0.4253790118198329,-0.5986861690284065,1.4616322708011147,1.6289078697479635,1.295297771280841,-0.7897578369359273,-0.48407491981904627,-0.6652566504981302,2.588682367228381,-0.558560757704359,-0.6938371565748087,-0.8118659589850212,-0.6181100356328353,0.7693022888158303,0.5714291626134155,-0.8151995942438115,1.5929184165250199,1.2309755884869655,-0.5901839340015456,1.5856105889570555,1.1285436522525414,0,17.041666666666675,-8.958333333333334,Cephalophus_niger,6
299,0.9360826508068069,0.20400271643179482,0.5551636411194977,0.9329409742550968,-0.34760760464415325,0.20447091898255534,-1.3813753721729594,1.2614261007890253,1.468758908896265,1.4806832135785384,1.2225917518617522,1.1034620980643075,1.156954223564074,1.3933463445456171,0.9967966902325724,-1.4633884590805368,0.32279681746822614,0.5903358983654767,1.3891780645879823,-0.29858348194324597,-0.9207770487120457,-0.4800445816661186,1.265922463881208,0.987119353643276,1.3639300220726789,0.9886115731402154,1.164908219725749,-0.09763710095973166,-0.1275648154181845,0.9297655319281768,0.27411449916704994,0.5819237055405321,0.8940988256572961,-0.6984253329080246,1.6359940934281316,-1.3872829944432337,0.7410269436661302,1.5111493376764906,-1.6330263077064535,1.1506223151837656,1.2163691039088258,0,6.041666666666676,-4.125000000000001,Cephalophus_niger,138
300,0.8968495264835636,0.48989842898746777,1.103430378780225,0.9216846547454662,0.2950937464311971,0.24564966217574388,-1.3362119043303853,1.2559649953697054,1.463132056707634,1.4751933906006995,1.1995062737498392,1.163234385738934,1.156954223564074,1.313796400767588,1.051665276931935,-1.3636681796338672,0.32201323397856546,0.30425927504623884,1.3954975283630373,-0.28411660440576025,-0.34281267233779744,-0.48584715079189533,1.259173849849487,1.0078222090014917,1.3492231111887136,1.0177412932069827,0.8172847470649545,-0.38144687572893093,0.07910616587014112,0.8928925833111545,-0.23833049504922818,0.22155223334381108,1.8861848938922232,-0.6984253329080246,1.5876047783910991,-1.352669545019403,0.7797492833415343,1.521155543004688,-1.6185423858494408,1.0276908465087053,1.2261274874261907,0,7.208333333333344,4.124999999999999,Cephalophus_niger,124
301,1.1042816455577908,0.6532674075907094,-0.5413698342019571,1.5470707936397785,1.1681972095326327,-0.5779250329450049,-1.0964981618969256,0.019066957863774204,1.4892567275834199,1.5006818544263798,1.4534465329808814,1.1512799282040087,1.156954223564074,2.0674899032340757,1.6044255758102133,-0.6188117209920477,1.1254065629905727,0.5503279339024191,1.4270948472383118,-0.43746550630310876,-0.5905116907839039,-0.6026525595279775,1.2726710779129289,1.1734450518672175,1.3100046821648061,0.3463012456679968,1.3966572014996121,-0.6652566504981302,2.027718275160068,1.4124659501873775,-0.703326878689925,-0.44089532584133784,-0.6036621802701908,1.0245592665069356,0.8617650528356108,-1.1661415120132048,1.2444173594463832,1.1259104325408937,-0.6988133479291401,1.0655159137933392,1.1529396110459535,0,13.041666666666675,-14.541666666666668,Cephalophus_niger,54
302,-1.5503327825400917,-0.20441973007630937,0.281030272289134,1.3437548561724064,1.1098386894928076,-0.1661376930547679,-1.1451357222617176,0.3303455375837408,1.422136419333324,1.4351961089050167,1.3934242898899079,1.1393254706690834,1.156954223564074,1.9302609525972518,1.389026771278374,-0.9798546674461919,1.004368913747835,0.4672045154548109,1.3992892066280702,-0.1336610780159089,1.2259477778208765,-0.21003481317919145,1.2321793937226035,1.1527421965090017,1.3100046821648061,0.8080073087262583,2.1453846810767083,-0.6652566504981302,1.7029495902784137,1.9756164381564452,-0.6938371565748087,-0.7429714128297658,-0.5699505177573534,0.5459524333361133,0.9101543678726434,-1.1703720447205619,1.1185697555013199,1.2009569725023737,-0.9015882539273167,0.9236719114759621,1.1724563780806836,0,12.291666666666675,-11.291666666666668,Cephalophus_niger,63
303,0.22819217215358853,0.5715829182890886,-0.8155032030323207,0.8112619213059972,-2.004761164256312,1.5633691835731067,-1.4265388400155334,3.8576771763665674,1.3095993755607083,1.32539964934824,1.1856549868826916,0.9002363199705777,1.156954223564074,1.3023767261735406,0.8950644752310905,-1.5315740584498452,0.17649383055085302,0.27842882404853886,1.2766916093920053,-0.41142512673563447,-0.34281267233779744,-0.22929586549058212,1.1511960253419524,0.7904422277402265,1.295297771280841,3.5840696310891804,2.680190023631777,3.4342178739458595,-0.7771021851814935,2.421443907798624,4.070003345213555,2.468574354099836,3.0612771300539814,-0.7622395773308009,1.7327727235021968,-1.4128584876286194,0.5667764151268119,1.446109003043208,-1.669236112348985,0.9520407119394375,1.1285436522525414,0,5.12500000000001,-8.041666666666668,Cephalophus_niger,149
304,0.7574796189590619,1.0208476094480032,-0.906880992642442,1.2758414160269655,0.2560616741664247,-0.1661376930547679,-1.325789560500296,0.6111701930418921,1.5390945612541498,1.5493060008015236,1.2779968993303432,1.175188843273859,1.156954223564074,1.6010282475894937,1.3482755680699048,-1.219140880747354,0.7319358814535452,0.387965310735813,1.416983705198224,-0.4475923205793487,-0.7556443697479748,-0.3315278003371205,1.3131627621032544,1.132039341150786,1.388441540212621,0.7832470466695061,1.031206884086982,-0.5075845534041307,0.4038748507517957,0.87948423835951,-0.43761465946666966,-0.21831294595512782,2.136614386844729,0.03543847795390286,1.3456582032059363,-1.3313245845413741,1.0314444912316607,1.431099695050912,-1.2998961049951634,0.9993220460452299,1.2505234462196029,0,8.291666666666679,-0.1250000000000012,Cephalophus_niger,111
305,1.5272269397811484,0.6941096522415199,0.281030272289134,1.4985820480158378,0.8116042773382923,-0.49556757723917727,-1.16250628426796,0.15190275816254661,1.5161852344861528,1.5269545786774654,1.4719149154704119,1.2708245035532615,1.156954223564074,2.162137066458804,1.3414351772206599,-1.2345755773676925,0.9657856452443516,0.6456869071243355,1.4612199516236082,-0.3506642410781945,-0.5905116907839039,-0.5165389048622598,1.2929169200080917,1.2252021902627568,1.3492231111887136,0.46282012593506594,1.3699169343718587,-0.6337222310793303,1.3781809053967593,1.2180449483885327,-0.6558782681143437,-0.44089532584133784,-0.5555026623947089,0.7693022888158303,1.055322312983741,-1.1905632235511299,1.137930925339022,1.2059600751664723,-0.8943462929988103,1.0371471133298638,1.1187852687351763,0,11.541666666666675,-6.708333333333332,Cephalophus_niger,72
306,0.5021189316934681,0.24484496108260523,0.1896524826790128,1.5509263368440676,1.167439434336947,-0.6808718985981136,-1.0652311304066584,-0.019947410169838177,1.5374868892002551,1.5477374799507124,1.4395952461137338,1.378414621367589,1.156954223564074,2.0394245537112807,1.4983271208085038,-0.8489208688061721,1.272101341652776,0.6272366696535532,1.4966089487639156,-0.3130503594807317,0.5654170619645927,-0.576547239866405,1.3131627621032544,1.3183650393747275,1.3394185039327366,0.2035656173408371,1.2451290211090094,-0.6652566504981302,1.9096205715667394,1.0873135851099993,-0.6938371565748087,-0.9072584075076827,-0.5940302766950943,0.896930777661383,0.9585436829096758,-1.094799346811865,1.3218620387971913,1.2259724858228669,-0.7857168790712158,1.0371471133298638,1.2066107203914607,0,13.291666666666675,-9.291666666666668,Cephalophus_niger,51
307,0.45992618576109356,0.8983208754955719,0.1896524826790128,1.2687673029279876,0.17723989899960607,-0.33085266582752204,-1.2771520001355041,0.41211332841164044,1.4470553361686889,1.4595081820925886,1.2041233693722218,1.031735352854756,1.156954223564074,1.5216717499950887,1.208557220519779,-1.1345971509449282,0.7636641392454204,0.30833774391325636,1.3360945688775214,-0.3304106125257145,-0.34281267233779744,-0.3492061577062466,1.2456766217860453,1.049227919717923,1.3345162003047484,0.5618611741620747,0.692496833802105,-0.4760501339853307,0.4038748507517957,0.7051757539881319,-0.48506327004225097,-0.3137053944777892,1.8861848938922232,0.19497408901084362,1.3456582032059363,-1.303441528061066,0.9927221515562566,1.3660593604176294,-1.2347184566386067,0.8953031110124866,1.177335569839366,0,8.791666666666679,2.5416666666666665,Cephalophus_niger,105
308,1.6617781298430097,0.6532674075907094,-0.08448088615135091,1.2976351167929054,1.2750614373674232,0.12211343259617825,-1.3570565919905633,0.6530872888226814,1.4506725982899515,1.4630373540069135,1.425743959246586,0.9360996925753536,1.156954223564074,2.0672961617127665,1.4338528505238797,-0.8571286403585591,0.7288021451939792,0.3926265450180523,1.3702196732628178,-0.3202837982494745,-0.17767999337372647,-0.5648948655313776,1.2456766217860453,0.9767679259641681,1.3394185039327366,1.154650977520789,3.625012795479065,-0.6652566504981302,2.2639136823467263,3.0315236030984467,-0.703326878689925,-0.4620936477352626,-0.6132940838452872,0.41832394449056065,1.1521009430578062,-1.3609383134928736,0.9636803967997036,1.2509879991433601,-1.0898792380684805,1.0749721806144976,1.1383020357699063,0,12.291666666666675,-16.041666666666664,Cephalophus_niger,63
309,1.4280885038255382,0.6941096522415199,-0.3586142549817146,1.2452256149802552,0.21551390695186864,-0.2690845587078766,-1.3466342481604743,0.47282419097562645,1.4514764343168987,1.463821614432319,1.2549114212184302,1.0436898103896812,1.156954223564074,1.6523195433299465,1.2768154470306314,-1.3899776764514005,0.6551611361914085,0.4394318094195499,1.3487334964276312,-0.38972481042940593,-0.6730780302659393,-0.43327255345910776,1.2524252358177663,1.0285250643597075,1.354125414816702,0.6099252122722407,0.9153323932000503,-0.4760501339853307,0.4333992766501279,0.90965301450071,-0.34271743831550705,-0.31900497495127045,2.179957952932663,0.13115984458806731,1.3456582032059363,-1.3426701040747409,0.9733609817185547,1.3810686684099254,-1.2709282612811381,0.9331281782971205,1.1919731451154134,0,9.041666666666675,-5.375000000000001,Cephalophus_niger,102
310,1.5837248087832223,0.20400271643179482,0.8292970099498614,1.103255751328192,-0.09446818911195705,-0.22790580017441334,-1.3327378118081674,0.5429812209565563,1.420930665292903,1.4340197182669083,1.213357560616987,1.0556442679246063,1.156954223564074,1.4531541454373313,1.1974962716519024,-1.2877738788628645,0.5462663413925662,0.7206533878379087,1.3386223543875433,-0.2913500431745031,-0.5905116907839039,-0.4450936756085456,1.2254307796908825,1.0078222090014917,1.3247115930487714,0.5851649502154885,0.6033626100429269,-0.4760501339853307,0.07910616587014112,0.4168963375277759,-0.28577910562480946,0.136758945768112,1.245663306148314,-0.1879113775258142,1.3456582032059363,-1.328247833481478,0.9152774722054485,1.4160903870586161,-1.36507375335172,1.103340981077973,1.1968523368740958,0,8.291666666666679,-2.7916666666666687,Cephalophus_niger,111
311,-0.4325107958522499,0.7757941415431406,0.09827469306889156,0.9772963733496786,0.46637970778018334,0.10152408400999609,-1.3362119043303853,0.9364211880693677,1.305580195425972,1.3214783472212124,1.1533353175260135,0.9241452350404283,1.156954223564074,1.3805719559908312,1.0740783165546877,-1.3943253560357747,0.38018190583002887,0.16675597535855233,1.2589971108218516,-0.3419841145557031,-0.4253790118198329,-0.4301350640219365,1.1444474113102316,0.8525507938148738,1.2707862531408987,0.8997659269365752,1.075773995966571,-0.41298129514773085,0.13815501766680557,0.8292029447908432,-0.21935105081899564,0.09436230198026248,2.064375110031506,-0.34744698858275497,1.5392154633540664,-1.3505542786657245,0.6926240190718751,1.386071771074024,-1.4881870891363274,0.7723716423374264,1.1285436522525414,0,7.541666666666676,5.458333333333331,Cephalophus_niger,120
312,0.3143274710016426,0.9391631201463824,-1.272392151082927,1.6679327897167955,1.2314819911364758,-1.3191423183807505,-0.8046727003130208,-0.4495482359074204,1.6998617666436007,1.7061580858826328,1.3426362380436994,1.7131394323454967,1.156954223564074,1.8180007358568129,1.2865665905212973,-0.6783880101846395,1.3749247092296706,1.195894212840233,1.4877616994788387,-0.5083532062367887,-0.095113653891691,-0.546267575012205,1.4211405866107891,1.5460964483151005,1.295297771280841,-0.6732389566688581,-0.17210513666192284,-0.6652566504981302,2.7067800708217096,-0.3172105485747586,-0.703326878689925,-1.0026508560303442,-0.6229259874203835,0.9288378998727711,0.6682077926874805,-0.8892339166225602,1.5057931522553607,1.1859476645100777,-0.5901839340015456,1.4437665866396783,1.1334228440112237,0,16.125000000000007,-9.541666666666668,Cephalophus_niger,17
313,-0.3916404452493457,-0.20441973007630937,0.281030272289134,0.7524645384414366,-0.35177594645407334,-0.0631908887627581,-1.3813753721729594,0.9836024783807009,1.3385374725308095,1.3536330246628396,1.157952413148396,1.0436898103896812,1.156954223564074,1.2446980146524311,0.8550410157020243,-1.5861317099696666,0.04370481975951222,0.36388285963726663,1.2905944296971261,-0.1336610780159089,1.2259477778208765,0.3766913248656535,1.1714418674371152,0.8421993661357658,1.2903954676528524,0.5662306321720898,0.8529384365686257,-0.0030338427033318937,-0.1275648154181845,0.564388131995865,0.25513505493681743,0.23745097476425464,0.4654791165655073,-0.9217751883877416,1.5876047783910991,-1.3763220687923539,0.5570958302079608,1.4561152083714053,-1.6909619951345038,0.9993220460452299,1.1626979945633185,0,5.791666666666676,-0.20833333333333331,Cephalophus_niger,141
314,-1.4290407190132393,1.5109545452577282,0.09827469306889156,1.3943509583907567,0.6444866577992261,-0.43379947011953185,-1.2841002183116577,0.28813326314696,1.53025236495773,1.5406791361220626,1.2964652818198736,1.2588700460183362,1.156954223564074,1.7624509660374656,1.2935524412759463,-1.3058412265404702,0.7971553104642629,0.5499394236256046,1.3992892066280702,-0.34053742680195453,-0.5905116907839039,-0.5364864236152865,1.3064141480715337,1.1734450518672175,1.388441540212621,0.48758038799181813,1.2273021763571736,-0.5706533922417305,1.0238877946167726,1.0940177575858214,-0.5989399354236461,-0.14941839979987231,2.4448353012478132,0.41832394449056065,1.2488795731318711,-1.2755584715807582,1.1088891705824688,1.3510500524253335,-1.1260890427110122,0.9993220460452299,1.1870939533567308,0,10.708333333333343,-4.125000000000001,Cephalophus_niger,82
315,-0.20720217777272404,0.08147598247936355,0.281030272289134,1.150682542389321,0.658507956412418,0.5544901785986277,-1.2632555637831973,0.9055245708944338,1.1797798572087266,1.1987415906452443,1.2733798037079607,0.7448283720165492,1.156954223564074,1.7407731799641701,1.0654915185358287,-1.1825817517146038,0.685714317598331,0.38660567294021797,1.1995941513363357,-0.2638629758532803,-0.5905116907839039,0.8773252129358112,1.0634640429295805,0.7904422277402265,1.2168609132330261,1.59014029251896,2.75149740263912,-0.6021878116605304,1.0534122205151049,2.625921168311202,-0.5799604911934136,0.12615978482114962,-0.34841673553013675,0.41832394449056065,1.1521009430578062,-1.294211274881378,0.7700686984226832,1.1459228431972883,-1.0826372771399744,0.7345465750527924,0.9772887077333848,0,10.958333333333345,-12.291666666666668,Cephalophus_niger,79
316,-0.1455853760982923,1.0208476094480032,-0.906880992642442,1.3704335479272804,0.6520658553402044,-0.45438888006681294,-1.2493590942991726,0.2843449618963739,1.6029995253964564,1.6116547046212644,1.2964652818198736,1.2947334186231119,1.156954223564074,1.6438034811852125,1.3618106677867987,-1.1303871917570767,0.8911650074549359,0.43088665775521207,1.4624838443786192,-0.4475923205793487,-0.7556443697479748,-0.44569380914417434,1.35365444629358,1.2562564733000803,1.4031484510965864,0.44679877989834393,1.1559947973498312,-0.6337222310793303,1.0534122205151049,1.0068635154001324,-0.6368988238841111,-0.6634777057275478,2.3196205547715603,0.22688121122223176,1.2004902580948387,-1.2536366202789988,1.1863338499332772,1.4160903870586161,-1.1622988473535436,1.0276908465087053,1.260281829736968,0,10.458333333333343,-1.2083333333333333,Cephalophus_niger,85
317,-0.422568142130423,0.04063373782855314,0.281030272289134,0.8700756572736847,-0.24983812474171282,0.32800713322184627,-1.3917977160030484,1.3309435269680607,1.3441643247194401,1.3591228476406785,1.1671866043931614,0.9360996925753536,1.156954223564074,1.2973443196913073,0.9714728979683986,-1.4019881973155968,0.2779460764456106,0.4872084976863397,1.294386107962159,-0.33330398803321165,-1.333608746122223,-0.49500315412166546,1.1714418674371152,0.8525507938148738,1.3002000749088294,1.074544247337179,0.977726349831475,-0.19224035921613142,-0.27518694490984563,0.8627238071699544,0.39748088666356135,0.7409111197449678,1.120448559672061,-0.6665182106966364,1.684383408465164,-1.39093663632686,0.653901679396471,1.461118311035504,-1.6257843467779471,1.0182345796875467,1.1578188028046361,0,6.208333333333344,-1.9583333333333333,Cephalophus_niger,136
318,-0.4233360610352792,0.20400271643179482,0.281030272289134,0.8041878082070192,-0.29114381171036674,0.34859649714830315,-1.3987459341792017,1.506139115960741,1.475189597111843,1.4869572969817826,1.2225917518617522,1.163234385738934,1.156954223564074,1.2986991813208884,0.866101964569901,-1.4986742870806693,0.18667832396967335,0.4800226874710852,1.3980253138730592,-0.3361973635407088,-1.1684760671581522,-0.564354553607107,1.265922463881208,0.987119353643276,1.3737346293286556,1.0483274992770883,1.8690685874232562,-0.09763710095973166,0.2562527212601345,1.2146928621506217,0.5208472741600728,0.4600333546504647,0.5184545862285374,-0.9855894328105179,1.6359940934281316,-1.4015129680952527,0.6926240190718751,1.5411679536610827,-1.7126878779200227,1.1506223151837656,1.2163691039088258,0,5.541666666666676,-5.041666666666667,Cephalophus_niger,144
319,0.4830764652837623,0.24484496108260523,0.09827469306889156,1.427842113594579,0.5929492709878694,-0.0631908887627581,-1.2771520001355041,0.4584090827549989,1.4092750429021679,1.4226479420985276,1.4303610548689685,0.9002363199705777,1.156954223564074,2.172395325606895,1.3903365766555849,-1.3108312278928655,0.7869708170454426,0.6169430735702941,1.3537890674476751,-0.24794941056204597,-0.26024633285576193,-0.4635217352158439,1.2186821656591615,1.0181736366805996,1.3247115930487714,1.0090023771869525,1.7888477860399958,-0.5706533922417305,0.9648389428201081,1.8180683849746226,-0.5135324363875998,0.020168175351525798,-0.41584006055581135,0.7373951666044422,1.1037116280207735,-1.289980742174021,1.0217639063128097,1.1759414591818802,-0.9377980585698482,0.942584445118279,1.1090268852178113,0,9.875000000000009,-7.541666666666668,Cephalophus_niger,92
320,-1.3156650705117945,0.44905618433665734,-0.5413698342019571,1.5250481494300625,1.1113545290010032,-0.5779250329450049,-1.061757004752723,0.044404126781303656,1.5628077240490936,1.572441683350987,1.4395952461137338,1.3664601638326637,1.156954223564074,2.158846709311085,1.4975993771291007,-0.82772186993606,1.0744843947460094,0.6190794355730065,1.4953450560089045,-0.43891219405685733,-0.6730780302659393,-0.4217545600831024,1.3266599901666962,1.297662184016512,1.3443208075607251,0.339018815651305,1.3431766672441052,-0.6652566504981302,1.8800961456684073,1.3286637942395996,-0.6938371565748087,-0.3402032968451952,-0.6181100356328353,0.8012094110272184,0.8617650528356108,-1.1288359054119652,1.2928202840406382,1.210963177830571,-0.7857168790712158,1.1317097815414485,1.1822147615980485,0,13.041666666666675,-13.375000000000002,Cephalophus_niger,54
321,-0.2287062772287754,0.6941096522415199,-0.44999204459183584,1.2328094217171386,0.0025433710363855677,-0.20731645158823117,-1.3709530283428701,0.5887849608260163,1.4197249112524821,1.4328433276288,1.2456772299736651,0.9600086076452042,1.156954223564074,1.6614165347009227,1.1344774887260842,-1.432742835228414,0.627937437491698,0.44855987467236536,1.3272473195924446,-0.39695824919814876,-1.0859097276761167,-0.5438529145562311,1.2254307796908825,0.9664164982850603,1.3394185039327366,0.6900319424558508,1.0490337288388176,-0.4445157145665308,0.2562527212601345,0.8426112897424877,-0.23833049504922818,-0.006329727015880157,2.083638917181699,0.13115984458806731,1.5392154633540664,-1.3659380339652047,0.8959163023677466,1.386071771074024,-1.336105909637695,0.904759377833645,1.1578188028046361,0,8.458333333333345,-5.875000000000001,Cephalophus_niger,109
322,1.295854237812005,-0.08189299612387813,-0.5413698342019571,1.4839767326426772,1.0120694987071912,-0.6396932014257493,-1.0721793817145295,0.01026043178415902,1.4611224666402658,1.4732327395371856,1.3888071942675253,1.2827789610881868,1.156954223564074,2.1371686279001048,1.2235478075954793,-1.1980279308692736,1.006131528325264,0.662194889557557,1.4005530993830813,-0.3810446839069145,-0.095113653891691,-0.4121663933022526,1.259173849849487,1.1734450518672175,1.2854931640248641,0.2487166834443264,1.0846874183424888,-0.6337222310793303,1.5553274607867527,1.0035114291622214,-0.6558782681143437,-0.58398399862533,-0.5988462284826426,0.8650236554499948,0.9585436829096758,-1.1253745604695822,1.128250340420171,1.135916637869091,-0.8002008009282284,1.0182345796875467,1.040718200596257,0,12.458333333333346,-4.625000000000001,Cephalophus_niger,61
323,0.6014835824430672,1.0208476094480032,-1.272392151082927,1.7362057987029407,1.1268916671223907,-1.257374272622204,-0.8915255103442333,-0.4109274550548944,1.6894118982932864,1.6959627003523607,1.4072755767570557,1.5338225693216176,1.156954223564074,1.9753587217471995,1.4236651052408102,-0.6996559042607395,1.446607058357628,1.0982047706504527,1.5231506966191461,-0.5054598307292916,-0.012547314409655536,-0.4810589077125057,1.4143919725790683,1.5046907375986691,1.3247115930487714,-0.5814803384585412,-0.07405749052682689,-0.6652566504981302,2.470584663635052,-0.15631040915502503,-0.6938371565748087,-0.944355470822051,-0.6132940838452872,1.1521877553524882,0.8133757377985782,-0.9730753830047276,1.5154737371742117,1.1909507671741764,-0.5901839340015456,1.3870289857127274,1.1578188028046361,0,15.791666666666675,-11.375000000000002,Cephalophus_niger,21
324,-1.283428112716672,0.9391631201463824,-1.272392151082927,1.7383624140348177,1.1810817007938839,-1.2985529697945681,-0.846362075633377,-0.4256869884214247,1.7279960275867545,1.7336072007718268,1.3564875249108472,1.6294582296010198,1.156954223564074,1.8619369418919611,1.3121815246724708,-0.6834182004071946,1.4229088876623137,1.3023232100060143,1.525678482129168,-0.5083532062367887,-0.095113653891691,-0.566638154352964,1.441386428705952,1.5564478759942084,1.3296138966767599,-0.6251749185586921,-0.10079775765458032,-0.6652566504981302,2.500109089533384,-0.25352091005444743,-0.703326878689925,-0.9125579879811638,-0.6229259874203835,1.0245592665069356,0.8133757377985782,-0.9398080121696015,1.5348349070119138,1.2309755884869655,-0.6336356995725834,1.4343103198185199,1.167577186322001,0,15.875000000000009,-1.541666666666669,Cephalophus_niger,20
325,0.8565408943388414,1.184216588051245,2.19996385410168,1.700607087476622,0.9988059752896851,-1.1956061041414594,-0.9227925087027828,-0.37215907549051414,1.5105583822975222,1.5214647556996266,1.3426362380436994,1.211052215878635,1.156954223564074,1.927744970859399,1.4083833762781102,-0.5165218043960269,1.5171146299501712,1.0438248894103743,1.401816992138092,-0.41576518999688017,0.8956824198927347,-0.588715337144485,1.2929169200080917,1.297662184016512,1.2462747350009566,-0.48389577623487073,0.2022586031266253,-0.6652566504981302,2.3820113859400553,-0.0021144422111136654,-0.703326878689925,-0.8383638613524271,-0.6229259874203835,1.3755376108322053,0.9101543678726434,-1.0088426140760192,1.3993067181479995,1.1109011245485976,-0.5612160902875203,1.178991115647241,1.0797517346657166,0,15.041666666666675,-5.708333333333332,Cephalophus_niger,30
326,-1.3973430952089074,0.04063373782855314,0.37240806189925524,1.1132704315687023,-0.5871047537194125,1.2751180579221606,-1.4334870581916868,2.877742593752085,1.3879733881880656,1.4018650408252809,1.2641456124631956,0.912190777505503,1.156954223564074,1.7614831444439754,0.980932899572065,-1.7170942149455146,0.3856657948595002,0.5489682961068241,1.3297751051024664,-0.20454877794958887,-1.2510424066401875,-0.5496512526359061,1.2051849375957198,0.8525507938148738,1.3345162003047484,3.00584468776385,3.6160993731031477,0.15463825439066772,0.2562527212601345,3.43042186540987,0.5588061626205378,0.5236283203322389,5.8015536971689015,-0.1879113775258142,2.023108613724392,-1.4274730551631258,0.6732628492341731,1.431099695050912,-1.5678486593498966,0.8953031110124866,1.1578188028046361,0,6.458333333333344,-10.125000000000002,Cephalophus_niger,133
327,1.1635114729682936,0.3265294503842261,0.281030272289134,1.5209313554319173,0.7945512997087091,-0.5161569871864584,-1.2458850017769547,0.22835710796999112,1.588530476911406,1.5975380169639646,1.2964652818198736,1.175188843273859,1.156954223564074,1.7765805115595175,1.4162426526937577,-1.1179121183606346,1.0458898732137003,0.5641172334374738,1.4511088095835203,-0.25373616157704026,-0.012547314409655536,0.25820919902757467,1.346905832261859,1.2355536179418647,1.3982461474685979,0.4278644618549452,0.9955531945833107,-0.6652566504981302,1.201034350006766,1.0940177575858214,-0.6558782681143437,-0.7641697347236905,2.4448353012478132,0.6416737999702777,1.3456582032059363,-1.25863634075133,1.2444173594463832,1.3960779764022215,-1.0898792380684805,1.0182345796875467,1.2554026379782854,0,10.791666666666675,1.3749999999999991,Cephalophus_niger,81
328,-0.060027859855606776,0.48989842898746777,0.281030272289134,1.001998134478984,0.4277265231132539,0.06034535615708228,-1.3188413423241427,0.9579208843172689,1.4249498454276393,1.437941020393936,1.1856549868826916,1.079553182994457,1.156954223564074,1.3645070626194835,1.122252194386401,-1.3061738699588121,0.4309080287774077,0.24016871131137904,1.356316852957697,-0.3014768574507431,-0.17767999337372647,-0.48207707838575525,1.2321793937226035,0.9664164982850603,1.3247115930487714,0.8662667488597928,0.7548907904335297,-0.41298129514773085,0.07910616587014112,0.6582465466573763,-0.27628938350969323,0.1420585262415932,1.732074436690681,-0.4431683552169194,1.5392154633540664,-1.349592793959507,0.7991104531792363,1.4661214136996028,-1.5243968937788588,0.9236719114759621,1.1968523368740958,0,7.541666666666676,4.374999999999999,Cephalophus_niger,120
329,-0.7882906397915754,0.8166363861939511,0.1896524826790128,1.4159324676722214,0.7396034908415301,-0.49556757723917727,-1.2806261257894398,0.2549734844913092,1.5503482656314111,1.5602856467572013,1.2964652818198736,1.163234385738934,1.156954223564074,1.7659350647064938,1.3165477646726982,-1.2850092486762406,0.8057729357533002,0.5534354234239119,1.4157198124432129,-0.3361973635407088,-0.17767999337372647,-0.6007987327927137,1.3199113761349754,1.1941479072254333,1.388441540212621,0.42495148984826847,1.2094753316053382,-0.6021878116605304,1.201034350006766,1.0638489814446215,-0.6463885459992275,-0.22891210690209018,2.4014917351598792,0.45023106670194885,1.2972688881689038,-1.2722894235796187,1.137930925339022,1.371062463081728,-1.1333310036395183,0.9993220460452299,1.2114899121501432,0,10.708333333333343,-3.3750000000000013,Cephalophus_niger,82
330,-0.321541510513695,1.3475855666544865,2.382719433321922,1.536827369383579,1.0245746686953634,-0.6808718985981136,-1.2007215339343806,0.05517859815020975,1.5945592471135102,1.6034199701545062,1.3195507599317864,1.378414621367589,1.156954223564074,1.8590337724491752,1.3235338375035384,-1.1581306050569595,1.0359014250920644,0.6468521416082674,1.4549004878485532,-0.402745000213143,0.5654170619645927,-0.5352701910706461,1.346905832261859,1.3183650393747275,1.4129530583525631,0.19773967332748366,1.0044666169592285,-0.6652566504981302,1.4962786089900881,0.8828363245974211,-0.6843474344596925,-0.4991907110496309,2.141430338632277,0.705488044393054,1.2004902580948387,-1.2019087430844964,1.2734591142029363,1.3460469497612348,-0.9957337459978987,1.0466033801510222,1.2017315286327783,0,11.708333333333346,0.3749999999999988,Cephalophus_niger,70
331,-0.40896707639684615,0.20400271643179482,0.0068969034587703275,1.050829896412415,-0.08802594348133147,-0.3514420144137042,-1.3813753721729594,0.659581444467103,1.5254293487960464,1.5359735735696294,1.2733798037079607,1.163234385738934,1.156954223564074,1.5348333262548077,1.0944540291970182,-1.5366042486724003,0.39232505912346255,0.6350050971107736,1.4473171313184874,-0.2710964146220231,-0.5905116907839039,-0.6094518249337688,1.2996655340398127,1.0699307750761389,1.388441540212621,0.4074736578082081,0.4696612744041597,-0.4445157145665308,0.04958173997180889,0.45041719990688706,-0.17190244024341433,0.16325684813551797,0.5569822005289229,-0.5069825996396957,1.7327727235021968,-1.3678610033776397,0.8668745476111934,1.5461710563251814,-1.5895745421354157,1.1695348488260824,1.260281829736968,0,6.62500000000001,1.6249999999999991,Cephalophus_niger,131
332,-1.7102578033174276,0.4082139396858469,0.0068969034587703275,1.4151156102282256,0.6115180881256483,-0.33085266582752204,-1.2597814381292616,0.3022531927115959,1.477199187179211,1.4889179480452965,1.458063628603264,1.1871433008087844,1.156954223564074,2.1511044319008477,1.3508951788243262,-1.316096600022853,0.7867750705977966,0.5843153226341541,1.4283587399933226,-0.3058169207119888,-0.26024633285576193,-0.6034414515249559,1.265922463881208,1.1216879134716782,1.3590277184446904,0.6332289883256546,1.6284061832734753,-0.6021878116605304,1.1715099241084337,1.3789450878082663,-0.5989399354236461,-0.23951126784905258,-0.5266069516694197,0.5778595555475015,1.1521009430578062,-1.2605593101637649,1.0604862459882138,1.2459848964792615,-1.0102176678549113,0.9804095124029129,1.1383020357699063,0,10.625000000000009,-5.958333333333332,Cephalophus_niger,83
333,-0.15664382968290244,0.5307406736382781,-0.08448088615135091,1.5961638063670656,1.2413348033813356,-0.7838187642512223,-1.0721793817145295,-0.0727865291120949,1.621889672029717,1.6300848246182948,1.4765320110927944,1.4501413665771405,1.156954223564074,2.0779416085657902,1.5208858424128522,-0.7956881197080062,1.1780913458125648,0.6672446341166108,1.5572758010044425,-0.40419168796689164,-0.7556443697479748,-0.5697647751376057,1.3671516743570218,1.3804736054493747,1.3835392365846326,0.07976430705707617,0.8083713246890366,-0.6652566504981302,1.9391449974650716,0.8962446695490656,-0.703326878689925,-0.4779923891557062,-0.6132940838452872,0.896930777661383,0.9585436829096758,-1.1272975298820171,1.3799455483102974,1.271000409799755,-0.8074427618567347,1.1506223151837656,1.2212482956675081,0,13.708333333333346,-13.208333333333336,Cephalophus_niger,46
334,-0.6768769569386361,0.48989842898746777,-0.08448088615135091,1.5899883162277175,0.9487844279865241,-0.8455868100097689,-1.0860758180668366,-0.10368318382246315,1.6234973440836113,1.631653345469106,1.4626807242256468,1.42623245150729,1.156954223564074,2.143749342195543,1.2590595672189142,-1.107100402086809,1.1461670427235051,0.7344423910264518,1.5496924444743765,-0.3810446839069145,0.1525853645544154,-0.4929463961434567,1.3671516743570218,1.3804736054493747,1.388441540212621,-0.007624853143225676,0.790544479937201,-0.6652566504981302,1.7915228679734105,0.648190287943643,-0.703326878689925,-0.748270993303247,-0.6181100356328353,0.8012094110272184,0.9585436829096758,-1.1278744207057476,1.3509037935537445,1.2810066151279522,-0.8436525664992662,1.1222535147202901,1.1529396110459535,0,12.291666666666675,2.2916666666666665,Cephalophus_niger,63
335,1.5396848175977222,0.36737169503503647,0.1896524826790128,1.683567552874601,0.9389319048584882,-1.010301844143622,-1.0374382577020447,-0.2343542405494721,1.6351529664743467,1.6430251216374863,1.448829437358499,1.4860047391819164,1.156954223564074,2.1747178611611235,1.2517825745772657,-1.0278162331317515,1.1467545809159816,0.8698093287114259,1.5395813024342888,-0.3318573002794631,0.31771804351848637,-0.46811057618496194,1.3806489024204638,1.3908250331284826,1.3639300220726789,-0.23192369765733375,0.4785746967800775,-0.6652566504981302,1.9981938492617362,0.32303792286626465,-0.703326878689925,-0.446194906314819,-0.6229259874203835,1.0564663887183237,0.9585436829096758,-1.0915302988107256,1.3896261332291484,1.2309755884869655,-0.742265113500178,1.1695348488260824,1.1187852687351763,0,13.208333333333346,0.8749999999999988,Cephalophus_niger,52
336,0.2625005819774271,0.44905618433665734,0.281030272289134,1.671445516039681,0.7865933591282998,-0.1661376930547679,-1.2389367504690836,0.34790934325306005,1.4177153211851141,1.430882676565286,1.4857662023375595,0.9241452350404283,1.156954223564074,2.325301686572448,1.501965617129328,-1.1554004224733294,1.190038453808814,0.84339626047176,1.3752752442828617,-0.24939609831579457,0.1525853645544154,-0.5411715465629795,1.2254307796908825,1.0699307750761389,1.3247115930487714,1.0075458911836142,1.824501475543667,-0.6337222310793303,1.1124610723117692,1.885110109732845,-0.6274091017689949,-0.1017221755385416,-0.49289528915658243,1.4074447330435933,1.2004902580948387,-1.261713091811226,1.166972680095575,1.1259104325408937,-0.7567490353571905,0.9520407119394375,1.094389309941764,0,10.458333333333343,-8.541666666666668,Cephalophus_niger,85
337,0.8372091416064386,0.44905618433665734,0.5551636411194977,0.9336108531990376,0.9499212353384648,1.3574755136279881,-1.3952718250911251,2.8182125959538027,1.4353997137779537,1.4481364059242081,1.1948891781274567,1.0197808953198306,1.156954223564074,1.3319902358406979,1.119486901650384,-1.2730275041633259,0.34943297797546036,0.11800830774623788,1.3436779254075872,-0.3173904227419774,-1.0033433881940812,-0.40643600142072756,1.2389280077543243,0.9560650706059524,1.3590277184446904,2.9810844257070976,4.347000007928409,-0.4760501339853307,0.8467412392267791,4.177937096464048,-0.32373799408527454,0.49713041796483304,6.875510945792147,-0.6027039662738601,1.490826148317034,-1.4053589069201229,0.7797492833415343,1.4811307216918987,-1.5606066984213904,0.942584445118279,1.2066107203914607,0,8.625000000000009,-12.625000000000002,Cephalophus_niger,107
338,-1.3307469016816345,0.12231822713017397,0.281030272289134,1.1155740254006343,-0.10545766415034563,0.1427028118629099,-1.4056941523553552,0.7751486928234165,1.1982680858285135,1.2167795804295718,1.157952413148396,0.6372382542022217,1.156954223564074,1.5694792424041981,1.1963319261800955,-1.4462446152311632,0.48241773521444714,0.3563085391451976,1.12755226430071,-0.3130503594807317,-1.0859097276761167,0.3299664887196715,1.0702126569613015,0.7076308063073636,1.2413724313729682,1.0381320972537198,1.441224313379201,-0.38144687572893093,0.2562527212601345,1.2314532933401772,-0.10547438543760052,0.1420585262415932,2.642289324537289,0.22688121122223176,1.490826148317034,-1.3972824353878956,0.6635822643153221,1.2259724858228669,-1.2781702222096445,0.7156340414104755,1.0602349676309868,0,8.208333333333345,-7.625000000000001,Cephalophus_niger,112
339,-0.5391178751896075,0.04063373782855314,0.281030272289134,0.9567931717341528,-0.3320706110811777,0.18388153971582372,-1.3952718250911251,1.1555018556675625,1.408069288861747,1.4214715514604195,1.2225917518617522,0.9839175227150547,1.156954223564074,1.4109596933990123,1.0043648247612205,-1.375781903276139,0.4005508926676695,0.586840194913681,1.351261281937653,-0.33330398803321165,-1.333608746122223,-0.5825067196602729,1.2186821656591615,0.9250107875686288,1.3345162003047484,0.9813291431235236,0.8172847470649545,-0.19224035921613142,-0.2161380931131812,0.7319924438914208,0.24564533282170117,0.6720165735897123,1.0963688007343202,-0.570796844062472,1.6359940934281316,-1.3903597455031296,0.7507075285849812,1.4811307216918987,-1.5823325812069093,1.0844284474356563,1.177335569839366,0,6.708333333333344,-1.8750000000000009,Cephalophus_niger,130
340,1.3934373483039388,0.5307406736382781,0.281030272289134,1.334524327169638,0.6293285518340934,-0.4749782286529951,-1.2945225621417467,0.3033355644974776,1.5499463476179376,1.5598935165444985,1.291848186197491,1.1990977583437097,1.156954223564074,1.6873527948531126,1.3099985157104528,-1.2942207617662722,0.7912796296899612,0.4745847289817285,1.4308865255033447,-0.32896392477196595,-0.34281267233779744,-0.5342591422507194,1.3199113761349754,1.1734450518672175,1.3835392365846326,0.387082853761471,0.9598995050796394,-0.6337222310793303,0.9057900910234437,0.8660758934078655,-0.6084296575387624,-0.5998827400457736,2.1173505796945364,0.22688121122223176,1.3940475182429688,-1.291134523821482,1.079847415825916,1.4160903870586161,-1.241960417567113,0.9898657792240714,1.2358858709435556,0,10.291666666666675,-2.6250000000000013,Cephalophus_niger,87
341,1.1660024691689228,0.08147598247936355,-1.1810143614728057,1.7019959046738842,0.9556055612149925,-1.1750167555552773,-0.9019478873060401,-0.3399340980604665,1.7287998636137019,1.7343914611972324,1.3888071942675253,1.6414126871359451,1.156954223564074,1.9476808552670228,1.366031447881622,-0.835895193885453,1.336732933621479,1.129084669860695,1.5610674792694754,-0.4852062021768116,-0.34281267233779744,-0.6119753504505104,1.441386428705952,1.5460964483151005,1.3639300220726789,-0.44894011215475,0.1844317583747897,-0.6652566504981302,2.2934381082450583,0.04481476511964197,-0.703326878689925,-0.7800684761441341,-0.6229259874203835,0.896930777661383,0.8133757377985782,-1.0055735660748797,1.5057931522553607,1.2659973071356563,-0.7060553088576464,1.3492039184280935,1.2017315286327783,0,14.875000000000009,-1.791666666666669,Cephalophus_niger,32
342,-1.4363532636532672,0.04063373782855314,0.09827469306889156,1.4961641818901046,0.858594145625062,-0.49556757723917727,-1.16250628426796,0.14944283593479157,1.5037257760684706,1.5147985420836796,1.458063628603264,1.2349611309484856,1.156954223564074,2.1282653780504375,1.3233881555219429,-1.1766683165494296,1.0049564519403114,0.6342280765571445,1.4536365950935424,-0.22335571874832028,-0.012547314409655536,-0.5461935488252636,1.2861683059763709,1.2148507625836489,1.3443208075607251,0.45845066792505085,1.4768780028828725,-0.6652566504981302,1.4962786089900881,1.2716783281951107,-0.6938371565748087,-0.49389113057614975,-0.584398373119998,0.7693022888158303,1.055322312983741,-1.1892171449624251,1.147611510257873,1.210963177830571,-0.8943462929988103,1.0182345796875467,1.1187852687351763,0,11.708333333333346,-7.208333333333332,Cephalophus_niger,70
343,-0.4010163769261621,0.6941096522415199,-0.44999204459183584,1.2339856485737515,0.11433400499360594,-0.22790580017441334,-1.36053070107864,0.5428335565576917,1.4261555994680601,1.4391174110320444,1.2456772299736651,0.9839175227150547,1.156954223564074,1.6465132044443744,1.2584775055211066,-1.405125589775269,0.6398845454879473,0.4336056369998904,1.3335667833674993,-0.39695824919814876,-1.0859097276761167,-0.3378764630016099,1.2321793937226035,0.987119353643276,1.3394185039327366,0.6652716803990986,1.0133800393351462,-0.4445157145665308,0.3448259989551312,0.9197092732144434,-0.28577910562480946,-0.1600175607468347,2.1944058082953073,0.13115984458806731,1.4424368332800015,-1.3586307501979515,0.9346386420431506,1.386071771074024,-1.3071380659236698,0.904759377833645,1.1870939533567308,0,8.791666666666679,-5.625000000000001,Cephalophus_niger,105
344,0.7425059903543909,0.04063373782855314,0.281030272289134,0.8990577434324039,-0.3604919513469924,0.45154333979099975,-1.4161164961854442,1.4503973443421763,1.4044520267404843,1.4179423795460944,1.2041233693722218,1.0078264377849053,1.156954223564074,1.329280512581536,0.9930127340063443,-1.4256535605415317,0.2928311742537799,0.514980907375089,1.3285112123474554,-0.33330398803321165,-1.333608746122223,-0.4963063261037774,1.2186821656591615,0.9043079322104131,1.3443208075607251,1.2434966237244292,1.1470813749739133,-0.06610268154093174,-0.27518694490984563,1.0873135851099993,0.41646033089379386,0.8734006315819975,1.3179025829615367,-0.6984253329080246,1.5876047783910991,-1.414589160099811,0.6926240190718751,1.4711245163637015,-1.6113004249209346,1.0844284474356563,1.177335569839366,0,6.12500000000001,-1.4583333333333333,Cephalophus_niger,137
345,-0.18777851705067963,0.24484496108260523,0.1896524826790128,1.7136281461273457,1.2375453491692585,-1.3191423183807505,-0.9610077583692034,-0.43670744825956287,1.6986560126031798,1.7049816952445245,1.402658481134673,1.5338225693216176,1.156954223564074,2.0005206064895233,1.4006697818440583,-0.910797165637689,1.2912949532559257,1.1267539045463195,1.5534841227394096,-0.3130503594807317,0.5654170619645927,-0.5833730593664448,1.4211405866107891,1.4632850268822377,1.354125414816702,-0.6732389566688581,-0.11862460240641595,-0.6652566504981302,2.736304496720042,-0.3306188935264031,-0.703326878689925,-0.944355470822051,-0.6229259874203835,1.0245592665069356,0.9585436829096758,-1.048071190089694,1.4283484729045526,1.2509879991433601,-0.742265113500178,1.358660185249252,1.1822147615980485,0,14.958333333333346,1.458333333333331,Cephalophus_niger,31
346,-1.5170491204660892,0.08147598247936355,0.281030272289134,1.2409125837445876,0.9305949321218241,0.5750795463601533,-1.3223154679780782,0.9265322526684364,1.338135554517336,1.3532408944501368,1.3841900986451428,0.912190777505503,1.156954223564074,1.9525196678967895,1.2657544981627549,-1.0293305273544204,0.7427079130648419,0.3545605392460439,1.3146083920423348,-0.2638629758532803,-0.5905116907839039,-0.5098957711718525,1.1714418674371152,0.9353622152477367,1.3100046821648061,1.6950072847593223,2.1810383705803797,-0.5391189728229305,0.7286435356334502,2.3443459243266678,-0.5325118806178323,0.34344258423387847,-0.2232019890538838,0.3864168222791725,1.055322312983741,-1.327863239598991,0.9443192269620017,1.2159662804946696,-1.053669433425949,0.8763905773701697,1.0846309264243992,0,10.041666666666675,-11.708333333333336,Cephalophus_niger,90
347,-0.13715025041859488,0.48989842898746777,0.281030272289134,1.579467288074535,1.0916491936281076,-0.6191038528395671,-1.1555580660918066,0.05040634302269546,1.505333448122365,1.5163670629344905,1.448829437358499,1.2349611309484856,1.156954223564074,2.0972968590848566,1.3035947266536116,-0.94884188255728,1.2344974030865992,0.670546230603255,1.4536365950935424,-0.31015698397323455,-0.17767999337372647,-0.08576062490554003,1.2861683059763709,1.2252021902627568,1.3394185039327366,0.30406315157118424,1.4679645805069546,-0.6652566504981302,1.8210472938717428,1.2079886896747993,-0.6938371565748087,-0.7641697347236905,-0.6036621802701908,1.0245592665069356,1.1037116280207735,-1.169987450838075,1.2250561896086811,1.2159662804946696,-0.8436525664992662,1.0087783128663883,1.113906076976494,0,12.708333333333346,-7.875000000000001,Cephalophus_niger,58
348,1.2810085956914767,0.04063373782855314,0.281030272289134,0.8438217473439356,-0.4484086190045731,0.47213270755252534,-1.4161164961854442,1.5973530742055846,1.4205287472794295,1.4336275880542055,1.1995062737498392,1.0556442679246063,1.156954223564074,1.2764407613590356,0.9515337871184718,-1.4577790310133294,0.2113558246022942,0.4466179159813161,1.346205710917609,-0.33330398803321165,-1.333608746122223,-0.4671882863968996,1.2254307796908825,0.914659359889521,1.3492231111887136,1.2129104176543235,1.1470813749739133,0.09156941555306787,-0.3047113708081779,1.0102156016380435,0.5398267183903053,0.7886073440062985,1.168608077547543,-0.8260538217535772,1.684383408465164,-1.4140122692760806,0.6635822643153221,1.506146235012392,-1.6837200342059975,1.0938847142568147,1.1870939533567308,0,5.87500000000001,-1.4583333333333333,Cephalophus_niger,140
349,1.0952027689305894,-0.2452619747271198,-1.1810143614728057,1.7059003077594668,1.4054207439040105,-1.4220891840338592,-0.728242267243615,-0.5070612202198137,1.7866760575539042,1.7908582118264318,1.3056994730646387,1.8326840076947495,1.156954223564074,1.630835203440275,1.1397169323111187,-0.2846115790627637,1.4520912462366378,1.5643175303999617,1.5231506966191461,-0.473632700146823,-0.4253790118198329,-0.6112662259010074,1.4818781128962775,1.659962152785287,1.3100046821648061,-0.808692154979326,-0.5286420316986353,-0.6652566504981302,2.588682367228381,-0.5920816200834702,-0.703326878689925,-0.8489630222993896,-0.6229259874203835,0.8012094110272184,0.619818477650448,-0.8175071575387335,1.631640756200424,1.2509879991433601,-0.5901839340015456,1.613979389420531,1.1480604192872712,0,17.125000000000007,-8.041666666666668,Cephalophus_niger,5
350,-1.4415806622374694,0.5307406736382781,0.281030272289134,1.229525638838029,0.4193895503765897,-0.3514420144137042,-1.3049449059718357,0.44571587505127863,1.5109603003109957,1.5218568859123294,1.2733798037079607,1.1871433008087844,1.156954223564074,1.6021895153666081,1.263134665332142,-1.3043097785317574,0.6816012514014583,0.3891305452197449,1.416983705198224,-0.32896392477196595,-0.34281267233779744,-0.44986917174441937,1.2929169200080917,1.1216879134716782,1.3737346293286556,0.5167101080585854,0.7816310575612831,-0.6652566504981302,0.4629237025484601,0.591204821899154,-0.5799604911934136,-0.2713087506899397,1.7224425331155848,-0.028375766468873437,1.3456582032059363,-1.3090181393571279,1.0217639063128097,1.4361027977150107,-1.314380026852176,0.9709532455817544,1.231006679184873,0,8.958333333333346,-1.8750000000000009,Cephalophus_niger,103
351,0.31153625959129577,0.28568720573341566,0.37240806189925524,1.5047248319489321,0.99918500744594,-0.6191038528395671,-1.1069205057270146,0.04765124213894882,1.6162628198410862,1.624595001640456,1.4857662023375595,1.509913654251767,1.156954223564074,2.1853633080141472,1.3177121101445048,-1.1381303407617647,1.0028020456180522,0.6047078151424974,1.5598035865144644,-0.2913500431745031,-0.4253790118198329,-0.5517450285989683,1.3671516743570218,1.3804736054493747,1.3982461474685979,0.2691074874910635,1.1916484868535024,-0.6652566504981302,1.6143763125834172,1.0202718603517769,-0.6938371565748087,-0.5362877743639993,-0.6132940838452872,0.6097666777588896,0.9101543678726434,-1.1371046738854358,1.3121814538783403,1.2910128204561495,-0.887104332070304,1.0844284474356563,1.177335569839366,0,11.625000000000009,3.9583333333333313,Cephalophus_niger,71
352,-1.6633851565385727,0.6532674075907094,0.37240806189925524,1.6235121776377932,1.103396588420594,-0.9073549784905133,-1.0374382577020447,-0.1658208057827992,1.5338696270789924,1.5442083080363875,1.425743959246586,1.3305967912278878,1.156954223564074,2.0593604381189046,1.2541112655208793,-0.9166017267730755,1.147929657300934,0.7589135005750685,1.4662755226436521,-0.2595229125920345,-0.012547314409655536,-0.5965028758691494,1.3064141480715337,1.276959328658296,1.3247115930487714,-0.07025375128677533,0.9153323932000503,-0.6652566504981302,2.0572427010584007,0.6615986328952874,-0.703326878689925,-0.4567940672617814,-0.6132940838452872,1.1202806331411,0.9585436829096758,-1.109990805170102,1.3025008689594892,1.165935253853683,-0.7132972697861527,1.0749721806144976,1.0846309264243992,0,13.375000000000009,-6.708333333333332,Cephalophus_niger,50
353,0.8506932814162307,0.28568720573341566,0.09827469306889156,1.5362065497490187,1.071564826098957,-0.5573356843588227,-1.082601692412901,0.0738248506762795,1.5833055427362488,1.5924403241988285,1.458063628603264,1.3903690789025143,1.156954223564074,2.0382632859341663,1.5127356461863966,-0.8335320323077057,1.073701110105887,0.6309264800705002,1.5155673400890801,-0.3318573002794631,-0.7556443697479748,-0.517917022611275,1.3401572182301382,1.3183650393747275,1.3639300220726789,0.3914523117714861,1.40557062387553,-0.6652566504981302,1.850571719770075,1.3923534327599107,-0.6938371565748087,-0.2819079116369021,-0.5940302766950943,0.7693022888158303,0.8617650528356108,-1.135566298355488,1.3218620387971913,1.2359786911510642,-0.8002008009282284,1.1317097815414485,1.2017315286327783,0,12.958333333333346,-13.208333333333336,Cephalophus_niger,55
354,-1.5377886093098914,0.24484496108260523,0.1896524826790128,1.7508601733854818,1.0647436928704885,-1.2367848013138238,-0.8915255103442333,-0.38209716354277057,1.6910195703471809,1.6975312212031717,1.3934242898899079,1.593594856996244,1.156954223564074,2.0206499370807713,1.0828107965551423,-0.9133094601308369,1.3220438811104942,1.1741420825362947,1.5231506966191461,-0.3130503594807317,0.5654170619645927,-0.5401081012507495,1.4211405866107891,1.4943393099195612,1.3247115930487714,-0.5290468423383601,0.06855726748785812,-0.6652566504981302,2.4115358118383874,-0.1093812018242694,-0.703326878689925,-0.8118659589850212,-0.6229259874203835,1.1521877553524882,0.8617650528356108,-0.9824979331256593,1.4573902276611057,1.2009569725023737,-0.648119621429596,1.358660185249252,1.1090268852178113,0,14.791666666666675,-0.4583333333333333,Cephalophus_niger,33
355,-1.0172591182895647,1.592639034559349,3.2964973294231346,1.5545858422389212,1.0598171421896465,-0.9073549784905133,-1.089549943720772,-0.13664612666020698,1.6182724099084542,1.62655565270397,1.4303610548689685,1.3903690789025143,1.156954223564074,2.073876876008205,1.1759562135377652,-1.0638075368387276,1.1534138451799438,0.7659052038251716,1.535789624169256,-0.4201052532581259,1.143381438338841,-0.62029243424882,1.3671516743570218,1.3494193224120512,1.3786369329566441,-0.09647049934686588,0.7014102561780229,-0.6652566504981302,1.8800961456684073,0.5375714420925761,-0.6938371565748087,-0.8012667980380589,-0.6181100356328353,0.705488044393054,0.9585436829096758,-1.1317203595306178,1.3218620387971913,1.2910128204561495,-0.8798623711417978,1.1317097815414485,1.1334228440112237,0,13.041666666666675,-3.625000000000001,Cephalophus_niger,54
356,1.3228886174470622,0.9391631201463824,-1.272392151082927,1.659094535760985,0.9370370331940376,-1.1544274069690952,-0.9123701980044114,-0.34942939936101836,1.6154589838141389,1.6238107412150504,1.4118926723794383,1.4979591967168417,1.156954223564074,2.0129079550082185,1.4452049412787558,-0.7964452668193407,1.3067672904070329,0.9177801239433672,1.4902894849888606,-0.5083532062367887,-0.095113653891691,-0.44398094472345845,1.3671516743570218,1.432230743844914,1.3100046821648061,-0.44165768213805817,0.22008544787846093,-0.6652566504981302,2.3820113859400553,0.07498354126084202,-0.703326878689925,-0.8383638613524271,-0.6181100356328353,1.1202806331411,0.8133757377985782,-1.0113424743121848,1.4283484729045526,1.1559290485254856,-0.6046678558585581,1.2357287165741917,1.1529396110459535,0,15.375000000000009,-10.125000000000002,Cephalophus_niger,26
357,0.13940286551296208,0.20400271643179482,1.6516971164409524,1.455010800158998,1.1708498563927692,-0.6602825500119315,-1.1347133784316286,0.019066957863774204,1.4800126132735265,1.4916628595342158,1.425743959246586,1.2469155884834109,1.156954223564074,2.052005643751285,1.413186218070741,-0.9028648348783471,0.9798871595628602,0.5619808714347614,1.4460532385634763,-0.24939609831579457,0.4002843830005218,0.17394116091113024,1.265922463881208,1.1734450518672175,1.3345162003047484,0.20065264533416038,1.3342632448681875,-0.6652566504981302,1.9981938492617362,1.1074261025374659,-0.703326878689925,-0.3243045554247516,-0.6229259874203835,0.7693022888158303,1.055322312983741,-1.1867172847262597,1.1766532650144261,1.2259724858228669,-0.8943462929988103,1.0087783128663883,1.1578188028046361,0,13.875000000000009,-10.291666666666668,Cephalophus_niger,44
358,1.143466577439474,1.2250588327020553,3.2964973294231346,1.569142297730788,0.912784179296555,-0.9897124955574398,-0.9888006973372526,-0.22052948964082775,1.5997841812886675,1.6085176629196423,1.3795730030227602,1.4620958241120658,1.156954223564074,1.985423534711666,1.0432239388184799,-0.954032688229567,1.145383758083383,0.8358219399796909,1.5079839835590143,-0.38972481042940593,0.9782487593747701,-0.6135804907254911,1.35365444629358,1.3701221777702668,1.3345162003047484,-0.2260977536439803,0.5231418086596665,-0.6652566504981302,1.968669423363404,0.36661504395910915,-0.6938371565748087,-0.557486096257924,-0.6132940838452872,0.8012094110272184,0.9101543678726434,-1.0717237138626448,1.3315426237160424,1.2359786911510642,-0.792958839999722,1.1695348488260824,1.104147693459129,0,13.708333333333346,-3.2916666666666687,Cephalophus_niger,46
359,0.5648151913895068,0.8166363861939511,-0.5413698342019571,0.936535067237443,-0.2862174055879368,-0.14554834446858572,-1.3883235903491127,0.9214155723950194,1.486845219502578,1.498329073150163,1.2456772299736651,1.1990977583437097,1.156954223564074,1.4496701944371457,0.9835527324026779,-1.6192380269258997,0.2391670614944811,0.5549891681846584,1.414455919688202,-0.4215519410118745,-0.5079453513018684,-0.48932375979696946,1.2726710779129289,1.0181736366805996,1.3737346293286556,0.5807954922054734,0.54988207578742,0.028500576715468028,-0.18661366721484896,0.534219355854665,0.23615561070658492,0.43353545228305873,0.5040067308658928,-0.7303324551194128,1.684383408465164,-1.3834370556183635,0.7603881135038323,1.536164850996984,-1.6547521904919724,1.1506223151837656,1.2358858709435556,0,6.37500000000001,0.7916666666666666,Cephalophus_niger,134
360,-0.3429583105469206,0.6941096522415199,0.5551636411194977,1.571886827062885,1.026090508203559,-0.7014612471842958,-1.2180920959406232,0.05404705494528569,1.614253229773718,1.622634350576942,1.3287849511765517,1.3664601638326637,1.156954223564074,1.8652272990396803,1.368068996938236,-1.1366448228903774,1.0527445850757702,0.6530668243047415,1.4612199516236082,-0.3694711818769259,-0.095113653891691,-0.5210391531065277,1.360403060325301,1.3183650393747275,1.42275766560854,0.20210913133749875,0.9598995050796394,-0.6652566504981302,1.4962786089900881,0.8828363245974211,-0.6938371565748087,-0.4991907110496309,2.141430338632277,0.7693022888158303,1.2004902580948387,-1.2219076249738208,1.2928202840406382,1.3510500524253335,-0.9884917850693923,1.0655159137933392,1.2163691039088258,0,11.625000000000009,1.208333333333331,Cephalophus_niger,71
361,-0.005090188230700532,0.9391631201463824,-1.272392151082927,1.6669364469945782,0.9844059336370622,-1.0308911927298043,-0.8672067632935551,-0.2783868334121136,1.5672288221973036,1.5767551156907176,1.3841900986451428,1.4620958241120658,1.156954223564074,2.042134276970443,1.4457872250527548,-0.818498874311697,1.3120554329888583,0.8964165039162433,1.4321504182583558,-0.5083532062367887,-0.095113653891691,-0.5805789034234385,1.3334086041984172,1.4011764608075905,1.2756885567688871,-0.24794504369405576,0.6033626100429269,-0.6652566504981302,2.352486960041723,0.4370088549552426,-0.703326878689925,-0.7535705737767281,-0.6181100356328353,1.2479091219866525,0.7649864227615457,-0.9790365881832762,1.4089873030668505,1.0958918165563016,-0.5322482465734951,1.2073599161107165,1.113906076976494,0,15.041666666666675,-9.208333333333334,Cephalophus_niger,30
362,1.1821245526241007,0.44905618433665734,0.281030272289134,1.724818853796382,0.7168664764522431,-0.10436958593512242,-1.2250403141167767,0.36035654371983106,1.3855618801072238,1.399512259549064,1.4857662023375595,0.8165551172261009,1.156954223564074,2.354915196239605,1.51957581495945,-1.06358390748108,1.3091177420264766,0.9004951209565166,1.355052960202686,-0.24939609831579457,0.1525853645544154,-0.5534296452841492,1.2051849375957198,1.0388764920388154,1.3051023785368177,1.1357166594773902,1.8690685874232562,-0.6337222310793303,1.0534122205151049,2.0158414730113785,-0.6084296575387624,-0.06462511222417326,-0.47363148200638966,1.6307945885233104,1.2004902580948387,-1.256713371338895,1.21537560468983,1.090888713892203,-0.6698455042151149,0.9520407119394375,1.0651141593896691,0,10.541666666666675,-9.125000000000002,Cephalophus_niger,84
363,1.377028480319478,-0.08189299612387813,-0.5413698342019571,1.5750236314419395,1.067396339730625,-0.9279443270766954,-1.1138687239031682,-0.1386140719494979,1.650827768999818,1.6583181999328944,1.448829437358499,1.4381869090422152,1.156954223564074,2.0614895274895093,1.1037685708952805,-1.0633773618940228,1.1682986441385748,0.8084377442212445,1.5724425140645741,-0.3810446839069145,-0.095113653891691,-0.560240783298785,1.3873975164521846,1.3908250331284826,1.4129530583525631,-0.12705670541697153,0.6301028771706804,-0.6652566504981302,1.8800961456684073,0.49064223476182045,-0.6938371565748087,-0.8436634418259084,-0.6181100356328353,0.705488044393054,1.055322312983741,-1.1405660188278188,1.3605843784725955,1.3460469497612348,-0.9305560976413418,1.1317097815414485,1.1724563780806836,0,13.208333333333346,-2.958333333333333,Cephalophus_niger,52
364,-1.57986182054048,0.5307406736382781,-0.08448088615135091,1.590037375537098,1.253082198173822,-0.7632294156650402,-1.089549943720772,-0.06402921198695645,1.5656211501434092,1.5751865948399066,1.4626807242256468,1.3186423336929625,1.156954223564074,2.0761997069001183,1.537477376752763,-0.7524699609485318,1.1778955993649187,0.6454925038126724,1.5054561980489924,-0.40419168796689164,-0.7556443697479748,-0.544231688564304,1.3266599901666962,1.297662184016512,1.3590277184446904,0.11471997113719691,1.031206884086982,-0.6652566504981302,2.027718275160068,0.993455170448488,-0.6938371565748087,-0.4885915501026686,-0.6084781320577389,0.9926521442955474,1.0069329979467085,-1.145181145417663,1.3315426237160424,1.2259724858228669,-0.7784749181427094,1.103340981077973,1.2017315286327783,0,13.708333333333346,-13.875000000000002,Cephalophus_niger,46
365,1.318625034775724,0.612425162939899,0.37240806189925524,1.599431236143048,1.084449028243384,-1.113248587074533,-0.9262666343567184,-0.3158760616758569,1.552759773712253,1.5626384280334178,1.3241678555541692,1.2947334186231119,1.156954223564074,1.8425816913728945,0.8858953934382322,-0.4633522092366833,1.436814356683638,0.9422509371454721,1.4372059892783995,-0.28845666766700595,-0.095113653891691,-0.6174236495616565,1.3199113761349754,1.3390678947329433,1.2805908603968756,-0.37757229799117015,0.3270465163894747,-0.6652566504981302,2.2639136823467263,0.16548986968444215,-0.703326878689925,-0.721773090935841,-0.6229259874203835,0.9607450220841592,0.7649864227615457,-1.0296106837303176,1.4186678879857015,1.1809445618459788,-0.648119621429596,1.1979036492895578,1.0602349676309868,0,14.791666666666675,-4.125000000000001,Cephalophus_niger,33
366,0.2896475423161283,-0.2452619747271198,-1.1810143614728057,1.7014893573331251,1.4289158226058072,-1.4220891840338592,-0.7073975795834369,-0.5159661360568065,1.7786376972844316,1.7830156075723762,1.291848186197491,1.8326840076947495,1.156954223564074,1.5998669798123792,1.1173036706121746,-0.24174321750767488,1.464429847128179,1.5891768538788813,1.5079839835590143,-0.473632700146823,-0.4253790118198329,-0.6034019120322811,1.4751294988645565,1.670313580464395,1.295297771280841,-0.8276264730227247,-0.5642957212023066,-0.6652566504981302,2.5296335154317164,-0.6323066549384035,-0.703326878689925,-0.8754609246667955,-0.6229259874203835,0.8012094110272184,0.5714291626134155,-0.7950084154132436,1.6413213411192749,1.2409817938151628,-0.5684580512160267,1.6328919230628478,1.1334228440112237,0,17.291666666666675,-8.291666666666668,Cephalophus_niger,3
367,-0.2774639924269802,-0.2452619747271198,-1.1810143614728057,1.7505989225916259,1.29779845175671,-1.3603210155531147,-0.8672067632935551,-0.4704575748433382,1.606616787517719,1.6151838765355895,1.3195507599317864,1.342551248762813,1.156954223564074,1.7969032883343896,1.3038858685406112,-0.3677214623982931,1.6148459002424247,1.3069844442882537,1.4422615602984434,-0.473632700146823,-0.4253790118198329,-0.5718989783793166,1.360403060325301,1.421879316165806,1.2658839495129104,-0.7183900227723474,-0.30580647230069,-0.6652566504981302,2.5296335154317164,-0.4110689632362699,-0.703326878689925,-0.9867521146099005,-0.6229259874203835,1.2798162441980407,0.8133757377985782,-0.9403849029933321,1.5057931522553607,1.165935253853683,-0.5612160902875203,1.3302913847857767,1.0992685017004464,0,15.958333333333346,-5.958333333333332,Cephalophus_niger,19
368,-0.21981898530777544,0.36737169503503647,0.1896524826790128,1.5967355666922451,0.890047164907268,-0.8044081128374045,-1.1208169420793217,-0.06407842094143318,1.6134493937467707,1.6218500901515365,1.481149106715177,1.3903690789025143,1.156954223564074,2.1764597628267954,1.2530923799544764,-1.0978085812719114,1.1465588344683355,0.7171573880396013,1.5471646589643546,-0.3318573002794631,0.31771804351848637,-0.510409395711694,1.360403060325301,1.359770750091159,1.3933438438406094,0.05937350301033908,0.8618518589445435,-0.6652566504981302,1.7029495902784137,0.7286403576535098,-0.6938371565748087,-0.6634777057275478,-0.6181100356328353,0.8331165332386067,1.055322312983741,-1.14941167812502,1.3315426237160424,1.2860097177920509,-0.8653784492847851,1.103340981077973,1.1480604192872712,0,12.208333333333346,1.7916666666666667,Cephalophus_niger,64
369,0.547301847449296,0.08147598247936355,0.281030272289134,1.3814120641118413,0.8631416641496489,0.10152408400999609,-1.2076697521105342,0.48118791153581986,1.2239908386908256,1.2418759140425493,1.3795730030227602,0.7567828295514745,1.156954223564074,2.0131014011918427,1.2800173415590521,-1.1066759684092697,0.9273981231885141,0.5534354234239119,1.232455362966621,-0.2638629758532803,-0.5905116907839039,-0.39395446433432196,1.0904584990564643,0.8525507938148738,1.2070563059770492,1.191063127604248,1.8958088545510097,-0.6021878116605304,0.9648389428201081,1.9588560069668897,-0.6274091017689949,0.020168175351525798,-0.43028791591845594,1.0245592665069356,1.1037116280207735,-1.2463293365117456,0.9055968872865975,1.0358545845871177,-0.8219266837137473,0.7912841759797433,0.9724095159747024,0,10.541666666666675,-11.208333333333336,Cephalophus_niger,84
370,0.3720842687844658,0.24484496108260523,0.1896524826790128,1.5455349979424615,0.9575004328794431,-0.8455868100097689,-1.1103945982492325,-0.09861571250352287,1.582903624722775,1.5920481939861257,1.4349781504913512,1.3545057062977384,1.156954223564074,2.1073616720493233,1.1478671285375743,-1.1309779821515134,1.114243038483984,0.749202818080287,1.5180951255991022,-0.3130503594807317,0.5654170619645927,-0.5746237573947107,1.3401572182301382,1.3080136116956198,1.3835392365846326,-0.029472143193301138,0.7727176351853653,-0.6652566504981302,1.732474016176746,0.5945569081370651,-0.6843474344596925,-0.7323722518828033,-0.6132940838452872,0.7373951666044422,1.0069329979467085,-1.1544113985973512,1.2928202840406382,1.2860097177920509,-0.8943462929988103,1.0655159137933392,1.1431812275285886,0,12.708333333333346,-0.7916666666666691,Cephalophus_niger,58
371,-0.23944515962304153,-0.2452619747271198,-1.1810143614728057,1.7893996511814196,1.412241877132479,-1.4220891840338592,-0.7768798276084069,-0.5104559061377375,1.6476124248920292,1.6551811582312723,1.2779968993303432,1.4740502816469911,1.156954223564074,1.6863849732596223,1.2153976113690237,-0.10074917845345144,1.5931060905721854,1.520425055861782,1.4296226327483337,-0.473632700146823,-0.4253790118198329,-0.6085510694583806,1.3873975164521846,1.4943393099195612,1.2511770386289451,-0.808692154979326,-0.5019017645708819,-0.6652566504981302,2.736304496720042,-0.588729533845559,-0.703326878689925,-0.8118659589850212,-0.6229259874203835,1.2798162441980407,0.7649864227615457,-0.8488515589614245,1.5735572466873178,1.165935253853683,-0.5105223637879762,1.4532228534608367,1.0797517346657166,0,16.708333333333346,-5.625000000000001,Cephalophus_niger,10
372,0.2611941191218058,0.7349518968923303,-0.7241254134221995,1.7180718027599413,1.0696699544345065,-1.2367848013138238,-0.8567843863317484,-0.3857378566976436,1.7364363058697008,1.7418419352385852,1.3657217161556123,1.6533671446708704,1.156954223564074,1.872775834928609,1.3228060938241353,-0.7030973038183786,1.406652967021546,1.2347369428193589,1.5433729806993217,-0.46061251036308587,-0.012547314409655536,-0.5475262403024325,1.448135042737673,1.5667993036733163,1.3443208075607251,-0.5377857583583903,0.05073042273602249,-0.6652566504981302,2.4115358118383874,-0.09597285687262493,-0.703326878689925,-0.8542626027728708,-0.6229259874203835,0.9288378998727711,0.7649864227615457,-0.9567301429990298,1.5445154919307649,1.2509879991433601,-0.6553615823581023,1.4153977861762028,1.1822147615980485,0,15.541666666666675,-1.9583333333333333,Cephalophus_niger,24
373,-0.7852025708416198,-0.08189299612387813,0.281030272289134,1.4267149460473465,0.19770329868501157,0.38977523267135433,-1.350108357248551,0.7889241972421497,1.1906316435725146,1.2093291063882192,1.3795730030227602,0.5894204240625206,1.156954223564074,2.1329104491588953,1.3781112823159014,-1.3213447483513432,0.8177197449000112,0.6719055720523384,1.193274687561281,-0.2334825330245603,-0.012547314409655536,0.12134353494823033,1.0702126569613015,0.7386850893446872,1.2315678241169914,1.6280089286057575,1.9582028111824343,-0.4445157145665308,0.4629237025484601,2.1532770087657345,-0.27628938350969323,0.7568098611654114,-0.18949032654104647,1.1521877553524882,1.3940475182429688,-1.356515483844273,0.8281522079357894,1.075879405899907,-0.9377980585698482,0.7534591086951095,1.011443050044162,0,9.375000000000009,-8.875000000000002,Cephalophus_niger,98
374,-1.6875686787987483,1.102532098749624,0.8292970099498614,1.60292740993472,1.1041546527331039,-0.9073549784905133,-1.0235418213497376,-0.17905519937946032,1.5748652644533025,1.5842055897320704,1.448829437358499,1.4142779939723646,1.156954223564074,2.0789094301592805,1.4805712409967866,-0.8183038112589711,1.2039439228301383,0.7540581593276777,1.5117756618240472,-0.39261818593690306,0.4828507224825573,-0.5098689468287054,1.3334086041984172,1.3390678947329433,1.3443208075607251,-0.10520941536689607,0.7727176351853653,-0.6652566504981302,2.0867671269567327,0.6146694255645317,-0.703326878689925,-0.5680852572048865,-0.6181100356328353,1.0245592665069356,0.9101543678726434,-1.1055679755215013,1.3509037935537445,1.2009569725023737,-0.7277811916431653,1.1317097815414485,1.1724563780806836,0,14.875000000000009,-10.375000000000002,Cephalophus_niger,32
375,0.4656421253461089,0.8983208754955719,-0.906880992642442,1.7013262251580301,1.0719435691383878,-0.9073549784905133,-1.0756534742367476,-0.16281969766210327,1.5933534930730895,1.6022435795163978,1.4626807242256468,1.2469155884834109,1.156954223564074,2.161943324937495,1.5320922511861328,-0.6821448993745769,1.4009733315444286,0.8200906817535868,1.5155673400890801,-0.5083532062367887,-0.6730780302659393,-0.6190607764228822,1.346905832261859,1.3183650393747275,1.3590277184446904,-0.060058349263406786,0.7638042128094475,-0.6652566504981302,2.116291552855065,0.735344530129332,-0.6938371565748087,-0.6952751885684351,-0.6181100356328353,1.2479091219866525,1.055322312983741,-1.145950333182637,1.4089873030668505,1.2209693831587682,-0.7132972697861527,1.178991115647241,1.1870939533567308,0,14.541666666666675,-13.958333333333336,Cephalophus_niger,36
376,-0.893140472602054,1.3067433220036762,0.09827469306889156,1.5915241119250345,0.8601099851332576,-0.7838187642512223,-1.1555580660918066,-0.026097215739225788,1.6202819999758225,1.6285163037674837,1.4950003935823248,1.4142779939723646,1.156954223564074,2.154394789048567,1.2982098231631731,-1.1789797367072328,1.1122843786093708,0.7548348835347951,1.5623313720244865,-0.35211092883194306,-0.4253790118198329,-0.5238876498664908,1.3671516743570218,1.3494193224120512,1.42275766560854,0.09141619508378308,0.9242458155759682,-0.6337222310793303,1.584851886685085,0.7454007888430654,-0.6748577123445763,-0.6263806424131795,-0.6036621802701908,0.8012094110272184,1.1521009430578062,-1.178833110135276,1.3121814538783403,1.3210314364407414,-0.9305560976413418,1.0938847142568147,1.1822147615980485,0,12.291666666666675,-2.958333333333333,Cephalophus_niger,63
377,0.6310729515208251,0.6532674075907094,0.0068969034587703275,1.1572826149257067,0.168524038665099,-0.2690845587078766,-1.3327378118081674,0.5156268227243904,1.420126829265956,1.4332354578415027,1.2272088474841347,1.0556442679246063,1.156954223564074,1.5334784646252266,1.208557220519779,-1.356739520396717,0.5758401928621821,0.32018478841075015,1.3360945688775214,-0.31015698397323455,-0.34281267233779744,-0.25861806173179036,1.2254307796908825,0.9974707813223839,1.3296138966767599,0.5647741461687514,0.7638042128094475,-0.5075845534041307,0.1676794435651378,0.477233889810176,-0.304758549855042,-0.022228468436323732,1.5587001723389462,-0.06028288868026159,1.3940475182429688,-1.3376703836024098,0.8959163023677466,1.3960779764022215,-1.3505898314947076,0.8858468441913281,1.1822147615980485,0,8.625000000000009,-3.2916666666666687,Cephalophus_niger,107
378,1.7404563725630249,1.0616898540988136,-1.0896365718626844,1.5918182683532311,0.8104674699863516,-0.3514420144137042,-1.1555580660918066,0.21763188309099615,1.4615243846537394,1.4736248697498884,1.4534465329808814,1.079553182994457,1.156954223564074,2.1139423863447617,1.3120360647670668,-0.9576977171448537,1.2668131990709508,0.7208474948030601,1.4334143110133666,-0.402745000213143,0.9782487593747701,-0.49164483831766104,1.259173849849487,1.1941479072254333,1.3247115930487714,0.6973143724725426,1.8690685874232562,-0.6652566504981302,1.584851886685085,1.7208578840752002,-0.6938371565748087,-0.6157814814662171,-0.584398373119998,1.1202806331411,1.1037116280207735,-1.17191042025051,1.2444173594463832,1.1909507671741764,-0.792958839999722,0.9614969787605959,1.104147693459129,0,12.291666666666675,-9.791666666666668,Cephalophus_niger,63
379,0.27723298502762345,0.28568720573341566,0.1896524826790128,1.488011960553275,1.4190630103609474,-0.042601478815476976,-1.1451357222617176,0.40704589462813456,1.5169890705131002,1.527738839102871,1.4211268636242034,1.1393254706690834,1.156954223564074,1.9949077137875753,1.524233196846677,-0.8287600590766987,1.226075524245208,0.5946086223709014,1.4447893458084655,-0.29569010643574883,0.4002843830005218,-0.5845785113034455,1.2929169200080917,1.2252021902627568,1.3443208075607251,1.0730877613338405,2.501921576113421,-0.6652566504981302,1.6439007384817494,2.3611063555162235,-0.703326878689925,-0.7800684761441341,-0.5121590963067751,0.7373951666044422,0.9101543678726434,-1.173833389662945,1.2637785292840853,1.2159662804946696,-0.814684722785241,1.0560596469721808,1.1870939533567308,0,12.291666666666675,-13.375000000000002,Cephalophus_niger,63
380,0.28997119537993776,0.04063373782855314,0.37240806189925524,1.020393780072013,-0.8474441900779202,1.5221904864007423,-1.4855987442104144,4.039268503094716,1.363858307379648,1.3783372280631143,1.2595285168408128,0.864372947365802,1.156954223564074,1.6358677575913507,0.9521160708924709,-1.7400942213193122,0.2922436360613036,0.524497482904719,1.3184000703073677,-0.20454877794958887,-1.2510424066401875,-0.5057119758277006,1.191687709532278,0.8111450830984422,1.3394185039327366,3.8608019717234696,4.043943647147203,1.1006708369546654,0.04958173997180889,3.3767884856032917,1.6785933722042568,0.8151052463737045,5.623363481029618,-0.3793541107941431,2.1682765588354895,-1.4647786617643654,0.615179339721067,1.461118311035504,-1.6547521904919724,0.9709532455817544,1.1529396110459535,0,5.708333333333344,-9.791666666666668,Cephalophus_niger,142
381,-1.1598856695544786,-0.16357748542549896,-0.26723646537159335,1.6793360877264811,0.9279422852616876,-0.9897124955574398,-1.0374382577020447,-0.22658087730126192,1.60782254155814,1.6163602671736979,1.4626807242256468,1.378414621367589,1.156954223564074,2.1199424667516427,1.517247346092028,-0.7237686662328763,1.3422171215004888,0.8263056607965725,1.5370535169242667,-0.4360188185493602,0.2351517040364509,-0.36583799394754984,1.360403060325301,1.3804736054493747,1.3590277184446904,-0.2013374915872281,0.6211894547947625,-0.6652566504981302,2.234389256448394,0.5107547521892872,-0.6938371565748087,-0.7641697347236905,-0.6132940838452872,1.1521877553524882,1.0069329979467085,-1.1063371632864754,1.4186678879857015,1.2259724858228669,-0.7132972697861527,1.1695348488260824,1.1919731451154134,0,14.875000000000009,-12.625000000000002,Cephalophus_niger,32
382,-1.017529114468304,0.612425162939899,0.09827469306889156,1.5565952796426565,0.8794365774667223,-0.7838187642512223,-1.117342816425386,-0.0431690820055153,1.6138513117602444,1.6222422203642393,1.458063628603264,1.4023235364374396,1.156954223564074,2.151297878084472,1.2341721546709523,-1.131442534683759,1.1103257187347573,0.7266739635692313,1.5408451951892996,-0.37381124513817166,-0.095113653891691,-0.6056468121576096,1.360403060325301,1.3494193224120512,1.3933438438406094,0.07685133505039944,0.8796787036963791,-0.6652566504981302,1.6439007384817494,0.7386966163672432,-0.6748577123445763,-0.6740768666745103,-0.6084781320577389,0.7373951666044422,1.055322312983741,-1.1526807261261596,1.3025008689594892,1.2960159231202482,-0.9015882539273167,1.1127972478991315,1.1480604192872712,0,12.625000000000009,-3.7916666666666674,Cephalophus_niger,59
383,-0.3932357994076513,0.9391631201463824,-1.272392151082927,1.6514325086617874,1.1424285161269543,-1.277963621208386,-0.8706808226840552,-0.4189468067723367,1.627114606204874,1.635182517383431,1.3564875249108472,1.4979591967168417,1.156954223564074,1.869679219302199,1.3327026972202052,-0.7359684388671796,1.344567274270394,1.0766470436581774,1.465011629888641,-0.5372869613117601,-0.095113653891691,-0.258608435490486,1.3739002883887428,1.442582171524022,1.2854931640248641,-0.604784114511955,-0.0829709129027447,-0.6652566504981302,2.470584663635052,-0.19988753024786954,-0.6938371565748087,-0.9602542122424946,-0.6181100356328353,1.0564663887183237,0.7649864227615457,-0.9546148766453513,1.4380290578234036,1.1609321511895843,-0.6046678558585581,1.3302913847857767,1.1236644604938588,0,15.958333333333346,-10.625000000000002,Cephalophus_niger,19
384,-1.0762275741249407,1.0616898540988136,-1.0896365718626844,1.506538231543232,1.035185256135909,-0.22790580017441334,-1.1694545024441136,0.29492259744737315,1.3566237831371226,1.3712788842344645,1.4072755767570557,0.9360996925753536,1.156954223564074,2.0454249294558466,1.2647356125963523,-1.0016846455809005,1.1612478869793206,0.6600585275548446,1.3474696036726201,-0.402745000213143,0.9782487593747701,0.08169609923832932,1.184939095500557,1.0699307750761389,1.2756885567688871,0.8371370287930255,2.0562504573175304,-0.6652566504981302,1.4962786089900881,1.8951663684465783,-0.6748577123445763,-0.5627856767314052,-0.5651345659698053,1.088373510929712,1.1037116280207735,-1.1892171449624251,1.1185697555013199,1.135916637869091,-0.8074427618567347,0.8763905773701697,1.0504765841136219,0,11.958333333333346,-10.125000000000002,Cephalophus_niger,67
385,-1.5994519245908285,0.48989842898746777,-0.08448088615135091,1.606015155004394,0.9806164794249851,-0.8661762813181489,-1.079127599890683,-0.11721275607511589,1.6323395403800312,1.640280210148567,1.4626807242256468,1.42623245150729,1.156954223564074,2.146459065454705,1.2578952217471073,-1.084977969403918,1.1753494012978292,0.7532811387740487,1.5547480154944204,-0.3810446839069145,0.1525853645544154,-0.5832454529725685,1.3739002883887428,1.3908250331284826,1.3933438438406094,-0.02655917118662441,0.7638042128094475,-0.6652566504981302,1.8210472938717428,0.6314298567540874,-0.703326878689925,-0.7694693151971717,-0.6181100356328353,0.8331165332386067,0.9585436829096758,-1.1247976696458517,1.3702649633914465,1.2810066151279522,-0.8291686446422536,1.1317097815414485,1.1529396110459535,0,12.375000000000009,2.2083333333333313,Cephalophus_niger,62
386,0.23630456648283968,0.9391631201463824,-1.272392151082927,1.8107687695503218,1.031017058884401,-1.2161954527276417,-0.8776290739919265,-0.3840158998775848,1.56240580603562,1.5720495531382843,1.3888071942675253,1.3664601638326637,1.156954223564074,2.0471668311215185,1.4636885647698763,-0.6753825268388709,1.554522822068702,1.1490886520922237,1.4321504182583558,-0.5083532062367887,-0.095113653891691,-0.5956935036524853,1.3266599901666962,1.3908250331284826,1.2658839495129104,-0.4926346922549009,0.122037801743365,-0.6652566504981302,2.470584663635052,-0.0088186146869359,-0.703326878689925,-0.8542626027728708,-0.6229259874203835,1.5988874663119224,0.9101543678726434,-0.9728830860634842,1.4670708125799565,1.0958918165563016,-0.48879648100245726,1.1979036492895578,1.1090268852178113,0,15.291666666666675,-7.541666666666668,Cephalophus_niger,27
387,1.0947758839701054,0.08147598247936355,-1.1810143614728057,1.6502889880114284,0.8241094473264645,-1.0926592384883507,-0.929740760010654,-0.2944255368469982,1.6488181789324499,1.6563575488693807,1.3749559074003774,1.5338225693216176,1.156954223564074,1.9507777662311179,1.025613740988358,-0.8579488013778093,1.2797396370045067,1.0047877561195855,1.5180951255991022,-0.4852062021768116,-0.34281267233779744,-0.5826206644220542,1.3873975164521846,1.4529335992031298,1.3345162003047484,-0.3542685219377563,0.2913928268858034,-0.6652566504981302,2.1458159787533972,0.18560238711190885,-0.703326878689925,-0.7005747690419162,-0.6229259874203835,0.9288378998727711,0.8617650528356108,-1.0269185265529086,1.4283484729045526,1.2359786911510642,-0.720539230714659,1.2451849833953503,1.1090268852178113,0,14.458333333333346,-2.458333333333333,Cephalophus_niger,37
388,-0.524468821362109,0.8983208754955719,-0.44999204459183584,1.2499959348192142,0.46562164346767354,-0.2896739072940588,-1.3014707803179002,0.46042616192789776,1.475189597111843,1.4869572969817826,1.2595285168408128,1.1393254706690834,1.156954223564074,1.6199963104036272,1.2573131600492997,-1.3338198217477852,0.6878687239205904,0.4069981654485613,1.3752752442828617,-0.41287181448938304,-0.34281267233779744,-0.4733386719691561,1.265922463881208,1.0802822027552468,1.354125414816702,0.6011862962522105,0.9242458155759682,-0.5391189728229305,0.4629237025484601,0.8459633759803988,-0.43761465946666966,-0.3137053944777892,2.0884548689692473,0.09925272237667916,1.2972688881689038,-1.3067105760622058,0.9927221515562566,1.386071771074024,-1.263686300352632,0.9331281782971205,1.1968523368740958,0,9.541666666666675,-3.208333333333333,Cephalophus_niger,96
389,-1.3333193378415666,0.8983208754955719,0.1896524826790128,1.3995299063798006,0.8055409193055096,-0.33085266582752204,-1.2702037819593508,0.3208993701667969,1.4595147945863713,1.4716642186863744,1.2410601343512826,1.175188843273859,1.156954223564074,1.6354805698864177,1.4251205925996164,-1.0829417799928003,0.7675811601451087,0.42253531670951394,1.3234556413274117,-0.3304106125257145,-0.34281267233779744,-0.47265027832270606,1.259173849849487,1.0906336304343547,1.3492231111887136,0.6128381842789175,1.031206884086982,-0.6652566504981302,0.9353145169217758,1.1342427924407548,-0.6558782681143437,0.0837631410333001,2.5026267226983916,0.5778595555475015,1.2488795731318711,-1.2799813012293588,1.0701668309070649,1.2860097177920509,-1.0609113943544553,0.9236719114759621,1.177335569839366,0,10.041666666666675,3.624999999999999,Cephalophus_niger,90
390,1.0472852612995809,0.4082139396858469,0.281030272289134,1.4418431618643932,0.37694720061440706,0.08093470474326445,-1.3188413423241427,0.5983786425000872,1.370288995595226,1.3846113114663587,1.425743959246586,0.7926462021562503,1.156954223564074,2.170653128603538,1.3958669400514274,-1.3284913656944288,0.8138027240003228,0.6600585275548446,1.3259834268374335,-0.3116036717269831,-0.5079453513018684,-0.5128362650590782,1.191687709532278,0.9560650706059524,1.3198092894207831,1.2129104176543235,1.8690685874232562,-0.5706533922417305,0.7876923874301147,1.9487997482531563,-0.46608382581201846,0.21095307239684868,-0.36768054268032946,0.8331165332386067,1.2488795731318711,-1.324401894656608,0.9636803967997036,1.1759414591818802,-0.981249824140886,0.9142156446548035,1.0992685017004464,0,9.541666666666675,-8.125000000000002,Cephalophus_niger,96
391,-0.40670321670356885,1.0208476094480032,-1.272392151082927,1.7700072640099993,1.2231453075166356,-1.3191423183807505,-0.7803539532623425,-0.44787548804183824,1.696244504522338,1.7026289139683077,1.3518704292884647,1.689230517275646,1.156954223564074,1.8561303076687041,1.3328483792018007,-0.5537806678684551,1.3400627151782294,1.3036825514550976,1.4776505574387508,-0.5054598307292916,-0.012547314409655536,-0.5485009314741807,1.4211405866107891,1.5564478759942084,1.2854931640248641,-0.6557611246287978,-0.18101855903784064,-0.6652566504981302,2.5296335154317164,-0.2903938586714697,-0.6938371565748087,-0.6793764471479914,-0.6132940838452872,1.2160019997752645,0.7165971077245131,-0.8609662662597652,1.5445154919307649,1.1559290485254856,-0.5177643247164825,1.5005041875666292,1.113906076976494,0,16.458333333333346,-11.541666666666668,Cephalophus_niger,13
392,-1.2140488386076487,1.0616898540988136,-0.7241254134221995,1.4964092790089207,1.0344274809402232,-0.7014612471842958,-1.1590321917457422,0.0025854864449022827,1.5294485289307826,1.539894875696657,1.4672978198480293,1.2827789610881868,1.156954223564074,2.172395325606895,1.318294393918504,-1.101685897041421,1.0147491536143014,0.5963564740967993,1.4877616994788387,-0.4201052532581259,-0.5079453513018684,-0.5470853261675654,1.3064141480715337,1.2459050456209726,1.3639300220726789,0.1642404952507013,0.9955531945833107,-0.6652566504981302,1.4962786089900881,0.8292029447908432,-0.6748577123445763,-0.5521865157844429,-0.5940302766950943,0.7373951666044422,1.055322312983741,-1.1840251275488507,1.21537560468983,1.2509879991433601,-0.9015882539273167,1.0087783128663883,1.1334228440112237,0,11.791666666666675,-1.9583333333333333,Cephalophus_niger,69
393,-0.31990612766076043,0.24484496108260523,0.09827469306889156,1.437595543041233,0.6016652758807886,-0.02201213022929481,-1.2771520001355041,0.4834510730165367,1.3936002403766965,1.4073548638031195,1.425743959246586,0.864372947365802,1.156954223564074,2.1741372272725665,1.391355240145796,-1.308840968619073,0.8065562203934226,0.6309264800705002,1.3436779254075872,-0.24794941056204597,-0.26024633285576193,-0.5649599796189,1.2119335516274408,1.0078222090014917,1.3149069857927946,1.0658053313171487,1.8958088545510097,-0.5706533922417305,0.9943633687184403,1.9320393170636005,-0.5135324363875998,-0.006329727015880157,-0.406208156980715,0.7693022888158303,1.1037116280207735,-1.2888269605265599,1.0120833213939588,1.165935253853683,-0.9305560976413418,0.9331281782971205,1.0992685017004464,0,9.875000000000009,-7.708333333333332,Cephalophus_niger,92
394,1.3592236116098313,0.6941096522415199,-0.44999204459183584,1.2474965026059335,0.20831388612555723,-0.2896739072940588,-1.3535824663366276,0.47164347635166004,1.4470553361686889,1.4595081820925886,1.2549114212184302,1.031735352854756,1.156954223564074,1.6556101958153506,1.2725948890119998,-1.3932355655060982,0.6586863653462665,0.44273370225270586,1.3436779254075872,-0.39695824919814876,-1.0859097276761167,-0.39240084377128165,1.2456766217860453,1.0181736366805996,1.3492231111887136,0.5982733242455338,0.9242458155759682,-0.4760501339853307,0.4038748507517957,0.8727800658836877,-0.32373799408527454,-0.2819079116369021,2.1269824832696327,0.13115984458806731,1.3940475182429688,-1.3472852306645848,0.9636803967997036,1.3810686684099254,-1.2781702222096445,0.9236719114759621,1.1919731451154134,0,8.958333333333346,-5.375000000000001,Cephalophus_niger,103
395,0.23464166390234767,0.44905618433665734,0.8292970099498614,1.7831587486295641,0.8642784715015897,-1.113248587074533,-0.9783783203754459,-0.31567926339338437,1.6677083255657104,1.674787668866411,1.448829437358499,1.3664601638326637,1.156954223564074,2.09768404678979,1.4994914662803107,-0.6318144308441043,1.547863856654278,1.0183829486894889,1.5484285517193657,-0.3535576165856916,-1.2510424066401875,-0.5638120258864384,1.4008947445156263,1.442582171524022,1.354125414816702,-0.3600944659511098,0.34487336114131034,-0.6652566504981302,2.352486960041723,0.2559961981080423,-0.6843474344596925,-0.9178575684546451,-0.6084781320577389,1.311723366409429,0.9101543678726434,-1.0605704912705216,1.5251543220930628,1.2059600751664723,-0.6046678558585581,1.3113788511434596,1.177335569839366,0,15.375000000000009,-13.375000000000002,Cephalophus_niger,26
396,-0.23352617975145415,0.36737169503503647,2.19996385410168,1.5961311001608118,0.8688257009093526,-0.22790580017441334,-1.2389367504690836,0.32798395819407045,1.43941889391269,1.4520577080512358,1.4765320110927944,1.0197808953198306,1.156954223564074,2.274203837015619,1.4622332994872616,-1.1952690419498153,1.0738968565535332,0.7587190972634054,1.3929697428530154,-0.30292354520449166,-0.5079453513018684,-0.6035269272161315,1.2389280077543243,1.0906336304343547,1.3345162003047484,0.8837445808998532,1.735367251784489,-0.6337222310793303,1.201034350006766,1.767787091405956,-0.6463885459992275,-0.19181504358772186,-0.5121590963067751,1.1521877553524882,1.2004902580948387,-1.2578671529863559,1.137930925339022,1.1609321511895843,-0.8291686446422536,0.9614969787605959,1.1090268852178113,0,10.458333333333343,-8.125000000000002,Cephalophus_niger,85
397,-0.07411875040503842,1.0208476094480032,-0.906880992642442,1.2787004170809504,0.26856713327142095,-0.1661376930547679,-1.325789560500296,0.6114162002788414,1.543113741388886,1.5532273029285513,1.2779968993303432,1.175188843273859,1.156954223564074,1.60489923862577,1.349876515334115,-1.2230526441198577,0.7319358814535452,0.3918495244644232,1.4195114907082458,-0.5372869613117601,-0.7556443697479748,-0.4826265665441149,1.3131627621032544,1.132039341150786,1.3933438438406094,0.7730516446461375,1.031206884086982,-0.5075845534041307,0.4038748507517957,0.8694279796457767,-0.44710438158178595,-0.22891210690209018,2.1221665314820846,0.03543847795390286,1.3940475182429688,-1.3361320080724617,1.0314444912316607,1.4361027977150107,-1.3071380659236698,1.0087783128663883,1.2505234462196029,0,8.291666666666679,-0.20833333333333331,Cephalophus_niger,111
398,-1.018879622055351,0.612425162939899,0.1896524826790128,1.357461748014024,0.5308012967359672,-0.3514420144137042,-1.3188413423241427,0.37939639281084586,1.5318600370116244,1.5422476569728736,1.3056994730646387,1.2349611309484856,1.156954223564074,1.7539346085550467,1.290496228729121,-1.3555522683561307,0.7291939369388095,0.541393975614755,1.3992892066280702,-0.3390907390482059,-0.5079453513018684,-0.5912399436568202,1.3064141480715337,1.1527421965090017,1.3933438438406094,0.5822519782088118,1.3431766672441052,-0.6021878116605304,0.9648389428201081,1.1845240860094217,-0.5894502133085299,-0.027528048909804922,2.5748659995116143,0.2906954556450081,1.2488795731318711,-1.3001724800599266,1.0701668309070649,1.3660593604176294,-1.1767827692105561,1.0087783128663883,1.1968523368740958,0,10.291666666666675,-4.625000000000001,Cephalophus_niger,87
399,-1.1485832581936386,0.5715829182890886,1.7430749060510737,1.5533442029698008,1.1594814937565376,-0.6602825500119315,-1.138187504085564,0.036926017259953835,1.6488181789324499,1.6563575488693807,1.5088516804494725,1.4860047391819164,1.156954223564074,2.092264600271466,1.5386417222245696,-0.8247106453231258,1.293645106025831,0.6050960290728002,1.583817548859673,-0.4070850634743888,0.6479834014466282,-0.5719383295537545,1.3873975164521846,1.3908250331284826,1.42275766560854,0.2559991134610182,1.3699169343718587,-0.6652566504981302,1.968669423363404,1.1945803447231549,-0.703326878689925,-0.9390558903485698,-0.6084781320577389,0.705488044393054,0.9585436829096758,-1.1611417915408737,1.3799455483102974,1.3210314364407414,-0.8798623711417978,1.141166048362607,1.270040213254333,0,13.458333333333346,-11.958333333333336,Cephalophus_niger,49
400,0.42541960756417396,-0.2452619747271198,-1.1810143614728057,1.751252249004353,1.3356935721111298,-1.3809104868614948,-0.846362075633377,-0.48364275948552266,1.6050091154638246,1.6136153556847783,1.291848186197491,1.378414621367589,1.156954223564074,1.7249017327764467,1.2605150545777204,-0.21634567196858917,1.6710559122192747,1.376318563200807,1.4270948472383118,-0.473632700146823,-0.4253790118198329,-0.6026304896088894,1.360403060325301,1.421879316165806,1.2511770386289451,-0.7489762288424531,-0.36820042893211474,-0.6652566504981302,2.5591579413300485,-0.47140651551866997,-0.703326878689925,-1.0026508560303442,-0.6229259874203835,1.2798162441980407,0.8133757377985782,-0.9113480648655631,1.5154737371742117,1.165935253853683,-0.553974129359014,1.358660185249252,1.0846309264243992,0,16.208333333333346,-5.541666666666668,Cephalophus_niger,16
401,-0.26883030335418895,0.6532674075907094,-0.44999204459183584,1.6407152432710828,1.1090809142971216,-0.9073549784905133,-1.0374382577020447,-0.17113424680325434,1.5226159227017309,1.5332286620807098,1.4303610548689685,1.2947334186231119,1.156954223564074,2.074844697601695,1.267792047219369,-0.8812471435978615,1.1778955993649187,0.7589135005750685,1.4561643806035642,-0.37381124513817166,-0.095113653891691,-0.5803188334925886,1.2996655340398127,1.2666079009791882,1.3198092894207831,-0.0673407792800986,0.9420726603278038,-0.6652566504981302,2.116291552855065,0.6884153227985763,-0.703326878689925,-0.4885915501026686,-0.6132940838452872,1.1840948775638762,0.9585436829096758,-1.1078755388164234,1.3025008689594892,1.1459228431972883,-0.6843294260721275,1.0749721806144976,1.074872542907034,0,13.458333333333346,-6.875000000000001,Cephalophus_niger,49
402,0.5630784200666237,0.5307406736382781,0.281030272289134,1.328234564736489,0.6300866161466033,-0.4749782286529951,-1.2910484364878112,0.2974317661650393,1.5338696270789924,1.5442083080363875,1.2826139949527258,1.175188843273859,1.156954223564074,1.6778686157772034,1.3054868158048216,-1.28440130449576,0.792454706074914,0.4650681534520985,1.414455919688202,-0.32896392477196595,-0.34281267233779744,-0.44730872851617126,1.3064141480715337,1.1527421965090017,1.3786369329566441,0.39290879777482446,1.031206884086982,-0.6337222310793303,0.9353145169217758,0.8828363245974211,-0.6084296575387624,-0.5998827400457736,2.141430338632277,0.22688121122223176,1.3456582032059363,-1.2886346635853163,1.0701668309070649,1.4010810790663202,-1.2274764957101003,0.9804095124029129,1.2261274874261907,0,10.375000000000009,-2.5416666666666687,Cephalophus_niger,86
403,-0.48503515854570806,0.1631604717809844,0.0068969034587703275,1.3730310987593222,0.6884451361864284,-0.4132101215333497,-1.2841002183116577,0.27534163753428625,1.4796106952600527,1.491270729321513,1.2779968993303432,1.1990977583437097,1.156954223564074,1.7463860726661182,1.2557122127850895,-1.3189013490641832,0.7818787197608017,0.5338196551226859,1.3537890674476751,-0.26096960034578315,-0.5905116907839039,-0.06851337444881386,1.2726710779129289,1.132039341150786,1.3639300220726789,0.4934063320051716,1.4144840462514479,-0.6337222310793303,1.201034350006766,1.1744678272956883,-0.6368988238841111,-0.20241420453468423,2.5604181441489695,0.45023106670194885,1.2004902580948387,-1.2634437642824174,1.0604862459882138,1.3060221284484455,-1.097121198996987,0.9520407119394375,1.1529396110459535,0,11.041666666666675,-4.375000000000001,Cephalophus_niger,78
404,1.6619774832761292,0.24484496108260523,0.1896524826790128,1.5854630935075744,1.1568288468964012,-0.6191038528395671,-1.0409123833559801,-0.00794301522248894,1.4550936964381613,1.467350786346644,1.4211268636242034,1.2469155884834109,1.156954223564074,2.081425707234818,1.2963177340119634,-0.8207301267755407,1.3142098393111175,0.6404430556001303,1.416983705198224,-0.3130503594807317,0.5654170619645927,-0.49194009196482325,1.2524252358177663,1.2148507625836489,1.2854931640248641,0.3128020675912144,1.5303585371383792,-0.6652566504981302,1.968669423363404,1.3152554492879551,-0.703326878689925,-0.8860600856137579,-0.5988462284826426,1.1840948775638762,0.9101543678726434,-1.0969146131655436,1.2734591142029363,1.1159042272126964,-0.6626035432866085,0.9898657792240714,1.0553557758723042,0,13.208333333333346,-8.791666666666668,Cephalophus_niger,52
405,0.30793473046138703,0.1631604717809844,0.9206747995599827,0.878162466198007,-0.6996531628723187,0.3691858687448974,-1.4334870581916868,1.4693386253825,1.377925437851225,1.3920617855077115,1.1995062737498392,0.9480541501102789,1.156954223564074,1.3631522009899026,0.9432381309866122,-1.4870137034517652,0.2544436521979424,0.5283816966333292,1.3196639630623785,-0.30292354520449166,-0.6730780302659393,-0.48006307109301416,1.198436323563999,0.8732536491730895,1.3296138966767599,1.1167823414339915,0.8351115918167901,0.18617267380946764,-0.42280907440150683,0.7286403576535098,0.6062547731961191,0.7091136369040807,1.370878052624567,-0.6984253329080246,1.8295513535762618,-1.4211272561020902,0.64422109447762,1.4861338243559974,-1.669236112348985,1.0466033801510222,1.167577186322001,0,5.958333333333344,-6.541666666666668,Cephalophus_niger,139
406,0.7162624407849315,0.44905618433665734,0.281030272289134,1.654487348097121,0.803646336757883,-0.186727103002049,-1.2424108761230193,0.3441702884923851,1.418921075225535,1.4320590672033944,1.4857662023375595,0.9360996925753536,1.156954223564074,2.316398436722781,1.4973082352421012,-1.1596276054626782,1.1657524460714852,0.8235863852053825,1.3765391370378726,-0.24939609831579457,0.1525853645544154,-0.536653092592017,1.2254307796908825,1.0699307750761389,1.3247115930487714,0.982785629126862,1.8066746307918315,-0.6337222310793303,1.1124610723117692,1.8649975923053783,-0.6274091017689949,-0.11762091695898517,-0.4977112409441306,1.343630488620817,1.2004902580948387,-1.2622899826349565,1.157292095176724,1.1309135352049924,-0.7712329572142032,0.9520407119394375,1.0992685017004464,0,10.458333333333343,-8.458333333333334,Cephalophus_niger,85
407,-1.5673112200054884,0.7349518968923303,-0.7241254134221995,1.663097057465329,0.9749321535484573,-1.1750167555552773,-0.8845773252997976,-0.3558744023541147,1.6323395403800312,1.640280210148567,1.3334020467989343,1.4740502816469911,1.156954223564074,1.8394850757464845,1.3098530558050487,-0.672004281220054,1.3841298727111844,1.1162664978444206,1.475122771928729,-0.46061251036308587,-0.012547314409655536,-0.541414129800403,1.3739002883887428,1.442582171524022,1.3002000749088294,-0.47078740220482546,0.122037801743365,-0.6652566504981302,2.234389256448394,0.014645988978441918,-0.703326878689925,-0.8224651199319836,-0.6229259874203835,0.9926521442955474,0.8133757377985782,-0.9836517147731203,1.4573902276611057,1.2059600751664723,-0.6553615823581023,1.2924663175011426,1.1334228440112237,0,15.291666666666675,-2.708333333333333,Cephalophus_niger,27
408,0.12568105532881027,0.7757941415431406,0.09827469306889156,0.9939601854359553,0.5319381040879079,0.06034535615708228,-1.3292636861542317,0.864394593172666,1.2995514252238676,1.3155963940306707,1.148718221903631,0.912190777505503,1.156954223564074,1.3825074515089693,1.0962004363666324,-1.361052752378097,0.4107350872369514,0.16869808222285745,1.2514137542917858,-0.3419841145557031,-0.4253790118198329,0.17466860735766876,1.1444474113102316,0.8525507938148738,1.2658839495129104,0.8604408048464394,1.0401203064628997,-0.41298129514773085,0.1676794435651378,0.7789216512221765,-0.2573099392794607,0.046666077718931755,1.9921358332182832,-0.28363274415997863,1.490826148317034,-1.344208479604689,0.7023046039907261,1.371062463081728,-1.459219245422302,0.7629153755162679,1.1285436522525414,0,7.708333333333344,5.374999999999999,Cephalophus_niger,118
409,-0.5332081124516518,0.5307406736382781,0.281030272289134,1.2707278804504292,0.47736932737698395,-0.3514420144137042,-1.2945225621417467,0.44669982892820687,1.5543674457661476,1.564206948884229,1.2872310905751083,1.2349611309484856,1.156954223564074,1.6281254801811131,1.3060688775026292,-1.2694254891559547,0.7376155169306625,0.4151551031825963,1.4485810240734984,-0.32896392477196595,-0.34281267233779744,-0.43310472033327646,1.3199113761349754,1.1734450518672175,1.3933438438406094,0.5298184820886307,0.8351115918167901,-0.6337222310793303,0.5219725543451246,0.6615986328952874,-0.5799604911934136,-0.30840581400430805,1.8235775206540967,0.003531355742514714,1.3456582032059363,-1.3011339647661442,1.0701668309070649,1.4561152083714053,-1.3071380659236698,1.0087783128663883,1.260281829736968,0,9.041666666666675,-1.541666666666669,Cephalophus_niger,102
410,0.2769830690328674,-0.2452619747271198,-1.1810143614728057,1.6963106087721682,1.3553991966008494,-1.3809104868614948,-0.7629833912561,-0.48915298002073315,1.7621590587320128,1.7669382688515627,1.3241678555541692,1.7968206350899736,1.156954223564074,1.7018692327424125,1.1956041825006924,-0.4574616691247184,1.3614107331036385,1.4390494891400718,1.5231506966191461,-0.473632700146823,-0.4253790118198329,-0.5998285881612563,1.4683808848328357,1.6185564420688556,1.3100046821648061,-0.7693670328891902,-0.45733465269129286,-0.6652566504981302,2.3820113859400553,-0.5116315503736034,-0.703326878689925,-0.7747688956706529,-0.6229259874203835,0.8331165332386067,0.6682077926874805,-0.8519283100213206,1.5832378316061688,1.2409817938151628,-0.6119098167870645,1.5477855216724217,1.1480604192872712,0,16.708333333333346,-8.375000000000002,Cephalophus_niger,10
411,-0.05172098400672725,0.5307406736382781,-0.26723646537159335,0.600626973048918,-0.5734624872624755,0.45154333979099975,-1.3987459341792017,1.6567356328176084,1.3855618801072238,1.399512259549064,1.1533353175260135,1.1154165555992328,1.156954223564074,1.0629522240919018,0.7589846240017889,-1.515600242839561,-0.06499422859168402,0.18792519207401306,1.3272473195924446,-0.37091786963067447,-0.8382107092300103,-0.4098801609924616,1.2051849375957198,0.8836050768521974,1.3198092894207831,0.9696772550968167,1.7621075189122424,0.31231035148466735,0.22672829536180228,1.1476511373923994,0.46390894146937517,0.3169446818664725,0.5714300558915675,-1.3046606549243995,1.5392154633540664,-1.3930519026805386,0.5474152452891098,1.521155543004688,-1.7923494481335922,1.0560596469721808,1.177335569839366,0,5.12500000000001,-1.541666666666669,Cephalophus_niger,149
412,-0.41943299996227706,-0.2452619747271198,-1.1810143614728057,1.8007211836754708,1.4448317037666258,-1.4426785326200413,-0.7490868886403577,-0.5217223544451077,1.6689140796061313,1.6759640595045193,1.2779968993303432,1.5338225693216176,1.156954223564074,1.6639328117764605,1.187308526368833,-0.05286785047730454,1.6291431610085794,1.601606515618341,1.4372059892783995,-0.473632700146823,-0.4253790118198329,-0.612455956933764,1.4008947445156263,1.5357450206359926,1.2511770386289451,-0.8349089030394166,-0.5642957212023066,-0.6652566504981302,2.500109089533384,-0.6423629136521369,-0.703326878689925,-0.8648617637198331,-0.6181100356328353,1.2798162441980407,0.7649864227615457,-0.8198147208336556,1.602599001443871,1.1709383565177816,-0.4960384419309636,1.5005041875666292,1.0846309264243992,0,16.958333333333346,-5.791666666666668,Cephalophus_niger,7
413,1.4133779585493826,0.1631604717809844,0.1896524826790128,1.1885192356069774,-0.35177594645407334,1.028045629443579,-1.4717022912922486,2.131598815470679,1.3911887322958547,1.405002082526903,1.2779968993303432,0.8882818624356525,1.156954223564074,1.7212244832614794,1.1544163774998195,-1.562684304849667,0.5541003831919429,0.5810137261475098,1.3184000703073677,-0.30292354520449166,-1.0859097276761167,-0.4493701333080178,1.2051849375957198,0.8629022214939817,1.3492231111887136,2.4349021744552113,2.5286618432411743,0.5015168679974669,-0.15708924131651672,1.9286872308256895,1.0617614347216997,1.0747846895742827,3.152780214017397,0.003531355742514714,1.8779406686132945,-1.4511255789360766,0.7700686984226832,1.4210934897227148,-1.480945128207821,0.9614969787605959,1.1529396110459535,0,6.041666666666676,-8.791666666666668,Cephalophus_niger,138
414,-0.0474872911830231,0.36737169503503647,0.1896524826790128,1.6788626454481494,0.9184685051730828,-1.010301844143622,-1.0478605684004159,-0.22485893924892025,1.6367606385282412,1.6445936424882974,1.4534465329808814,1.4860047391819164,1.156954223564074,2.183621406348476,1.2584775055211066,-1.0317165139699238,1.1299111220827374,0.8513590912406436,1.5408451951892996,-0.3318573002794631,0.31771804351848637,-0.481387814073171,1.3806489024204638,1.3908250331284826,1.3688323257006674,-0.21444586561727338,0.4964015415319131,-0.6652566504981302,1.968669423363404,0.3465025265316425,-0.703326878689925,-0.41969700394741305,-0.6229259874203835,1.0245592665069356,0.9585436829096758,-1.0953762376355958,1.3896261332291484,1.2359786911510642,-0.7495070744286843,1.1695348488260824,1.1236644604938588,0,13.125000000000009,0.9583333333333308,Cephalophus_niger,53
415,-0.9822502063097188,0.8983208754955719,-1.272392151082927,1.540699265690995,0.9650793413035975,-0.8249974614235867,-1.0478605684004159,-0.1035847659135097,1.5724537563724608,1.5818528084558536,1.4072755767570557,1.42623245150729,1.156954223564074,2.0787156886379714,1.1795947098585895,-1.0731279939740004,1.0057397365804337,0.747843180284692,1.4928172704988827,-0.5112465817442858,-0.17767999337372647,-0.5783492693037559,1.3334086041984172,1.3183650393747275,1.3394185039327366,0.0025705488801428733,0.8796787036963791,-0.6652566504981302,1.7619984420750783,0.6649507191331986,-0.6843474344596925,-0.24481084832253378,-0.6132940838452872,0.7693022888158303,0.9101543678726434,-1.108067835757667,1.2734591142029363,1.2259724858228669,-0.8219266837137473,1.1127972478991315,1.094389309941764,0,13.041666666666675,-3.9583333333333335,Cephalophus_niger,54
416,-1.3337319033265873,0.6532674075907094,-0.08448088615135091,0.9134670209961291,1.411105069780538,0.986866901590665,-1.4126423870973674,1.8363099554437265,1.426557517481534,1.4395095412447472,1.3334020467989343,1.0675987254595316,1.156954223564074,1.6585133652581365,1.2471254147662303,-1.1737947423175645,0.27990473632022395,0.13218596938485136,1.3676918877527957,-0.3202837982494745,-0.17767999337372647,-0.5652347872860559,1.2321793937226035,0.914659359889521,1.3590277184446904,2.0329120375338228,5.0868140651295874,-0.6652566504981302,2.027718275160068,4.348893494597515,-0.703326878689925,0.09436230198026248,-0.5892143249075462,-0.570796844062472,1.2972688881689038,-1.4186273958659246,0.7119851889095772,1.3960779764022215,-1.4881870891363274,1.0182345796875467,1.1870939533567308,0,11.708333333333346,-15.291666666666668,Cephalophus_niger,70
417,0.9638133190510685,0.12231822713017397,0.281030272289134,1.5131385035077047,0.9635635017954018,-1.010301844143622,-0.9193184493122826,-0.26810437651710606,1.4844337114217363,1.4959762918739465,1.3241678555541692,1.3186423336929625,1.156954223564074,1.9236802383018137,1.063017367686811,-0.7810106402144554,1.1812250820721308,0.774256248524358,1.3866502790779605,-0.2624162880995317,0.8131160804106992,-0.48272692793592553,1.2726710779129289,1.276959328658296,1.2462747350009566,-0.27124881974746956,0.5231418086596665,-0.6652566504981302,2.116291552855065,0.3129816641525313,-0.703326878689925,-0.6104819009927359,-0.6229259874203835,0.896930777661383,0.7165971077245131,-1.0188420550206814,1.2928202840406382,1.1159042272126964,-0.648119621429596,1.1127972478991315,1.001684666526797,0,14.041666666666675,-4.041666666666667,Cephalophus_niger,42
418,0.7782711023120471,0.44905618433665734,0.281030272289134,1.7470048296092797,0.8870154858908766,-0.45438888006681294,-1.172928628098049,0.15519904493923412,1.5185967425669946,1.5293073599536822,1.5088516804494725,1.079553182994457,1.156954223564074,2.2513647831652093,1.4315243816564576,-0.9725818822563683,1.4013648244397205,0.8777721594803095,1.472594986418707,-0.24939609831579457,0.1525853645544154,-0.5127402569979388,1.2996655340398127,1.2459050456209726,1.354125414816702,0.6142946702822558,1.6284061832734753,-0.6652566504981302,1.5553274607867527,1.5867744345587556,-0.703326878689925,-0.6316802228866607,-0.584398373119998,1.4074447330435933,1.2004902580948387,-1.1767178437815975,1.3121814538783403,1.1909507671741764,-0.742265113500178,1.0182345796875467,1.1285436522525414,0,12.125000000000009,-8.875000000000002,Cephalophus_niger,65
419,1.1620830806020588,0.4082139396858469,0.281030272289134,1.8032044622137116,0.8119830203777232,-0.0014227509625631685,-1.221566188462841,0.4030608326305104,1.362652553339227,1.377160837425006,1.5088516804494725,0.7687372870863998,1.156954223564074,2.460401252500982,1.623782402886141,-1.0542462265443102,1.363956931170728,0.9704121534575477,1.3335667833674993,-0.3116036717269831,-0.5079453513018684,-0.5340873177565423,1.191687709532278,1.0078222090014917,1.2903954676528524,1.3337987559314077,1.9225491216787631,-0.6021878116605304,0.8467412392267791,2.059418594104223,-0.5704707690782973,0.23745097476425464,-0.39657625340561864,1.9179586884258037,1.2488795731318711,-1.2669051092248005,1.21537560468983,1.030851481923019,-0.5829419730730392,0.9331281782971205,1.0553557758723042,0,10.125000000000009,-9.625000000000002,Cephalophus_niger,89
420,-1.3612979798988545,0.6532674075907094,-0.44999204459183584,1.7270408815407667,1.017753535466895,-1.0308911927298043,-0.9679560096770745,-0.2714006632937936,1.5153813984592057,1.52617031825206,1.4211268636242034,1.2708245035532615,1.156954223564074,2.154394789048567,1.2365008456145659,-0.7983781134214767,1.372182764714935,0.9290445511988951,1.4346782037683776,-0.37381124513817166,-0.095113653891691,-0.6140717573660835,1.2929169200080917,1.297662184016512,1.2805908603968756,-0.2464885576907174,0.7103236785539406,-0.6652566504981302,2.352486960041723,0.4336567687173315,-0.703326878689925,-0.6899756080949538,-0.6229259874203835,1.4712589774663696,0.9585436829096758,-1.056916849386895,1.3509037935537445,1.090888713892203,-0.5684580512160267,1.1222535147202901,1.0358390088375744,0,14.208333333333346,-6.208333333333332,Cephalophus_niger,40
421,-1.175538666744473,0.4082139396858469,0.281030272289134,1.659747862173712,0.6202338039017434,0.38977523267135433,-1.2945225621417467,0.6845250918905561,1.2352445430680872,1.252855559998227,1.4534465329808814,0.5894204240625206,1.156954223564074,2.3609152766464865,1.5625102492061287,-1.1738118961036084,1.1181600593836722,0.8548547946924392,1.2236081136815444,-0.3116036717269831,-0.5079453513018684,0.24680507704260898,1.097207113088185,0.8214965107775501,1.2413724313729682,1.8129826510297298,2.082990724445284,-0.4445157145665308,0.4629237025484601,2.317529234423379,-0.29526882773992574,0.8469027292145916,-0.1316989050904682,1.7903301995802512,1.3456582032059363,-1.3230558160679036,1.0024027364751078,0.9958297632743285,-0.6915713870006338,0.8101967096220603,1.011443050044162,0,9.458333333333343,-9.458333333333334,Cephalophus_niger,97
422,0.3919676011280557,0.20400271643179482,0.5551636411194977,0.9827692783388321,-0.16116353733003436,0.10152408400999609,-1.3744271539968058,1.041853418716932,1.4426342380204789,1.4551947497528581,1.213357560616987,1.0556442679246063,1.156954223564074,1.3869592241026454,1.0640362532532137,-1.3459105803213942,0.42013629601564945,0.621410200887382,1.366427994997785,-0.29858348194324597,-0.9207770487120457,-0.5167726738279199,1.2456766217860453,0.9664164982850603,1.3492231111887136,0.9114178149632821,0.8885921260722969,-0.19224035921613142,-0.09804038951985226,0.7789216512221765,0.09380977897984098,0.5819237055405321,0.9952338131958082,-0.5388897218510839,1.5392154633540664,-1.3834370556183635,0.7991104531792363,1.4861338243559974,-1.553364737492884,1.1127972478991315,1.2066107203914607,0,6.708333333333344,-2.8750000000000013,Cephalophus_niger,130
423,1.1321948130479595,0.6532674075907094,0.281030272289134,1.5464172677989645,1.222008211047871,-0.7220505957704779,-1.0200676956958021,-0.05369754613747214,1.5503482656314111,1.5602856467572013,1.4303610548689685,1.4142779939723646,1.156954223564074,2.09768404678979,1.4661627156188939,-0.8141168871552353,1.1236439484131437,0.6379181833206033,1.5004006270289485,-0.3304106125257145,-0.5905116907839039,-0.2908024212564396,1.3199113761349754,1.3183650393747275,1.3345162003047484,0.15550157923067112,1.2896961329885983,-0.6652566504981302,2.027718275160068,1.053792722730888,-0.703326878689925,-0.37730036015956353,-0.6229259874203835,0.896930777661383,0.8617650528356108,-1.0990298795192222,1.3315426237160424,1.2059600751664723,-0.7495070744286843,1.0844284474356563,1.1724563780806836,0,13.958333333333346,-9.958333333333334,Cephalophus_niger,43
424,-1.2756397993895774,0.6532674075907094,0.0068969034587703275,1.2717571288069873,-0.2979649449388352,-0.33085266582752204,-1.384849481261036,0.5742221882065242,1.4615243846537394,1.4736248697498884,1.2687627080855781,0.9719630651801294,1.156954223564074,1.7281923852618508,1.1255995488202255,-1.4814558067581423,0.6532024763167952,0.6134473701184984,1.3803308153029055,-0.31015698397323455,-0.34281267233779744,-0.6029701178806011,1.259173849849487,0.987119353643276,1.3590277184446904,0.5472963141286911,0.7994579023131188,-0.349912456310131,0.07910616587014112,0.46047345862062045,-0.24782021716434444,0.16325684813551797,1.4912768473132716,0.13115984458806731,1.8295513535762618,-1.380168007617224,0.9055968872865975,1.4511121057073066,-1.4230094407797707,0.9804095124029129,1.1919731451154134,0,8.041666666666679,-5.208333333333333,Cephalophus_niger,114
425,-1.4805371902559263,0.8166363861939511,0.5551636411194977,1.7967350150742538,0.9559845933712474,-1.1750167555552773,-1.0652311304066584,-0.33924532283952985,1.620683917989296,1.6289084339801865,1.4349781504913512,1.1154165555992328,1.156954223564074,2.0508443759741706,1.818369337135629,-0.6051263604709038,1.5974149032167042,1.083055833319803,1.5016645197839593,-0.4707393246393259,-0.012547314409655536,-0.6152371482667209,1.3671516743570218,1.3183650393747275,1.3345162003047484,-0.432918766118028,0.16660491362295407,-0.6652566504981302,2.352486960041723,0.11856066235368654,-0.6938371565748087,-0.9761529536629382,-0.6132940838452872,1.4393518552549815,1.055322312983741,-1.113452150112485,1.4477096427422547,1.2009569725023737,-0.6553615823581023,1.3113788511434596,1.2554026379782854,0,15.458333333333346,-14.541666666666668,Cephalophus_niger,25
426,1.7375640360294047,0.24484496108260523,0.1896524826790128,1.3548969033882359,0.3936211460877354,-0.0014227509625631685,-1.2806261257894398,0.5187263487540398,1.376719683810804,1.3908853948696032,1.402658481134673,0.9002363199705777,1.156954223564074,2.1189746451581524,1.3494399135417114,-1.3445684540982419,0.8024431541965499,0.5559599993569271,1.3323028906124885,-0.3130503594807317,-0.8382107092300103,-0.5383946009502727,1.198436323563999,0.9664164982850603,1.3149069857927946,1.0439580412670733,1.637319605649393,-0.5391189728229305,0.7581679615317825,1.7074495391235558,-0.47557354792713474,-0.4249965844208943,-0.3869443498305222,0.5778595555475015,1.1037116280207735,-1.301518558648631,0.9539998118808526,1.1809445618459788,-0.9957337459978987,0.9142156446548035,1.0992685017004464,0,9.625000000000009,-7.375000000000001,Cephalophus_niger,95
427,-0.7293358779833095,0.9391631201463824,-1.272392151082927,1.7548954012960796,1.1246177633016854,-1.257374272622204,-0.8915255103442333,-0.40177654136481095,1.7292017816271754,1.7347835914099352,1.3980413855122904,1.6294582296010198,1.156954223564074,1.9923914367120374,1.0587968096681792,-0.8749264285411917,1.3496593715550351,1.2205591330074894,1.5484285517193657,-0.5083532062367887,-0.095113653891691,-0.5904163497447331,1.441386428705952,1.5357450206359926,1.3443208075607251,-0.5771108804485261,-0.020576956271320012,-0.6652566504981302,2.352486960041723,-0.18312709905831395,-0.703326878689925,-0.8648617637198331,-0.6229259874203835,1.088373510929712,0.8617650528356108,-0.9853823872443118,1.4961125673365097,1.2309755884869655,-0.6626035432866085,1.4059415193550444,1.1285436522525414,0,15.125000000000009,-0.6250000000000012,Cephalophus_niger,29
428,-1.6403873629704229,0.5307406736382781,0.4637858515093765,0.7236294307827723,-0.37678672010565384,0.986866901590665,-1.4473835111098525,2.445927749801253,1.3220588339783907,1.337555685942026,1.1764207956379265,0.9360996925753536,1.156954223564074,1.1994067993188593,0.8416513758905343,-1.5135181933065711,0.08796772374011302,0.3304780881474976,1.2817471804120493,-0.3347506757869602,-1.0033433881940812,-0.452739532985394,1.1579446393736734,0.8007936554193344,1.3051023785368177,1.826091025059775,1.6284061832734753,0.9429987398606657,-0.4818579261981713,1.3588325703807997,1.3179839318298388,1.1012825919416889,1.9536082189178978,-0.9855894328105179,1.7811620385392293,-1.4257423826919342,0.5183734905325568,1.4761276190278,-1.7488976825625544,0.9614969787605959,1.1480604192872712,0,5.208333333333344,-7.208333333333332,Cephalophus_niger,148
429,0.6343861160413999,1.0208476094480032,-0.906880992642442,1.2729006494573465,0.272735619639753,-0.1661376930547679,-1.3223154679780782,0.61062908221982,1.5270370208499409,1.5375420944204403,1.2687627080855781,1.1512799282040087,1.156954223564074,1.5942537917727464,1.3459468771262912,-1.2184583701091731,0.7239057943569842,0.3811677144508613,1.4056086704031252,-0.4475923205793487,-0.7556443697479748,-0.41632671000907673,1.2996655340398127,1.1216879134716782,1.3835392365846326,0.7817905606661677,1.0668605735906531,-0.5075845534041307,0.4038748507517957,0.8995967557869767,-0.44710438158178595,-0.22891210690209018,2.165510097570018,0.06734560016529101,1.3940475182429688,-1.329786209011426,1.0217639063128097,1.4260965923868134,-1.2998961049951634,0.9898657792240714,1.2456442544609205,0,8.375000000000009,-0.1250000000000012,Cephalophus_niger,110
430,1.3201914207997585,-0.653684421235224,1.2861859580004675,1.5767225593143515,1.3603254581648674,-0.7632294156650402,-1.1764027537519848,-0.058223794028037165,1.52583126680952,1.536365703782332,1.4303610548689685,1.0436898103896812,1.156954223564074,2.1863311296076375,1.5393692438277813,-0.731769892198206,1.1841627730345123,0.677343530541695,1.4334143110133666,0.05296164221765672,-0.7556443697479748,-0.6207016482490461,1.2996655340398127,1.1734450518672175,1.3296138966767599,0.10015511110381327,1.3699169343718587,-0.6652566504981302,2.3820113859400553,1.1141302750132882,-0.703326878689925,-0.7376718323562845,-0.6181100356328353,1.0245592665069356,1.055322312983741,-1.2171002014427332,1.2347367745275322,1.2009569725023737,-0.814684722785241,1.1695348488260824,1.1578188028046361,0,13.458333333333346,-15.875000000000002,Cephalophus_niger,49
431,-0.6769369999805797,0.36737169503503647,0.5551636411194977,1.0963288161573557,-0.14070013764462888,1.2339393607497962,-1.4161164961854442,2.169039059992552,1.349791176908071,1.3646126706185173,1.1995062737498392,0.7926462021562503,1.156954223564074,1.502897133364579,1.086012691083563,-1.2407757958293368,0.5219803336552373,0.28949899616565944,1.2501498615367748,-0.2855632921595088,-1.2510424066401875,-0.30787900158532405,1.1781904814688362,0.8629022214939817,1.3247115930487714,2.8427182553899533,3.009986651540736,-0.3183780368913311,0.1676794435651378,3.065044465477558,0.13176866744030602,1.6683377026041764,5.276614952326148,-0.12409713310303788,1.3940475182429688,-1.4099740335099669,0.7797492833415343,1.3510500524253335,-1.3723157142802265,0.8763905773701697,1.1236644604938588,0,8.125000000000009,-11.041666666666668,Cephalophus_niger,113
432,-1.0505771471046796,0.08147598247936355,0.281030272289134,1.2965404560238398,1.0295012193762052,0.10152408400999609,-1.1798768462742026,0.5024908470366828,1.2408713952567179,1.2583453829760658,1.3103165686870213,0.8285095747610262,1.156954223564074,1.8721952010400518,1.143355428631943,-1.1475654832094442,0.8660957150774846,0.5120678211652593,1.2349831484766431,-0.2638629758532803,-0.5905116907839039,-0.5122929889568448,1.103955727119906,0.8939565045313052,1.2070563059770492,1.1415426034907437,2.3236531285950646,-0.6021878116605304,1.2305587759050982,2.1499249225278234,-0.6274091017689949,-0.25541000926949614,-0.46399957843129325,0.7373951666044422,1.0069329979467085,-1.209023729910506,0.9055968872865975,1.0858856112281043,-0.8943462929988103,0.8196529764432188,0.9675303242160198,0,11.125000000000009,-11.458333333333336,Cephalophus_niger,77
433,-0.9775336015203836,0.24484496108260523,0.1896524826790128,1.535553023908205,1.1746393106048463,-0.7014612471842958,-1.0443864427464804,-0.030229904600280143,1.5274389388634144,1.537934224633143,1.4303610548689685,1.3903690789025143,1.156954223564074,2.014262964306642,1.4715478411855238,-0.8526834992632751,1.2581955737819135,0.619467945849821,1.4890255922338496,-0.3130503594807317,0.5654170619645927,-0.48243931462866047,1.2996655340398127,1.3080136116956198,1.3296138966767599,0.18608778530077674,1.2094753316053382,-0.6652566504981302,1.9096205715667394,1.0604968952067102,-0.6938371565748087,-0.9125579879811638,-0.5940302766950943,0.8650236554499948,0.9101543678726434,-1.0888381416333166,1.3121814538783403,1.2159662804946696,-0.7784749181427094,1.0276908465087053,1.1968523368740958,0,13.375000000000009,-9.375000000000002,Cephalophus_niger,50
434,-0.3151577237603959,-0.2452619747271198,-0.7241254134221995,1.7118145471049588,0.9832691262851214,-1.0514805413159865,-1.0096453187339953,-0.2531480448681033,1.6323395403800312,1.640280210148567,1.4395952461137338,1.4740502816469911,1.156954223564074,2.163878968124476,1.24363237835081,-1.0292616321484325,1.1876883010389088,0.9389493406588278,1.531997945904223,-0.3723645573844231,0.07001902507237993,-0.5513590495840655,1.3739002883887428,1.3908250331284826,1.3492231111887136,-0.261053417724101,0.4785746967800775,-0.6652566504981302,1.968669423363404,0.28616497424924237,-0.703326878689925,-0.5044902915231121,-0.6229259874203835,1.1521877553524882,1.0069329979467085,-1.0786464037474108,1.3896261332291484,1.210963177830571,-0.7132972697861527,1.1884473824683994,1.104147693459129,0,13.458333333333346,0.1249999999999988,Cephalophus_niger,49
435,-1.0419193618111084,0.8983208754955719,0.1896524826790128,1.2428566087358155,0.36292590200121516,-0.22790580017441334,-1.3014707803179002,0.5130193111686396,1.4956874157989979,1.506955937829624,1.2456772299736651,1.127371013134158,1.156954223564074,1.5464464470324792,1.3252802446731529,-1.159679276867169,0.7468206804121761,0.3331970673921759,1.3752752442828617,-0.3304106125257145,-0.34281267233779744,-0.22985907886901294,1.2794196919446499,1.1009850581134624,1.3639300220726789,0.6827495124391589,1.0222934617110642,-0.5075845534041307,0.5219725543451246,0.8124425136012877,-0.5040427142724835,-0.3561020382656388,2.040295351093765,0.03543847795390286,1.2488795731318711,-1.3095950301808583,1.0024027364751078,1.3910748737381227,-1.263686300352632,0.9520407119394375,1.2163691039088258,0,8.625000000000009,5.208333333333331,Cephalophus_niger,107
436,-1.3452218504384974,0.36737169503503647,0.1896524826790128,1.52511356184257,1.171607920705279,-0.6808718985981136,-1.2910484364878112,0.07289006821839358,1.6138513117602444,1.6222422203642393,1.5411713498061506,1.2947334186231119,1.156954223564074,2.1259425471585236,1.5269984895826938,-0.9038398700801636,1.2247047014126093,0.586063174360052,1.5534841227394096,-0.3318573002794631,0.31771804351848637,-0.527207519401871,1.360403060325301,1.2562564733000803,1.4472691837484821,0.20065264533416038,1.254042443484927,-0.6652566504981302,1.968669423363404,1.0906656713479104,-0.703326878689925,-0.944355470822051,-0.6084781320577389,0.705488044393054,1.2488795731318711,-1.29267289935143,1.2444173594463832,1.3560531550894321,-1.0319435506404302,1.1222535147202901,1.260281829736968,0,13.541666666666675,-10.791666666666668,Cephalophus_niger,48
437,0.6018820259626309,1.0208476094480032,-1.272392151082927,1.7444724917616583,1.1697130490408283,-1.277963621208386,-0.8498362012873125,-0.4281961196036565,1.68539271815855,1.6920413982253328,1.3749559074003774,1.6414126871359451,1.156954223564074,1.9043249877827468,1.3695242622208508,-0.6381064395649457,1.4818608441538996,1.193951957802672,1.4953450560089045,-0.5054598307292916,-0.012547314409655536,-0.5149476304346051,1.4143919725790683,1.515042165277777,1.3002000749088294,-0.6149795165353236,-0.12753802478233375,-0.6652566504981302,2.5296335154317164,-0.21664796143742512,-0.6938371565748087,-0.9761529536629382,-0.6132940838452872,1.1840948775638762,0.7649864227615457,-0.9192322394565468,1.5251543220930628,1.1709383565177816,-0.553974129359014,1.4343103198185199,1.1334228440112237,0,16.125000000000007,-11.458333333333336,Cephalophus_niger,17
438,1.7016417061066595,0.3265294503842261,0.281030272289134,1.2994485163872054,0.37126287473787933,-0.10436958593512242,-1.3153672498019249,0.6042332694134832,1.4406246479531108,1.4532340986893442,1.2272088474841347,1.031735352854756,1.156954223564074,1.5847699080345221,1.3719984130698684,-1.1959056924661242,0.7291939369388095,0.37165143526774297,1.3323028906124885,-0.25373616157704026,-0.012547314409655536,-0.06803319718439889,1.2389280077543243,1.0181736366805996,1.3394185039327366,0.8531583748297475,1.1114276854702423,-0.4760501339853307,0.5514969802434568,1.1979324309610662,-0.40914549312132087,-0.2925070725838645,2.594129806661807,0.2906954556450081,1.4424368332800015,-1.332478366188835,0.9830415666374057,1.3660593604176294,-1.241960417567113,0.904759377833645,1.2017315286327783,0,8.875000000000009,0.7916666666666666,Cephalophus_niger,104
439,-0.19876889551975294,0.8166363861939511,0.09827469306889156,1.6178432348392042,0.9897112273573351,-0.886765629904331,-1.1034463800730792,-0.12641284118424176,1.6046071974503509,1.6132232254720755,1.4672978198480293,1.3545057062977384,1.156954223564074,2.169685602347733,1.2861299887288937,-1.0988180640767218,1.1857296411642955,0.7575538627794735,1.5332618386592338,-0.4201052532581259,-0.4253790118198329,-0.529707906232388,1.360403060325301,1.3494193224120512,1.388441540212621,-0.04694997523336151,0.7548907904335297,-0.6652566504981302,1.732474016176746,0.5744443907095984,-0.703326878689925,-0.7429714128297658,-0.6181100356328353,0.9288378998727711,1.055322312983741,-1.144027363770202,1.3315426237160424,1.2609942044715576,-0.8291686446422536,1.103340981077973,1.1431812275285886,0,12.541666666666675,0.8749999999999988,Cephalophus_niger,60
440,-0.11019105625930466,0.20400271643179482,-0.6327476238120783,0.68193699493274,-0.2793962723594683,0.986866901590665,-1.3917977160030484,2.346596078233165,1.4430361560339526,1.455586879965561,1.1948891781274567,1.175188843273859,1.156954223564074,1.1649544770219353,0.8055574435311961,-1.518215740110784,0.04958050053381388,0.09314898426731835,1.3727474587728397,-0.032392935253508955,-1.0859097276761167,-0.5957639126618633,1.2456766217860453,0.9560650706059524,1.354125414816702,1.7430713228694883,3.928069156260271,0.06003499613426795,0.8467412392267791,2.5320627536496905,0.7865594933833281,0.5183287398587578,0.9567061988954226,-1.208939288290235,1.4424368332800015,-1.392475011856808,0.624859924639918,1.5311617483328854,-1.7488976825625544,1.0371471133298638,1.2114899121501432,0,5.208333333333344,-3.7916666666666674,Cephalophus_niger,148
441,-1.3280082279329883,0.8574786308447615,-0.5413698342019571,1.4273194125787798,0.908236660771968,-0.5985143815311871,-1.221566188462841,0.12838590767087787,1.544319495429307,1.5544036935666596,1.2826139949527258,1.2947334186231119,1.156954223564074,1.7326440101866842,1.3063600193896288,-1.1309206394953102,0.9170178833220478,0.5200306519341428,1.406872563158136,-0.36657780636942877,-0.095113653891691,-0.47737376927689884,1.3131627621032544,1.2355536179418647,1.3835392365846326,0.28658531953112387,1.164908219725749,-0.6337222310793303,1.3781809053967593,0.9599343080693769,-0.6463885459992275,-0.4143974234739319,2.2521972297458857,0.5140453111247252,1.1521009430578062,-1.2286380179173435,1.1766532650144261,1.331037641768939,-1.0464274724974427,0.9898657792240714,1.1870939533567308,0,11.375000000000009,-1.3750000000000009,Cephalophus_niger,74
442,-0.5301657999865106,0.5715829182890886,0.37240806189925524,1.489155481203634,0.944615941618192,-0.3720313629998864,-1.082601692412901,0.17123771083868425,1.5173909885265737,1.5281309693155738,1.425743959246586,1.2827789610881868,1.156954223564074,1.9815525436753896,1.500510129770522,-0.797902148370353,1.2487946638527538,0.5814022364243243,1.4549004878485532,-0.41576518999688017,-0.4253790118198329,-0.5771922811873058,1.2929169200080917,1.2355536179418647,1.3247115930487714,0.6201206142956093,1.8512417426714205,-0.6652566504981302,1.850571719770075,1.7577308326922225,-0.6938371565748087,-0.9284567294016074,-0.5699505177573534,0.7693022888158303,0.8617650528356108,-1.1367200800029489,1.2637785292840853,1.1859476645100777,-0.7712329572142032,1.0844284474356563,1.167577186322001,0,12.791666666666675,-13.541666666666668,Cephalophus_niger,57
443,1.5850873644806593,-0.2452619747271198,-0.7241254134221995,1.5875052371175635,0.8938366191193452,-0.8044081128374045,-1.127765160255475,-0.07155656799821739,1.595765001153931,1.6045963607926146,1.481149106715177,1.378414621367589,1.156954223564074,2.179169486085957,1.2983552830685772,-1.114797690969625,1.1353950111122086,0.7093889605823808,1.5395813024342888,-0.3723645573844231,0.07001902507237993,-0.553191214830703,1.35365444629358,1.3390678947329433,1.3933438438406094,0.03898269896360198,0.8529384365686257,-0.6652566504981302,1.6439007384817494,0.6817111503227541,-0.6938371565748087,-0.6581781252540667,-0.6132940838452872,0.8650236554499948,1.055322312983741,-1.1624878701295782,1.3121814538783403,1.2810066151279522,-0.8726204102132914,1.0844284474356563,1.1578188028046361,0,12.291666666666675,0.7083333333333309,Cephalophus_niger,63
444,-0.10828521637094918,0.9391631201463824,-1.272392151082927,1.7517751494482388,1.2155661099756572,-1.3191423183807505,-0.8428879499794414,-0.44379201751911923,1.664894899471395,1.6720427573774914,1.3749559074003774,1.5457770268565427,1.156954223564074,1.942454854932323,1.3797120075039202,-0.6977860715665193,1.4705012743501267,1.2021088955367072,1.4852339139688167,-0.5083532062367887,-0.095113653891691,-0.5746584813210419,1.4008947445156263,1.5046907375986691,1.3002000749088294,-0.6513916666187827,-0.2255856709174297,-0.6652566504981302,2.588682367228381,-0.28368968619564744,-0.703326878689925,-0.9655537927159757,-0.6229259874203835,1.2160019997752645,0.7649864227615457,-0.9344236978147835,1.5154737371742117,1.1609321511895843,-0.5467321684305078,1.3492039184280935,1.1383020357699063,0,15.708333333333346,-8.208333333333334,Cephalophus_niger,22
445,1.44724618440564,0.4082139396858469,0.281030272289134,1.7945620466392498,0.8771626736460169,-0.0631908887627581,-1.2111438777644696,0.35169764450364605,1.3606429632718589,1.3752001863614922,1.50423458482709,0.780691744621325,1.156954223564074,2.450142993352891,1.6153410647726858,-1.008796815320992,1.3760997856146233,0.9381726164517105,1.3272473195924446,-0.3116036717269831,-0.5079453513018684,-0.5145678439102974,1.184939095500557,1.0181736366805996,1.2903954676528524,1.2464095957311059,1.833414897919585,-0.6021878116605304,0.8762656651251114,1.9286872308256895,-0.5989399354236461,0.15795726766203677,-0.43028791591845594,1.9179586884258037,1.2004902580948387,-1.2553672927501904,1.2347367745275322,1.0208452765948217,-0.553974129359014,0.9236719114759621,1.0504765841136219,0,10.125000000000009,-10.125000000000002,Cephalophus_niger,89
446,-0.7567136616828154,0.6532674075907094,0.281030272289134,1.6803982417173797,1.14394435563515,-0.9485336756628776,-1.0200676956958021,-0.18520500494884795,1.6966464225358115,1.7030210441810105,1.4996174892047074,1.5696859419263933,1.156954223564074,2.167556512977128,1.546209634677026,-0.7610103059038075,1.3055922140220804,0.7950372513095159,1.6090954039598926,-0.3304106125257145,-0.5905116907839039,-0.5872210539459078,1.4211405866107891,1.4839878822404533,1.4031484510965864,-0.11831778939694135,0.8440250141927078,-0.6652566504981302,2.234389256448394,0.648190287943643,-0.703326878689925,-0.6422793838336232,-0.6229259874203835,0.9926521442955474,0.9101543678726434,-1.1042218969327968,1.4767513974988076,1.271000409799755,-0.7350231525716716,1.2451849833953503,1.231006679184873,0,14.708333333333346,-11.041666666666668,Cephalophus_niger,34
447,-1.3606148257050754,0.6532674075907094,0.281030272289134,1.1201973667395386,-0.08006800290092222,0.03975597689035064,-1.3952718250911251,0.9625946464649608,1.4780030232061583,1.4897022084707021,1.2687627080855781,1.0436898103896812,1.156954223564074,1.5795439076998221,1.1507778811789955,-1.4108096543156299,0.5384320007436513,0.721430112045026,1.3967614211180484,-0.3419841145557031,-0.5079453513018684,-0.5179120138353118,1.265922463881208,1.0078222090014917,1.3737346293286556,0.9172437589766356,0.7638042128094475,-0.22377477863493134,-0.15708924131651672,0.6615986328952874,0.09380977897984098,0.4918308374913518,1.221583547210573,-0.28363274415997863,1.6359940934281316,-1.3918981210330776,0.8668745476111934,1.4861338243559974,-1.5026710109933399,1.1506223151837656,1.2163691039088258,0,6.958333333333344,-0.9583333333333334,Cephalophus_niger,127
448,-0.4185363045332525,1.3475855666544865,0.1896524826790128,1.3124855292848823,0.31214643494395633,-0.2690845587078766,-1.2910484364878112,0.4823195298116127,1.4213325833063766,1.4344118484796111,1.1948891781274567,0.9600086076452042,1.156954223564074,1.5642532420694983,1.3012660357099983,-1.1603159273834778,0.7601389100905624,0.35106468762099236,1.3234556413274117,-0.34053742680195453,-0.5079453513018684,-0.5123887231005488,1.2254307796908825,0.9974707813223839,1.3100046821648061,0.6536197923723917,0.8707652813204613,-0.4760501339853307,0.6400702579384535,1.0638489814446215,-0.5135324363875998,-0.36140161873911997,2.4014917351598792,0.3545097000677844,1.490826148317034,-1.3072874668859362,0.9927221515562566,1.3760655657458267,-1.2492023784956192,0.8480217769066942,1.1870939533567308,0,8.958333333333346,1.708333333333331,Cephalophus_niger,103
449,0.25798747833134555,0.7757941415431406,0.09827469306889156,0.9157542617249342,0.12646043194234727,0.49272207531405093,-1.3640048101667168,1.5128792788421117,1.383150372026382,1.3971594782728474,1.181037891260309,1.031735352854756,1.156954223564074,1.322119016728698,1.0267778643839731,-1.41964833511716,0.2924393825089496,0.10810337011304919,1.3323028906124885,-0.3419841145557031,-0.4253790118198329,-0.379015359582226,1.2051849375957198,0.914659359889521,1.3149069857927946,1.294473633841272,1.3253498224922695,-0.38144687572893093,0.07910616587014112,1.2281012071022661,-0.08649494120736799,0.35934132565432203,2.637473372749741,-0.6027039662738601,1.7327727235021968,-1.3692070819663442,0.6926240190718751,1.4761276190278,-1.6185423858494408,0.8574780437278526,1.177335569839366,0,6.958333333333344,5.208333333333331,Cephalophus_niger,127
450,1.1075603116639157,0.8983208754955719,0.1896524826790128,1.2176484996938381,0.19694537893091374,-0.24849521012169445,-1.3049449059718357,0.5344698359974983,1.4181172391985877,1.4312748067779888,1.2087404649946045,0.99587198024998,1.156954223564074,1.5301879598086652,1.2654633562757553,-1.241819726237141,0.6831681195312413,0.3168830437508501,1.3360945688775214,-0.3304106125257145,-0.34281267233779744,-0.40496457565386557,1.2254307796908825,0.9974707813223839,1.3198092894207831,0.6332289883256546,0.7638042128094475,-0.4445157145665308,0.28577714715846675,0.5979089943749762,-0.41863521523643715,-0.14941839979987231,1.732074436690681,0.09925272237667916,1.490826148317034,-1.3224789252441729,0.9346386420431506,1.3960779764022215,-1.3216219877806823,0.8669343105490112,1.1968523368740958,0,8.375000000000009,3.1249999999999987,Cephalophus_niger,110
451,0.8044127367182077,-0.2452619747271198,-1.1810143614728057,1.7024206864990088,1.3762413393256858,-1.4014998354476769,-0.7490868886403577,-0.49608995995229366,1.784666467486536,1.7888975607629178,1.3149336643094038,1.8207295501598242,1.156954223564074,1.6559970881825987,1.1612567683490644,-0.35032514282453714,1.4203626895952242,1.521007673103748,1.530734053149212,-0.473632700146823,-0.4253790118198329,-0.6095717212855435,1.4818781128962775,1.6496107251061791,1.3149069857927946,-0.7853883789259122,-0.48407491981904627,-0.6652566504981302,2.352486960041723,-0.5485044989906257,-0.703326878689925,-0.8118659589850212,-0.6229259874203835,0.8012094110272184,0.619818477650448,-0.8375060394280579,1.612279586362722,1.255991101807459,-0.6119098167870645,1.595066855778214,1.1529396110459535,0,16.958333333333346,-8.041666666666668,Cephalophus_niger,7
452,1.551695269413147,0.6532674075907094,-0.44999204459183584,1.7066848578533826,1.1727447280572196,-0.9691230242490597,-0.964481884023139,-0.22682688453821118,1.519400578593942,1.5300916203790877,1.4349781504913512,1.3186423336929625,1.156954223564074,2.1903955668275383,1.2635712671245456,-0.7906121393790324,1.3232192563449852,0.8381524089475547,1.4447893458084655,-0.37381124513817166,-0.095113653891691,-0.4842001048178216,1.2996655340398127,1.3080136116956198,1.2903954676528524,-0.1401650794470168,0.7727176351853653,-0.6652566504981302,2.1753404046517297,0.5979089943749762,-0.703326878689925,-0.6263806424131795,-0.6229259874203835,1.4393518552549815,0.9101543678726434,-1.052686316679538,1.3509037935537445,1.090888713892203,-0.5684580512160267,1.0938847142568147,1.0455973923549393,0,14.375000000000009,-8.291666666666668,Cephalophus_niger,38
453,-0.5458444076406673,0.44905618433665734,0.5551636411194977,1.067314023792383,0.871857379925744,1.4192436207476335,-1.2632555637831973,2.6161545481319863,1.5981765092347728,1.606949142068831,1.2595285168408128,1.4381869090422152,1.156954223564074,1.39276571065706,1.2803084834460516,-1.0855630185311893,0.5844578181512194,0.17899138195960484,1.4902894849888606,-0.3173904227419774,-1.0033433881940812,-0.5905676989106072,1.35365444629358,1.2459050456209726,1.4178553619805516,3.4602683208054197,6.263385818750739,-0.6021878116605304,1.3191320536000948,5.666263386096584,-0.523022158502716,0.2056534919233675,9.013793539463544,-0.5388897218510839,1.055322312983741,-1.2763276593457322,1.089528000744767,1.521155543004688,-1.386799636137239,1.0560596469721808,1.3090737473237926,0,9.291666666666675,-12.958333333333336,Cephalophus_niger,99
454,-0.872057991172983,0.48989842898746777,0.281030272289134,1.5389837852873693,1.0359433204484187,-0.6191038528395671,-1.1034463800730792,0.0296938399046845,1.5314581189981507,1.5418555267601708,1.4395952461137338,1.2469155884834109,1.156954223564074,2.1075551182329475,1.2874397941061047,-1.101989904139388,1.104841829705286,0.6686039755656941,1.4599560588685971,-0.31015698397323455,-0.17767999337372647,-0.5380200971193637,1.3064141480715337,1.2562564733000803,1.3345162003047484,0.28804180553446224,1.450137735755119,-0.6652566504981302,1.7029495902784137,1.1074261025374659,-0.6843474344596925,-0.6422793838336232,-0.5892143249075462,0.8650236554499948,0.9585436829096758,-1.139412237180358,1.21537560468983,1.1859476645100777,-0.8074427618567347,1.0655159137933392,1.094389309941764,0,12.458333333333346,-6.375000000000001,Cephalophus_niger,61
455,-0.4161968643441955,0.6532674075907094,-0.44999204459183584,1.6868676888568375,1.103396588420594,-1.0926592384883507,-0.9227925087027828,-0.3194675458762532,1.494481661758577,1.5057795471915159,1.3611046205332298,1.211052215878635,1.156954223564074,2.0072950623062704,1.4695102921289098,-0.5542223253474914,1.4697179897100043,0.9616723021350351,1.3917058500980044,-0.37381124513817166,-0.095113653891691,-0.6223270654456159,1.2794196919446499,1.287310756337404,1.2462747350009566,-0.34844257792440286,0.5142283862837488,-0.6652566504981302,2.352486960041723,0.23923576691848672,-0.6938371565748087,-0.748270993303247,-0.6181100356328353,1.3755376108322053,0.8617650528356108,-1.0151884131370548,1.3799455483102974,1.0808825085640057,-0.5322482465734951,1.1506223151837656,1.0797517346657166,0,14.625000000000009,-5.625000000000001,Cephalophus_niger,35
456,0.3801846808399958,0.5307406736382781,0.37240806189925524,1.8085794480121908,0.9495424922990339,-1.1750167555552773,-1.127765160255475,-0.32866764975309626,1.6154589838141389,1.6238107412150504,1.4442123417361163,1.0078264377849053,1.156954223564074,2.0676833494176994,1.8276838788338914,-0.6010139328094151,1.6115164175352128,1.0816964918707197,1.4940811632538935,-0.40129831245939446,-0.012547314409655536,-0.4771880923866984,1.3671516743570218,1.2666079009791882,1.3492231111887136,-0.42563633610133617,0.17551833599887187,-0.6652566504981302,2.3820113859400553,0.12526483482950876,-0.6938371565748087,-0.9761529536629382,-0.6084781320577389,1.4712589774663696,1.1521009430578062,-1.1622955731883349,1.4186678879857015,1.2209693831587682,-0.7060553088576464,1.3113788511434596,1.2505234462196029,0,15.375000000000009,-14.958333333333336,Cephalophus_niger,26
457,1.5631218816496737,0.6532674075907094,0.281030272289134,1.1258499564350006,-0.5048722673799476,-0.02201213022929481,-1.3987459341792017,0.9641690327247411,1.4466534181552153,1.4591160518798858,1.2733798037079607,1.0556442679246063,1.156954223564074,1.6678038028127369,1.149176933914785,-1.5648696271761855,0.45480224476990627,0.6897731922811549,1.3879141718329715,-0.3419841145557031,-0.5079453513018684,0.04250328820921825,1.2456766217860453,0.9767679259641681,1.3590277184446904,0.8473324308163941,0.7994579023131188,0.09156941555306787,-0.3342357967065101,0.6448382017057318,0.42595005300891015,0.48653125701787064,0.8170435970565251,-0.2517256219485905,1.8295513535762618,-1.3895905577381555,0.8087910380980874,1.4811307216918987,-1.5388808156358715,1.103340981077973,1.2114899121501432,0,6.291666666666676,-0.04166666666666904,Cephalophus_niger,135
458,-1.5583088620465972,0.28568720573341566,0.646541430729619,1.5651232234952304,0.6838976176618414,0.16329219112964155,-1.2493590942991726,0.5104610461027999,1.2895034748870269,1.3057931387131014,1.425743959246586,0.7448283720165492,1.156954223564074,2.2453644074206434,1.4840642774122066,-1.0353127877101294,1.0891734472569945,0.6917154473187158,1.2602610035768627,-0.27977654114451456,-1.2510424066401875,-0.5647353575390321,1.1376987972785106,0.9043079322104131,1.2560793422569334,1.4037100840916492,1.833414897919585,-0.5706533922417305,0.7581679615317825,1.9555039207289784,-0.5799604911934136,0.274548038078623,-0.3147050730172994,1.3755376108322053,1.1037116280207735,-1.2907499299389948,1.0508056610693628,1.0358545845871177,-0.7132972697861527,0.8669343105490112,1.0260806253202095,0,9.875000000000009,-11.041666666666668,Cephalophus_niger,92
459,0.7562221385850261,-0.20441973007630937,0.281030272289134,1.445992861496879,0.9465108132826425,-0.6396932014257493,-1.2250403141167767,0.09478336103123972,1.5708460843185663,1.5802842876050427,1.2964652818198736,1.3186423336929625,1.156954223564074,1.76361223381458,1.3057779576918211,-1.155297219695254,0.9409120993145463,0.5511046581095365,1.4308865255033447,-0.1336610780159089,1.2259477778208765,-0.5024365591789942,1.3334086041984172,1.2562564733000803,1.3982461474685979,0.22104344938089748,1.0401203064628997,-0.6337222310793303,1.3781809053967593,0.8560196346941322,-0.6368988238841111,-0.43029616489437544,2.1029027243318916,0.5140453111247252,1.1521009430578062,-1.2332531445071875,1.205695019770979,1.3510500524253335,-1.053669433425949,1.0182345796875467,1.2017315286327783,0,11.458333333333346,-1.125000000000001,Cephalophus_niger,73
460,-1.4037711571219729,0.9391631201463824,-1.272392151082927,1.7345720838149492,1.189797416569979,-1.2985529697945681,-0.846362075633377,-0.4293768717630573,1.7095077989669678,1.7155692109874994,1.347253333666082,1.593594856996244,1.156954223564074,1.847227057819037,1.3025760631634005,-0.6551930107735692,1.43328912752878,1.306401530699776,1.5105117690690362,-0.5083532062367887,-0.095113653891691,-0.59042964452312,1.4278892006425101,1.5357450206359926,1.3198092894207831,-0.6324573485753839,-0.10971118003049814,-0.6652566504981302,2.647731219025045,-0.26357716876818077,-0.703326878689925,-0.9178575684546451,-0.6229259874203835,1.0564663887183237,0.8133757377985782,-0.9382696366396536,1.5251543220930628,1.2209693831587682,-0.6263937386440771,1.4153977861762028,1.1529396110459535,0,15.958333333333346,-1.7083333333333333,Cephalophus_niger,19
461,1.3632204240992014,-0.2452619747271198,0.281030272289134,0.7703863428999604,-0.2407433768093628,1.336886165041806,-1.4161164961854442,3.4275352116553375,1.4611224666402658,1.4732327395371856,1.2225917518617522,1.1871433008087844,1.156954223564074,1.2251493179497401,0.8768719936269694,-1.5492743851215682,0.08444249458525507,0.20831768458235642,1.3992892066280702,-0.05698662706723465,-0.17767999337372647,-0.5997404772376097,1.259173849849487,0.9767679259641681,1.3639300220726789,2.6956131690527783,2.920852427781558,0.09156941555306787,0.1676794435651378,2.6795545481177796,0.36901172031821255,0.9157972753698471,4.534958377043727,-1.0494036772332942,1.7811620385392293,-1.4020898589189834,0.6635822643153221,1.5611803643174773,-1.763381604419567,1.0371471133298638,1.2114899121501432,0,5.87500000000001,5.124999999999999,Cephalophus_niger,140
462,0.7553286033161039,0.8983208754955719,0.1896524826790128,1.433233452496185,0.46334802876379205,-0.3514420144137042,-1.3223154679780782,0.3710818436696948,1.4671512368423705,1.4791146927277272,1.2410601343512826,1.031735352854756,1.156954223564074,1.6527067310348795,1.3459468771262912,-1.097212119625762,0.9381701547998107,0.4398203196963644,1.3424140326525762,-0.3304106125257145,-0.34281267233779744,-0.5635867777095752,1.259173849849487,1.059579347397031,1.3492231111887136,0.6215771002989476,1.0133800393351462,-0.5706533922417305,0.8172168133284469,1.1208344474891103,-0.5894502133085299,-0.4885915501026686,2.4833629155481987,0.6097666777588896,1.4424368332800015,-1.323248113009147,1.1185697555013199,1.3610562577535308,-1.1333310036395183,0.9236719114759621,1.1919731451154134,0,9.375000000000009,2.3749999999999987,Cephalophus_niger,98
463,0.9397573903124187,0.6532674075907094,0.0068969034587703275,1.1713815823861953,0.2446931669717812,-0.2690845587078766,-1.325789560500296,0.5157252406333439,1.4096769609156414,1.4230400723112304,1.2272088474841347,1.0436898103896812,1.156954223564074,1.553994982921408,1.2121957168406032,-1.363880396472637,0.5907249918208131,0.34077138788424494,1.3285112123474554,-0.31015698397323455,-0.34281267233779744,-0.33180745047322524,1.2186821656591615,0.9974707813223839,1.3247115930487714,0.5837084642121502,0.8618518589445435,-0.5075845534041307,0.22672829536180228,0.6079652530887095,-0.32373799408527454,-0.0964225950650604,1.7465222920533257,0.003531355742514714,1.4424368332800015,-1.3303630998351565,0.8862357174488955,1.3810686684099254,-1.336105909637695,0.8763905773701697,1.1724563780806836,0,8.875000000000009,-3.458333333333333,Cephalophus_niger,104
464,-0.21988982556340175,1.0208476094480032,-1.272392151082927,1.7319583793078674,1.3497148707243216,-1.3809104868614948,-0.7317163266341151,-0.49180970053096074,1.6701198336465521,1.6771404501426275,1.3103165686870213,1.689230517275646,1.156954223564074,1.7527733407779322,1.24552446750202,-0.4679350007130365,1.3731617958027034,1.3638889014613473,1.4397337747884216,-0.5054598307292916,-0.012547314409655536,-0.5356375534827011,1.4008947445156263,1.5460964483151005,1.2560793422569334,-0.7620846028724984,-0.40385411843578595,-0.6652566504981302,2.647731219025045,-0.48481486047031447,-0.703326878689925,-0.8224651199319836,-0.6181100356328353,1.1840948775638762,0.7165971077245131,-0.8213530963636035,1.5348349070119138,1.1409197405331897,-0.5032804028594698,1.5288729880301046,1.0846309264243992,0,16.875000000000007,-11.625000000000002,Cephalophus_niger,8
465,1.6098785571364416,0.8983208754955719,0.1896524826790128,1.3562037556417768,0.7342981971212573,-0.33085266582752204,-1.2736778744815687,0.3153399969802613,1.4655435647884758,1.477546171876916,1.2364430387289,1.1871433008087844,1.156954223564074,1.584576166513213,1.4251205925996164,-1.0356340186095931,0.9035039071960155,0.3714570319560799,1.3196639630623785,-0.3304106125257145,-0.34281267233779744,-0.4997152481539887,1.259173849849487,1.0906336304343547,1.3492231111887136,0.6113816982755791,1.0579471512147354,-0.6337222310793303,0.8467412392267791,1.0437364640171547,-0.6274091017689949,-0.6051823205192548,2.3725960244345905,0.45023106670194885,1.1037116280207735,-1.2774814409931932,1.079847415825916,1.2860097177920509,-1.053669433425949,0.9236719114759621,1.1822147615980485,0,9.708333333333343,4.291666666666667,Cephalophus_niger,94
466,-0.2392978171582723,-0.2452619747271198,-1.1810143614728057,1.7839101936610524,1.4012522575356783,-1.4014998354476769,-0.7942503896146494,-0.506569233897491,1.6367606385282412,1.6445936424882974,1.2826139949527258,1.4501413665771405,1.156954223564074,1.6954819646305983,1.2251487548596895,-0.11701544861191822,1.5745000171615122,1.495759839348014,1.4296226327483337,-0.473632700146823,-0.4253790118198329,-0.6136890280636129,1.3806489024204638,1.4736364545613454,1.2511770386289451,-0.7999532389592958,-0.47516149744312847,-0.6652566504981302,2.588682367228381,-0.5686170164180924,-0.703326878689925,-0.8012667980380589,-0.6229259874203835,1.2798162441980407,0.7649864227615457,-0.8653890959083658,1.5638766617684667,1.165935253853683,-0.5177643247164825,1.4343103198185199,1.0797517346657166,0,16.625000000000007,-5.541666666666668,Cephalophus_niger,11
467,-0.9819769182975396,0.8983208754955719,0.1896524826790128,1.408368359763698,0.6338760703586804,-0.3514420144137042,-1.2702037819593508,0.3636528304965186,1.4237440913872184,1.4367646297558276,1.2179746562393696,0.9241452350404283,1.156954223564074,1.657352097481022,1.3782567422213055,-1.1312647654479833,0.9172136297696938,0.4444815539786037,1.3234556413274117,-0.3304106125257145,-0.34281267233779744,-0.5051434601903398,1.2321793937226035,1.049227919717923,1.3149069857927946,0.5968168382421954,1.1916484868535024,-0.6652566504981302,1.1419854982101014,1.308551276812133,-0.6653679902294599,-0.6422793838336232,2.753056215650897,0.6416737999702777,1.4424368332800015,-1.2782506287581672,1.0508056610693628,1.331037641768939,-1.1405729645680247,0.8574780437278526,1.1919731451154134,0,10.208333333333343,1.958333333333331,Cephalophus_niger,88
468,-0.0912847400806725,1.0208476094480032,-0.906880992642442,1.2843366536732856,0.28903053295682646,-0.186727103002049,-1.3362119043303853,0.5959187202723322,1.555975117820042,1.5657754697350401,1.291848186197491,1.1871433008087844,1.156954223564074,1.624835123033394,1.3465289388240989,-1.2406840755855928,0.7380073086754928,0.411853506695952,1.4308865255033447,-0.4475923205793487,-0.7556443697479748,-0.4374658576513774,1.3199113761349754,1.142390768829894,1.4031484510965864,0.751204354596062,1.0222934617110642,-0.5075845534041307,0.4038748507517957,0.8426112897424877,-0.47557354792713474,-0.23951126784905258,2.083638917181699,0.03543847795390286,1.3940475182429688,-1.3380549774848967,1.0508056610693628,1.446109003043208,-1.3071380659236698,1.0276908465087053,1.260281829736968,0,8.291666666666679,-0.3750000000000012,Cephalophus_niger,111
469,0.2707346424706164,0.28568720573341566,0.5551636411194977,0.9307191459387991,0.3803576226702293,1.3986542721614514,-1.409168278009291,2.9624621711399004,1.4281651895354284,1.441078062095558,1.2041233693722218,0.99587198024998,1.156954223564074,1.3267643831748406,0.9522615307978749,-1.2646247395736663,0.4164150215636071,0.11276460439528849,1.3411501398975652,-0.2768831656370174,-0.9207770487120457,-0.5709075684612379,1.2321793937226035,0.9353622152477367,1.3590277184446904,3.117994110020904,3.642839640230901,-0.2868436174725312,0.5219725543451246,3.9533473185240036,0.00840227994379463,-0.032827629383286115,6.552842176026418,-0.6346110884852483,1.490826148317034,-1.413050784569863,0.7700686984226832,1.4811307216918987,-1.5678486593498966,0.942584445118279,1.1724563780806836,0,7.708333333333344,-11.708333333333336,Cephalophus_niger,118
470,0.14466176694318383,0.8983208754955719,0.1896524826790128,1.2189228451692122,0.2401457930056062,-0.2690845587078766,-1.325789560500296,0.6244538331284644,1.4896586455968934,1.5010739846390826,1.2502943255960477,1.0915076405293822,1.156954223564074,1.5878668189986171,1.1314210541030678,-1.350992371932987,0.6477185872873239,0.37475892478923584,1.416983705198224,-0.3304106125257145,-0.34281267233779744,-0.5072255848796281,1.2794196919446499,1.059579347397031,1.3590277184446904,0.6186641282922709,0.6835834114261872,-0.5075845534041307,0.2562527212601345,0.6046131668507985,-0.39965577100620464,-0.1017221755385416,1.7417063402657775,-0.06028288868026159,1.6359940934281316,-1.329017021246452,0.9733609817185547,1.4861338243559974,-1.4230094407797707,0.942584445118279,1.2212482956675081,0,7.791666666666676,2.7916666666666665,Cephalophus_niger,117
471,-0.02067030422833589,0.5307406736382781,0.281030272289134,1.2747958145672806,0.331851914875264,-0.31026325588024095,-1.3084189984940537,0.4967838094512826,1.5712480023320399,1.5806764178177455,1.3010823774422562,1.2469155884834109,1.156954223564074,1.651158275552832,1.2989375668425762,-1.2952818459601203,0.7321316279011911,0.438266574935618,1.4662755226436521,-0.32896392477196595,-0.34281267233779744,-0.24765142502236537,1.3334086041984172,1.1837964795463254,1.4031484510965864,0.5764260341954583,0.8172847470649545,-0.6337222310793303,0.3743504248534634,0.5744443907095984,-0.5514913248480648,-0.19711462406120303,1.6983627741778438,-0.028375766468873437,1.3940475182429688,-1.3142101567707023,1.079847415825916,1.4761276190278,-1.3288639487091887,1.0276908465087053,1.2651610214956504,0,8.708333333333345,-1.6250000000000009,Cephalophus_niger,106
472,1.2709808809935632,0.9800053647971928,-0.5413698342019571,1.39856607043575,0.8915630044154637,-0.3514420144137042,-1.2528332199531083,0.2899044101537784,1.4289690255623757,1.4418623225209637,1.2318259431065173,1.163234385738934,1.156954223564074,1.6498035615920936,1.3824773002399373,-1.1245368405152714,0.7752194554968393,0.43690723348653465,1.304497250002247,-0.39406487369065163,-0.5905116907839039,-0.4529333882675969,1.2321793937226035,1.0802822027552468,1.3345162003047484,0.5880779222221653,1.2362155987330914,-0.6652566504981302,1.082936646413437,1.1979324309610662,-0.6748577123445763,0.014868594878044608,2.594129806661807,0.6416737999702777,1.2004902580948387,-1.2603670132225215,1.0701668309070649,1.2659973071356563,-1.0319435506404302,0.8953031110124866,1.1480604192872712,0,10.375000000000009,3.3749999999999987,Cephalophus_niger,86
473,-0.9518924574704231,-0.08189299612387813,-0.5413698342019571,1.5802187331060233,0.899141912839618,-0.9897124955574398,-1.068705256060594,-0.19627465497374563,1.5917458210191948,1.600675058665587,1.3980413855122904,1.3186423336929625,1.156954223564074,2.031101937750171,1.1437920304243465,-1.0648916561166917,1.1696694669711734,0.844173281025389,1.5004006270289485,-0.3810446839069145,-0.095113653891691,-0.5194593929939292,1.346905832261859,1.3080136116956198,1.354125414816702,-0.19988100558388974,0.6122760324188448,-0.6652566504981302,1.9981938492617362,0.3800233889107536,-0.703326878689925,-0.8648617637198331,-0.6229259874203835,0.8331165332386067,1.0069329979467085,-1.1221055124684427,1.3025008689594892,1.255991101807459,-0.8436525664992662,1.1127972478991315,1.1090268852178113,0,13.458333333333346,-1.2083333333333333,Cephalophus_niger,49
474,0.5868357136756072,0.4082139396858469,0.281030272289134,1.5053783577897462,0.6372864924145027,-0.042601478815476976,-1.2736778744815687,0.47375897343351236,1.396011748457538,1.4097076450793362,1.4442123417361163,0.9600086076452042,1.156954223564074,2.22117034427181,1.4299234343922473,-1.2795432122572683,0.9117297407402225,0.7006494056063799,1.349997389182642,-0.3116036717269831,-0.5079453513018684,-0.5523489138251867,1.2119335516274408,1.0181736366805996,1.3198092894207831,1.094935051383916,1.9047222769269274,-0.6021878116605304,1.0238877946167726,1.9789685243943562,-0.5514913248480648,-0.01692888796284254,-0.42547196413090776,0.9607450220841592,1.1521009430578062,-1.2897884452327775,1.0411250761505118,1.1559290485254856,-0.8943462929988103,0.9331281782971205,1.0992685017004464,0,9.958333333333343,-8.041666666666668,Cephalophus_niger,91
475,0.7508864715989862,0.36737169503503647,0.1896524826790128,1.7194275148947757,1.0556486558213145,-1.0926592384883507,-1.0235418213497376,-0.28458584793597796,1.6492200969459236,1.6567496790820835,1.4765320110927944,1.42623245150729,1.156954223564074,2.129813833532485,1.5281628350545007,-0.7154347268337513,1.397056011795202,0.8884539694938715,1.5648591575345083,-0.3651311186156802,0.4002843830005218,-0.43490692096902445,1.3873975164521846,1.421879316165806,1.3688323257006674,-0.32076934386097394,0.43400758490048846,-0.6652566504981302,2.322962534143391,0.3096295779146202,-0.6938371565748087,-0.833064280878946,-0.6132940838452872,1.1840948775638762,0.9585436829096758,-1.0988375825779788,1.4670708125799565,1.2359786911510642,-0.6915713870006338,1.2262724497530333,1.2017315286327783,0,15.041666666666675,-12.458333333333336,Cephalophus_niger,30
476,1.1996191989503728,0.9800053647971928,-0.44999204459183584,1.5323673596478566,0.83547809907952,-0.5573356843588227,-1.2424108761230193,0.20400389292938995,1.5953630831404575,1.6042042305799118,1.3056994730646387,1.1871433008087844,1.156954223564074,1.7974839222229468,1.4162426526937577,-1.13573287161193,0.93738657131015,0.5850920468412715,1.4624838443786192,-0.3810446839069145,-0.34281267233779744,-0.4189320952622764,1.35365444629358,1.2459050456209726,1.4031484510965864,0.39290879777482446,0.9955531945833107,-0.6652566504981302,1.2600832018034305,1.0672010676825325,-0.6653679902294599,-0.7959672175645777,2.406307686947428,0.6735809221816659,1.3456582032059363,-1.2555595896914338,1.2637785292840853,1.4010810790663202,-1.0826372771399744,1.0276908465087053,1.2554026379782854,0,10.875000000000009,1.3749999999999991,Cephalophus_niger,80
477,-0.861350973726415,0.12231822713017397,0.5551636411194977,1.106343496397866,0.6247813224263304,1.2751180579221606,-1.3917977160030484,1.9756892329477005,1.277445934482818,1.2940292323320182,1.157952413148396,0.6731016268069975,1.156954223564074,1.4539283731783552,1.1545620594814152,-1.1105761792319888,0.542545066940524,0.2403629664497863,1.1755801889911273,-0.21178221671833172,-0.095113653891691,-0.4886120929512683,1.1309501832467896,0.8007936554193344,1.2903954676528524,2.9956492857404813,3.696320174486408,-0.38144687572893093,0.5810214061417891,3.7723346616768034,-0.20037160658876313,1.0376876262599146,6.292780779498816,0.06734560016529101,1.2004902580948387,-1.3922827149155645,0.7991104531792363,1.2659973071356563,-1.2347184566386067,0.8101967096220603,1.0797517346657166,0,8.958333333333346,-11.625000000000002,Cephalophus_niger,103
478,-0.9272559809863153,0.4082139396858469,0.281030272289134,1.8250637748202458,0.7089085358718339,0.03975597689035064,-1.2285144397707122,0.44738860414914355,1.3763177657973305,1.3904932646569004,1.5180858716942376,0.780691744621325,1.156954223564074,2.489627869800891,1.653326975245138,-1.0864634172598522,1.3586687885889028,0.9999324148721949,1.3411501398975652,-0.3116036717269831,-0.5079453513018684,-0.5716115313790658,1.198436323563999,1.0078222090014917,1.295297771280841,1.4197314301283712,1.9047222769269274,-0.5706533922417305,0.7581679615317825,2.096291542721245,-0.5325118806178323,0.3752400670747656,-0.34841673553013675,1.949865810637192,1.2488795731318711,-1.2745969868745406,1.205695019770979,1.0358545845871177,-0.5974258949300518,0.9520407119394375,1.0651141593896691,0,9.958333333333343,-9.458333333333334,Cephalophus_niger,91
479,-0.6544878809806063,0.20400271643179482,0.4637858515093765,1.6886322285698439,0.9859217731452579,-1.0308911927298043,-1.0270158807402379,-0.24675223206176639,1.631535704353084,1.6394959497231614,1.4349781504913512,1.4620958241120658,1.156954223564074,2.1425880744184287,1.2276229057087071,-1.0388459075115126,1.1712363351009565,0.9193338687041136,1.530734053149212,-0.34777086557069736,-0.012547314409655536,-0.5387124430030973,1.3739002883887428,1.3804736054493747,1.3590277184446904,-0.2625099037274394,0.5053149639078309,-0.6652566504981302,1.968669423363404,0.27946080177342014,-0.703326878689925,-0.5044902915231121,-0.6229259874203835,1.0564663887183237,1.0069329979467085,-1.0936455651644041,1.3702649633914465,1.2259724858228669,-0.7495070744286843,1.178991115647241,1.113906076976494,0,13.458333333333346,-0.29166666666666896,Cephalophus_niger,49
480,-0.1470266724516113,0.08147598247936355,0.281030272289134,1.421405372661375,1.0162376959586992,0.6368476534797988,-1.2250403141167767,0.9139374628736696,1.4124903870099568,1.42578498380015,1.3934242898899079,0.9719630651801294,1.156954223564074,1.962584185523571,1.4993457842987152,-0.9467426792382464,1.0925032288137448,0.5858690673949005,1.3676918877527957,-0.2638629758532803,-0.5905116907839039,0.22490099539616978,1.2186821656591615,1.0699307750761389,1.3247115930487714,1.9484358493401976,3.7676275534937504,-0.6652566504981302,1.3781809053967593,3.4538864690752473,-0.6843474344596925,-0.31900497495127045,-0.329152928379944,0.705488044393054,1.0069329979467085,-1.2465216334529892,1.1185697555013199,1.2059600751664723,-0.9088302148558229,0.9331281782971205,1.1529396110459535,0,11.375000000000009,-13.208333333333336,Cephalophus_niger,74
481,-0.6681552442396624,0.12231822713017397,0.37240806189925524,0.806262658023262,-0.43741899940777246,0.5544901785986277,-1.3709530283428701,1.6781860825755983,1.4257536814545866,1.4387252808193416,1.181037891260309,1.1154165555992328,1.156954223564074,1.2468271040230359,0.9148579040994218,-1.4687054325995617,0.18139018138784802,0.4606013224815223,1.352525174692664,-0.32317717375697164,-1.4161750856042585,-0.506621626282668,1.2321793937226035,0.9353622152477367,1.3345162003047484,1.2740828297945348,1.824501475543667,0.12310383497186779,-0.009467111824855575,1.2850866731467552,0.6062547731961191,0.7038140564305995,0.8940988256572961,-0.9217751883877416,1.5876047783910991,-1.382090977029659,0.64422109447762,1.5011431323482933,-1.6909619951345038,1.103340981077973,1.2017315286327783,0,5.708333333333344,-3.7083333333333335,Cephalophus_niger,142
482,-0.33687408063665103,0.6532674075907094,-0.44999204459183584,1.6976340135569228,0.9889534521616492,-1.0308911927298043,-0.9818524460293815,-0.2582646876060859,1.508548792230154,1.5195041046361129,1.4165097680018208,1.2708245035532615,1.156954223564074,2.152846333566519,1.5315101894883252,-0.8240968898600263,1.314797377503594,0.8802970317598364,1.4372059892783995,-0.37381124513817166,-0.095113653891691,-0.5434746834916464,1.2929169200080917,1.276959328658296,1.2854931640248641,-0.2304672116539954,0.7014102561780229,-0.6652566504981302,2.3820113859400553,0.44706511366897594,-0.703326878689925,-0.6528785447805855,-0.6229259874203835,1.4074447330435933,0.9585436829096758,-1.0674931811552877,1.3218620387971913,1.1008949192204003,-0.6046678558585581,1.103340981077973,1.1285436522525414,0,14.041666666666675,-6.291666666666668,Cephalophus_niger,42
483,1.625451826120522,-0.2452619747271198,-1.1810143614728057,1.6925039254491727,1.3679046557058456,-1.4014998354476769,-0.7768798276084069,-0.49185890010157884,1.740455486004437,1.745763237365613,1.2964652818198736,1.725093889880422,1.156954223564074,1.6199963104036272,1.1392803305187151,-0.27794106680170827,1.4260426239218797,1.5293590141494462,1.5054561980489924,-0.5372869613117601,-0.4253790118198329,-0.5159029957530029,1.448135042737673,1.587502159031532,1.3002000749088294,-0.7795624349125587,-0.448421230315375,-0.6652566504981302,2.4115358118383874,-0.5451524127527145,-0.703326878689925,-0.8171655394585025,-0.6132940838452872,0.8331165332386067,0.6682077926874805,-0.8592355937885737,1.5638766617684667,1.2509879991433601,-0.6408776605010896,1.5288729880301046,1.1383020357699063,0,16.875000000000007,-7.041666666666668,Cephalophus_niger,8
484,-1.6585639413973097,0.28568720573341566,0.646541430729619,1.4353737147249352,-0.2449117186192829,0.7809732316455466,-1.4473835111098525,1.1598313428110893,1.2034930200036706,1.2218772731947078,1.3888071942675253,0.38619464596879083,1.156954223564074,2.175491941233305,1.419298865240583,-1.3886470327625795,0.7346778259682808,0.7006494056063799,1.1907469020512589,-0.27977654114451456,-1.2510424066401875,-0.46481069283960696,1.0769612709930223,0.6869279509491479,1.2707862531408987,2.2047773859277497,2.2345189048358867,-0.19224035921613142,0.07910616587014112,2.4750772876052016,0.2930939433972825,1.4510549031914475,0.19578581646280868,1.1202806331411,1.490826148317034,-1.4353572297541093,0.8378327928546404,1.1259104325408937,-1.002975706926405,0.7723716423374264,1.0358390088375744,0,8.291666666666679,-9.041666666666668,Cephalophus_niger,111
485,-0.9707063389660633,0.1631604717809844,0.9206747995599827,1.1032230451219383,-0.19147960470188768,-0.20731645158823117,-1.3952718250911251,0.6402464917909654,1.3743081757299622,1.3885326135933864,1.2456772299736651,0.9600086076452042,1.156954223564074,1.6031573369600984,0.9560457091002946,-1.4567810307428504,0.5119918855336014,0.7758099932851045,1.3133444992873238,-0.30292354520449166,-0.6730780302659393,-0.4551789829692797,1.198436323563999,0.9353622152477367,1.3345162003047484,0.6186641282922709,0.5231418086596665,-0.2868436174725312,-0.06851596362152004,0.44706511366897594,-0.1339435517829493,0.31164510139299134,1.1397123668222537,-0.1879113775258142,1.5392154633540664,-1.3717069422025099,0.7894298682603853,1.3960779764022215,-1.4302514017082768,1.0749721806144976,1.113906076976494,0,6.958333333333344,-5.291666666666667,Cephalophus_niger,127
486,-1.5986399444953796,0.8983208754955719,-0.44999204459183584,1.2280061962438389,0.4152213531250816,-0.2896739072940588,-1.3049449059718357,0.4562935106022778,1.468758908896265,1.4806832135785384,1.2595285168408128,1.1393254706690834,1.156954223564074,1.5969635150319084,1.2471254147662303,-1.3270001065558759,0.6708292197901617,0.3838866936955396,1.3714835660178286,-0.41287181448938304,-0.34281267233779744,-0.36098104650567986,1.259173849849487,1.0699307750761389,1.354125414816702,0.5851649502154885,0.9688129274555572,-0.5075845534041307,0.4038748507517957,0.7521049613188876,-0.41863521523643715,-0.2819079116369021,1.9536082189178978,0.06734560016529101,1.2972688881689038,-1.3086335454746407,0.9830415666374057,1.386071771074024,-1.2709282612811381,0.9331281782971205,1.1919731451154134,0,9.375000000000009,-3.0416666666666687,Cephalophus_niger,98
487,-0.8920159822989895,0.36737169503503647,-0.08448088615135091,0.9582472019158355,-0.5321568002938216,1.069224387977042,-1.3640048101667168,2.0059460961790023,1.377925437851225,1.3920617855077115,1.2733798037079607,1.079553182994457,1.156954223564074,1.5448979915504317,0.9986887793837823,-1.4606468639780286,0.3760691384826946,0.4223412097443625,1.3449418181625983,-0.3419841145557031,-0.8382107092300103,-0.4960225965544369,1.198436323563999,0.9250107875686288,1.3590277184446904,2.2484719660279007,1.7888477860399958,1.0060675786982656,-0.45233350029983904,1.573366089607111,1.6501242058589078,1.4722532250853722,2.7626881192259938,-0.5388897218510839,1.3456582032059363,-1.3569000777267601,0.7313463587472792,1.4060841817304188,-1.4881870891363274,1.0182345796875467,1.1383020357699063,0,5.62500000000001,-7.791666666666668,Cephalophus_niger,143
488,-0.972477740376734,0.08147598247936355,0.281030272289134,1.3316164662343597,0.4174949678289631,-0.20731645158823117,-1.3049449059718357,0.3971569592272033,1.3964136664710118,1.410099775292039,1.4211268636242034,0.9360996925753536,1.156954223564074,2.1017484840096903,1.3236792974089424,-1.3353340459550007,0.6618201016058325,0.5105140764045129,1.3639002094877628,-0.2826699166520117,-0.6730780302659393,-0.48682721759331504,1.2119335516274408,0.9974707813223839,1.3345162003047484,0.7424654385760319,1.5125316923865437,-0.5075845534041307,0.9648389428201081,1.4191701226631999,-0.5135324363875998,0.03076733629848818,-0.4495517230686487,0.482138188913337,1.1521009430578062,-1.298057213706248,0.9636803967997036,1.2309755884869655,-1.0609113943544553,0.904759377833645,1.1187852687351763,0,9.958333333333343,-6.708333333333332,Cephalophus_niger,91
489,0.18742479010068394,0.5307406736382781,0.37240806189925524,1.7883865564999017,1.003732525970527,-1.1956061041414594,-1.0582829453622227,-0.3578915378301652,1.6114398036794026,1.6198894390880227,1.4211268636242034,1.0915076405293822,1.156954223564074,2.011746687231104,1.7848951265688082,-0.5884814467413166,1.332815912721791,1.108886284317503,1.4890255922338496,-0.40129831245939446,-0.012547314409655536,-0.6037094980782688,1.360403060325301,1.297662184016512,1.3198092894207831,-0.4737003742115022,0.08638411223969375,-0.6652566504981302,2.322962534143391,0.04481476511964197,-0.6938371565748087,-0.9920516950833818,-0.6132940838452872,1.4393518552549815,1.055322312983741,-1.0967223162243003,1.4380290578234036,1.1909507671741764,-0.648119621429596,1.3302913847857767,1.2358858709435556,0,15.625000000000009,-14.625000000000002,Cephalophus_niger,23
490,-0.5675748535640451,0.20400271643179482,0.281030272289134,0.7849264452887006,-0.2335432114246394,0.4103646042679486,-1.3987459341792017,1.5822491156931515,1.4747876790983694,1.4865651667690798,1.2179746562393696,1.163234385738934,1.156954223564074,1.284763524988988,0.850820235607201,-1.5113271997283402,0.16062970165491544,0.2120077913458152,1.3954975283630373,-0.3361973635407088,-1.1684760671581522,-0.5786371809853703,1.265922463881208,0.987119353643276,1.3688323257006674,1.1036739674039462,2.1899517929562973,-0.09763710095973166,0.4333992766501279,1.3856492602840886,0.530336996275189,0.4070375499156528,0.49919077907834464,-1.0494036772332942,1.5392154633540664,-1.3955517629167042,0.682943434153024,1.5411679536610827,-1.7199298388485291,1.0655159137933392,1.2212482956675081,0,5.458333333333344,-5.041666666666667,Cephalophus_niger,145
491,0.962543988076649,0.04063373782855314,0.4637858515093765,1.473929346195913,0.10296549779896244,0.6780263966729873,-1.4925469706694972,1.1524515761278242,1.2509193455935586,1.268148638293635,1.402658481134673,0.5296481363878942,1.156954223564074,1.9718749184158564,1.4351628779772818,-1.437549326077868,0.8888148546850305,0.7600787350590004,1.2223442209265334,-0.21612227997957742,-0.17767999337372647,-0.5341035864956574,1.1107043411516269,0.6972793786282558,1.3051023785368177,2.075150131630635,2.448441041857914,-0.09763710095973166,0.04958173997180889,2.2203187335239565,0.35003227608798004,0.8257044073206669,4.062995101864005,1.088373510929712,1.6359940934281316,-1.481123901770063,0.8668745476111934,1.1809445618459788,-1.0609113943544553,0.8385655100855357,1.0699933511483517,0,7.708333333333344,-9.208333333333334,Cephalophus_niger,118
492,0.3022027267291851,-0.00020850682225728276,1.5603193268308313,1.1603213006860003,1.0245746686953634,0.842741338765192,-1.3014707803179002,1.382798579427086,1.4333901237105855,1.4461757548606942,1.1995062737498392,1.0436898103896812,1.156954223564074,1.444831381807379,1.1944398370288858,-0.912024676563888,0.8355425336705621,0.23123490119697082,1.3348306761225104,-0.28845666766700595,0.2351517040364509,0.20963800284213732,1.2389280077543243,1.0285250643597075,1.3345162003047484,2.0401944675505144,3.3219564346978596,-0.5706533922417305,1.0238877946167726,3.1656070526148916,-0.5514913248480648,-0.6528785447805855,5.421093505952594,-0.028375766468873437,1.2004902580948387,-1.3142101567707023,1.0120833213939588,1.3910748737381227,-1.2564443394241256,0.8953031110124866,1.177335569839366,0,10.125000000000009,-12.541666666666668,Cephalophus_niger,89
493,1.3234795673861903,0.612425162939899,0.1896524826790128,1.4815913732951107,0.6206128360579983,-0.4132101215333497,-1.2076697521105342,0.27421009432936216,1.5780806085610914,1.5873426314336925,1.2872310905751083,1.2708245035532615,1.156954223564074,1.7249017327764467,1.4524819339204043,-1.1001831553685366,0.9973181565885808,0.5122619281304107,1.4372059892783995,-0.37815130839941735,0.9782487593747701,-0.6142425045332041,1.3401572182301382,1.2562564733000803,1.388441540212621,0.5691436041787665,1.0936008407184066,-0.6652566504981302,1.0238877946167726,1.1945803447231549,-0.6368988238841111,-0.6422793838336232,2.5893138548742587,0.5459524333361133,1.1521009430578062,-1.2340223322721615,1.2444173594463832,1.3560531550894321,-1.0319435506404302,0.9993220460452299,1.2456442544609205,0,10.208333333333343,0.458333333333331,Cephalophus_niger,88
494,0.02477477314264446,1.184216588051245,0.1896524826790128,1.3248365095635783,0.5099591540111308,-0.3720313629998864,-1.2945225621417467,0.3630624731845354,1.4940797437451034,1.505387416978813,1.2733798037079607,1.127371013134158,1.156954223564074,1.7094177686313412,1.2650267544833518,-1.3525065961402025,0.6845392412133784,0.4967250732159697,1.3778030297928836,-0.3058169207119888,-0.34281267233779744,-0.5966017087038424,1.2794196919446499,1.1113364857925703,1.3688323257006674,0.5371009121053225,1.1114276854702423,-0.6021878116605304,0.8762656651251114,1.0672010676825325,-0.5704707690782973,-0.027528048909804922,2.406307686947428,0.2906954556450081,1.2972688881689038,-1.289980742174021,1.0411250761505118,1.3610562577535308,-1.1912666910675689,0.9614969787605959,1.1870939533567308,0,10.291666666666675,-4.041666666666667,Cephalophus_niger,87
495,-0.03286167520961663,0.6532674075907094,-0.44999204459183584,1.7706446361757733,1.0920279366675385,-1.113248587074533,-0.9436371963629608,-0.3173520112589665,1.5029219400415232,1.514014281658274,1.4072755767570557,1.2469155884834109,1.156954223564074,2.1371686279001048,1.5272896314696935,-0.7517700864779475,1.451307662746977,0.9838126463692762,1.414455919688202,-0.37381124513817166,-0.095113653891691,-0.5677972310898597,1.2861683059763709,1.297662184016512,1.2658839495129104,-0.34116014790771104,0.43400758490048846,-0.6652566504981302,2.3820113859400553,0.2559961981080423,-0.703326878689925,-0.748270993303247,-0.6229259874203835,1.6307945885233104,0.9585436829096758,-1.032879731731457,1.3702649633914465,1.0708763032358084,-0.5250062856449887,1.1127972478991315,1.1090268852178113,0,14.625000000000009,-7.125000000000001,Cephalophus_niger,35
496,0.47564995737004545,0.5307406736382781,-0.08448088615135091,1.623005829725121,1.271651015311601,-0.7838187642512223,-1.0999722544191435,-0.0763780320802084,1.6054110334772982,1.614007485897481,1.4857662023375595,1.3664601638326637,1.156954223564074,2.0972968590848566,1.5483928657152355,-0.7399661812162616,1.2329305349568163,0.6728766995711188,1.5446368734543328,-0.40419168796689164,-0.7556443697479748,-0.5407345797740132,1.360403060325301,1.3494193224120512,1.3835392365846326,0.08122079306041453,0.9420726603278038,-0.6652566504981302,2.027718275160068,0.936469704403999,-0.6938371565748087,-0.5256886134170369,-0.6084781320577389,0.9926521442955474,1.0069329979467085,-1.1449888484764195,1.3799455483102974,1.2609942044715576,-0.792958839999722,1.1222535147202901,1.2261274874261907,0,13.875000000000009,-13.791666666666668,Cephalophus_niger,44
497,-0.3627668524347563,0.24484496108260523,0.281030272289134,1.0897612503991367,0.14730271922559568,-0.0631908887627581,-1.3917977160030484,0.8506681851021063,1.456701368492056,1.4689193071974551,1.2595285168408128,1.0197808953198306,1.156954223564074,1.5534143490328507,1.11206422702714,-1.3887559768078204,0.526484892747402,0.7033683848510582,1.3803308153029055,-0.2421626595470517,0.31771804351848637,-0.5090303290344199,1.2524252358177663,0.9974707813223839,1.3688323257006674,0.7890729906828595,0.6033626100429269,-0.38144687572893093,-0.009467111824855575,0.5744443907095984,-0.15292299601318182,0.31164510139299134,1.2023197400603802,-0.3155398663713668,1.5876047783910991,-1.3907443393856167,0.8475133777734914,1.4711245163637015,-1.4954290500648337,1.1317097815414485,1.2066107203914607,0,7.208333333333344,-1.291666666666669,Cephalophus_niger,124
498,-0.03662990278492112,0.7349518968923303,-0.17585867576147213,1.7219107934330165,1.021922021835227,-1.0720698899021686,-0.985326571683317,-0.2683011747995786,1.641181736676451,1.648907074828028,1.4349781504913512,1.4979591967168417,1.156954223564074,2.1495559764188,1.2328623492937416,-1.0142514392210864,1.2221585033455196,0.971188877664665,1.5332618386592338,-0.45771913485558874,-0.095113653891691,-0.4874634006200075,1.3806489024204638,1.4115278884866984,1.3443208075607251,-0.28872665178752993,0.4785746967800775,-0.6652566504981302,2.0572427010584007,0.24258785315639786,-0.703326878689925,-0.5362877743639993,-0.6229259874203835,1.1521877553524882,0.9585436829096758,-1.063070351506687,1.3993067181479995,1.2059600751664723,-0.6988133479291401,1.2168161829318749,1.0992685017004464,0,13.625000000000009,-0.20833333333333331,Cephalophus_niger,47
499,-0.49577009073984635,0.08147598247936355,0.281030272289134,1.1083365806984746,1.0158589529192683,0.7809732316455466,-1.3049449059718357,1.258326574759376,1.3377336365038621,1.352848764237434,1.1625695087707788,0.9360996925753536,1.156954223564074,1.423540635770174,1.1557261828770304,-0.9648902646252646,0.6549650908942242,0.20987142934310285,1.2577332180668408,-0.2638629758532803,-0.5905116907839039,-0.04794115763585426,1.1714418674371152,0.9250107875686288,1.2903954676528524,1.869785605159926,3.027813496292572,-0.5706533922417305,0.9648389428201081,2.8974401535820022,-0.5609810469631811,0.24275055523773584,5.035817362948739,0.003531355742514714,1.2004902580948387,-1.317863798654329,0.9152774722054485,1.331037641768939,-1.241960417567113,0.8101967096220603,1.1285436522525414,0,10.291666666666675,-12.458333333333336,Cephalophus_niger,87
500,0.23965196607118935,0.5307406736382781,-0.08448088615135091,1.6562028285007464,1.2833984101040874,-0.8044081128374045,-1.0860758180668366,-0.0875952714331019,1.5997841812886675,1.6085176629196423,1.4765320110927944,1.3305967912278878,1.156954223564074,2.065747706230719,1.5345666241113418,-0.7323549413254772,1.3005001167374393,0.7484257975266579,1.5345257314142449,-0.40419168796689164,-0.7556443697479748,-0.6116402907303121,1.35365444629358,1.3390678947329433,1.3737346293286556,0.07539484904706108,0.9153323932000503,-0.6652566504981302,2.027718275160068,0.936469704403999,-0.6938371565748087,-0.5468869353109617,-0.6132940838452872,1.088373510929712,1.0069329979467085,-1.1411429096515495,1.3896261332291484,1.2459848964792615,-0.7639909962856969,1.141166048362607,1.2066107203914607,0,14.291666666666675,-13.625000000000002,Cephalophus_niger,39
501,-0.6255438429304033,0.6532674075907094,0.1896524826790128,1.3280548800301804,0.713076733123342,-0.22790580017441334,-1.325789560500296,0.4230353891085424,1.4558975324651087,1.4681350467720495,1.448829437358499,1.031735352854756,1.156954223564074,1.714062839739799,1.3194585173141191,-1.3357813746857494,0.6600574870284035,0.5013860111516973,1.416983705198224,-0.34053742680195453,-0.5079453513018684,-0.516871381932352,1.2524252358177663,1.059579347397031,1.3639300220726789,0.7206181485259564,1.6284061832734753,-0.5706533922417305,0.9648389428201081,1.3789450878082663,-0.5325118806178323,-0.01692888796284254,2.8541912031894094,0.3864168222791725,1.2004902580948387,-1.3047876066497708,1.0024027364751078,1.2910128204561495,-1.1188470817825058,0.9520407119394375,1.1578188028046361,0,10.125000000000009,-5.791666666666668,Cephalophus_niger,89
502,0.5144675206398377,0.04063373782855314,0.281030272289134,0.8290203941613394,-0.15131086964358653,0.16329219112964155,-1.4056941523553552,1.0452481234025728,1.123109417308945,1.1434512306541533,1.0979301700574224,0.5894204240625206,1.156954223564074,1.3250223338403264,0.8966654224953008,-1.4632622912337987,0.23387891891265578,0.4567168124064004,1.12755226430071,-0.33330398803321165,-1.333608746122223,-0.09548719825343702,1.022972358739255,0.6144679571953929,1.192349395093084,0.8502454028230708,0.7370639456816941,-0.25530919805373126,-0.09804038951985226,0.6414861154678207,0.10329950109495725,0.43353545228305873,1.1252645114596092,-0.4431683552169194,1.7327727235021968,-1.4003591864477918,0.4602899810194507,1.3260345391048403,-1.575090620278403,0.8101967096220603,1.040718200596257,0,7.041666666666676,-1.4583333333333333,Cephalophus_niger,126
503,0.9982983028206224,0.36737169503503647,0.8292970099498614,1.6443911017690631,0.971900474532066,-0.4749782286529951,-1.1416616297394997,0.13714322479601634,1.5093526282571013,1.5202883650615184,1.4719149154704119,1.1393254706690834,1.156954223564074,2.149943164123733,1.3437638681642734,-0.9287498280028879,1.3240025409851075,0.7493969250454384,1.4662755226436521,-0.3159437349882288,0.31771804351848637,-0.4148169944978393,1.2929169200080917,1.2562564733000803,1.3394185039327366,0.5487528001320294,1.735367251784489,-0.6652566504981302,1.732474016176746,1.5867744345587556,-0.703326878689925,-0.7270726714093222,-0.5940302766950943,1.1840948775638762,1.1037116280207735,-1.1488347873012896,1.2928202840406382,1.2009569725023737,-0.7712329572142032,0.9993220460452299,1.1187852687351763,0,12.541666666666675,-9.125000000000002,Cephalophus_niger,60
504,-0.5741880152714354,0.8166363861939511,-0.3586142549817146,1.3174520863613637,0.9161946013523773,1.3780649235752693,-1.2597814381292616,2.286573915819247,1.6837850461046555,1.690472877374522,1.3380191424213168,1.4381869090422152,1.156954223564074,1.6985785802570086,1.4353083378826859,-1.0613240887123145,0.9046789835809682,0.48584885989074467,1.531997945904223,-0.33330398803321165,-0.6730780302659393,-0.5459027463364282,1.4143919725790683,1.3390678947329433,1.4668783982604359,3.7035014833629263,8.001503182054712,-0.6652566504981302,1.8800961456684073,6.9534645014544525,-0.6558782681143437,-0.3561020382656388,10.863119025882048,-0.06028288868026159,1.0069329979467085,-1.2847887247604464,1.2540979443652343,1.4711245163637015,-1.1912666910675689,1.1506223151837656,1.32371132259984,0,10.125000000000009,-13.708333333333336,Cephalophus_niger,89
505,-1.039564713351559,1.102532098749624,-1.272392151082927,1.5832249120881499,1.0238168934996774,-1.0720698899021686,-0.915844323658347,-0.28989928895643313,1.552759773712253,1.5626384280334178,1.3195507599317864,1.3903690789025143,1.156954223564074,1.8454851561533654,0.9422192454202095,-0.7791006186500756,1.2634837163637387,0.9686640053851381,1.4346782037683776,-0.5011197674680459,0.07001902507237993,-0.5390083325300205,1.3199113761349754,1.3494193224120512,1.2756885567688871,-0.3353342038943576,0.3359599387653925,-0.6652566504981302,2.1458159787533972,0.22247533572893113,-0.703326878689925,-0.6952751885684351,-0.6229259874203835,0.9288378998727711,0.8133757377985782,-1.0174959764319769,1.3605843784725955,1.1809445618459788,-0.6915713870006338,1.178991115647241,1.0553557758723042,0,14.708333333333346,-2.958333333333333,Cephalophus_niger,34
506,0.7708120710839442,-0.08189299612387813,-0.5413698342019571,1.4668063732156413,0.9775848004085937,-0.5985143815311871,-1.1034463800730792,0.040074714708645535,1.4418304019935317,1.4544104893274525,1.3888071942675253,1.163234385738934,1.156954223564074,2.1346526461622517,1.221655940520461,-1.240282536961263,0.9626519089847856,0.654037951823522,1.3866502790779605,-0.3810446839069145,-0.095113653891691,-0.36273398113410177,1.2456766217860453,1.142390768829894,1.2903954676528524,0.2822158615211088,1.0936008407184066,-0.6337222310793303,1.4962786089900881,1.0403843777792436,-0.6463885459992275,-0.5521865157844429,-0.5940302766950943,0.8650236554499948,1.0069329979467085,-1.1499885689487506,1.089528000744767,1.1409197405331897,-0.8364106055707599,0.9898657792240714,1.0455973923549393,0,12.291666666666675,-4.541666666666667,Cephalophus_niger,63
507,0.5297853433489831,0.6941096522415199,-0.26723646537159335,1.1382009367136967,-0.23240640407269866,-0.2896739072940588,-1.350108357248551,0.5329446962276292,1.4591128765728976,1.4712720884736716,1.2364430387289,1.079553182994457,1.156954223564074,1.4999938162529507,1.096491578253632,-1.3168881247217281,0.5695727203430502,0.7633803315456447,1.3702196732628178,-0.35934436760068594,-0.6730780302659393,-0.5604486817409396,1.2524252358177663,1.0285250643597075,1.3492231111887136,0.5327314540953074,0.5231418086596665,-0.5391189728229305,0.02005731407347666,0.35991087148328693,-0.28577910562480946,0.14735810671507438,1.2119516436354767,-0.1879113775258142,1.3940475182429688,-1.3444007765459323,0.9346386420431506,1.446109003043208,-1.3940415970657454,1.141166048362607,1.1870939533567308,0,8.041666666666679,-3.2916666666666687,Cephalophus_niger,114
508,-1.038617850380911,-0.2452619747271198,-1.1810143614728057,1.792209592926024,1.4425577999459203,-1.4426785326200413,-0.7456128292498575,-0.5208367809416985,1.6785601119294984,1.6853751846093858,1.2779968993303432,1.557731484391468,1.156954223564074,1.6590939991466938,1.185416437217623,-0.07850050790836928,1.6062282749533874,1.5975278985780677,1.4422615602984434,-0.473632700146823,-0.4253790118198329,-0.6075480596260471,1.4076433585473473,1.5460964483151005,1.2560793422569334,-0.8334524170360782,-0.5553822988263888,-0.6652566504981302,2.5591579413300485,-0.6390108274142258,-0.703326878689925,-0.8648617637198331,-0.6181100356328353,1.2160019997752645,0.7165971077245131,-0.8151995942438115,1.602599001443871,1.1759414591818802,-0.5032804028594698,1.5099604543877876,1.0895101181830815,0,16.958333333333346,-5.958333333333332,Cephalophus_niger,7
509,1.0835615291537823,0.36737169503503647,0.1896524826790128,1.5601568658468359,1.121965116441549,-0.9485336756628776,-1.061757004752723,-0.17620168058676022,1.6194781639488751,1.627732043342078,1.4118926723794383,1.4501413665771405,1.156954223564074,2.022585580267752,1.3945571346742165,-1.0130870822337097,1.0852564263573061,0.8008634237291754,1.530734053149212,-0.3318573002794631,0.31771804351848637,-0.6004528142027513,1.3671516743570218,1.359770750091159,1.3688323257006674,-0.164925341503769,0.6211894547947625,-0.6652566504981302,1.9981938492617362,0.46717763109644267,-0.6938371565748087,-0.48329196962918736,-0.6181100356328353,0.7373951666044422,0.9585436829096758,-1.1113368837588065,1.3315426237160424,1.2810066151279522,-0.8581364883562788,1.1506223151837656,1.2066107203914607,0,13.375000000000009,-3.3750000000000013,Cephalophus_niger,50
510,-0.9981544362278452,-0.2452619747271198,-1.1810143614728057,1.781900756257317,0.9544687538630519,-1.1750167555552773,-0.9193184493122826,-0.3559235925408743,1.5210082506478364,1.5316601412298987,1.3841900986451428,1.2708245035532615,1.156954223564074,2.0500700005643044,1.1580548738206438,-0.6930311821061028,1.5116307409206997,1.0888823020859741,1.416983705198224,-0.473632700146823,-0.4253790118198329,-0.4884982509085253,1.2996655340398127,1.3287164670538354,1.260981645884922,-0.43437525212136635,0.2824794045098856,-0.6652566504981302,2.3820113859400553,0.09509605868830871,-0.703326878689925,-0.8224651199319836,-0.6229259874203835,1.5988874663119224,0.9585436829096758,-1.0084580201935323,1.4089873030668505,1.090888713892203,-0.5250062856449887,1.1506223151837656,1.0163222418028446,0,15.041666666666675,-6.791666666666668,Cephalophus_niger,30
511,1.0523955035316575,1.0616898540988136,-1.0896365718626844,1.6533601805498885,1.1541762000362648,-0.7014612471842958,-1.0478605684004159,-0.058961778203450554,1.5230178407152046,1.5336207922934126,1.458063628603264,1.3066878761580372,1.156954223564074,2.144910905310342,1.3265900500503636,-0.8636787260400421,1.167319314201268,0.7336656668193344,1.4624838443786192,-0.402745000213143,0.9782487593747701,-0.3767143748619807,1.2996655340398127,1.276959328658296,1.3149069857927946,0.21376101936420566,1.307522977740434,-0.6652566504981302,1.850571719770075,1.0705531539204436,-0.703326878689925,-0.19181504358772186,-0.6132940838452872,1.2160019997752645,0.9101543678726434,-1.0984529886954917,1.3412232086348934,1.135916637869091,-0.6408776605010896,1.0655159137933392,1.0797517346657166,0,12.875000000000009,-7.541666666666668,Cephalophus_niger,56
512,-0.2899445180576204,-0.2452619747271198,-1.1810143614728057,1.7047404340059809,1.3652520088457092,-1.4014998354476769,-0.7873021383067783,-0.49097332659816967,1.7259864375193865,1.731646549708313,1.2964652818198736,1.6772760597407208,1.156954223564074,1.6397387486276271,1.156745068443433,-0.2727272960607586,1.444648697332553,1.5111028836438152,1.4978728415189264,-0.473632700146823,-0.4253790118198329,-0.5318953913066845,1.441386428705952,1.5771507313524242,1.295297771280841,-0.776649462905882,-0.4395078079394572,-0.6652566504981302,2.500109089533384,-0.5384482402768923,-0.703326878689925,-0.80656637851154,-0.6181100356328353,0.896930777661383,0.7165971077245131,-0.8623123448484697,1.5541960768496157,1.2409817938151628,-0.6336356995725834,1.5099604543877876,1.1334228440112237,0,16.791666666666675,-6.875000000000001,Cephalophus_niger,9
513,-0.9300195409957671,0.6532674075907094,0.281030272289134,1.6496516158456545,0.9923638742174714,-1.1956061041414594,-0.9332148856645895,-0.3634017583653757,1.614253229773718,1.622634350576942,1.3980413855122904,1.4620958241120658,1.156954223564074,1.9631651147498133,1.407364712787899,-0.7676407693256098,1.3206730582778956,0.9519616196402536,1.4953450560089045,-0.5372869613117601,-0.5905116907839039,-0.290764816305653,1.3671516743570218,1.4115278884866984,1.3149069857927946,-0.48680874824154746,0.11312437936744718,-0.6652566504981302,2.352486960041723,0.014645988978441918,-0.703326878689925,-0.8860600856137579,-0.6229259874203835,1.0564663887183237,0.8133757377985782,-1.025572447964204,1.4186678879857015,1.1809445618459788,-0.648119621429596,1.2640975170376672,1.1480604192872712,0,15.541666666666675,-10.958333333333336,Cephalophus_niger,24
514,1.7537048170985212,0.6532674075907094,0.281030272289134,1.6396696418113978,1.1295443139825272,-0.9279443270766954,-0.9540595733247677,-0.2017356853221966,1.5837074607497224,1.5928324544115313,1.4303610548689685,1.4501413665771405,1.156954223564074,2.085490144454719,1.489449180902645,-0.8065514373708697,1.2570204973969608,0.7995040822800921,1.4902894849888606,-0.3304106125257145,-0.5905116907839039,-0.5179383881712434,1.3401572182301382,1.3804736054493747,1.3198092894207831,-0.10957887337691116,0.8351115918167901,-0.6652566504981302,2.2048648305500618,0.6314298567540874,-0.703326878689925,-0.5892835790988112,-0.6181100356328353,1.1202806331411,0.8617650528356108,-1.0538400983269989,1.3896261332291484,1.1559290485254856,-0.6336356995725834,1.1695348488260824,1.1578188028046361,0,14.875000000000009,-9.958333333333334,Cephalophus_niger,32
515,-0.43253357533965386,0.6532674075907094,-0.08448088615135091,1.3574126887046434,1.0772488628586607,0.019166597623618997,-1.1312392859094107,0.38554619838023346,1.4269594354950075,1.43990167145745,1.3334020467989343,0.9719630651801294,1.156954223564074,2.072134974342533,1.4776604883553655,-0.645006462481721,1.1698655122683579,0.41845699601575226,1.346205710917609,-0.3202837982494745,-0.17767999337372647,-0.5767659286989648,1.2321793937226035,1.1113364857925703,1.2903954676528524,1.0556099292937802,2.689103446007695,-0.6652566504981302,1.8210472938717428,2.4482605977019127,-0.703326878689925,-0.9072584075076827,-0.6084781320577389,0.5778595555475015,0.7165971077245131,-1.1767178437815975,1.1766532650144261,1.150925945861387,-0.7857168790712158,0.9993220460452299,1.1383020357699063,0,12.291666666666675,-14.291666666666668,Cephalophus_niger,63
516,-1.3056023307060804,0.7349518968923303,0.09827469306889156,1.0288726646152064,-0.10773142341263914,-0.33085266582752204,-1.3779012630848826,0.6736030311936543,1.493275907718156,1.5046031565534075,1.2595285168408128,1.127371013134158,1.156954223564074,1.5152844818832745,1.0796089020267219,-1.5328072406277566,0.3735229404156049,0.6153896251560593,1.4258309544833008,-0.35211092883194306,-0.34281267233779744,-0.5012809895635495,1.2794196919446499,1.0388764920388154,1.3737346293286556,0.42203851784159174,0.5142283862837488,-0.3183780368913311,0.04958173997180889,0.5006984934755538,-0.12445382966783304,0.2056534919233675,0.4606631647779591,-0.5388897218510839,1.684383408465164,-1.3709377544375358,0.8378327928546404,1.5311617483328854,-1.5895745421354157,1.141166048362607,1.240765062702238,0,6.541666666666676,1.5416666666666667,Cephalophus_niger,132
517,0.9179599226602049,0.5715829182890886,1.7430749060510737,1.6238063340659898,1.3182618514421156,-0.8455868100097689,-1.0721793817145295,-0.10648749366068652,1.658464211255817,1.6657686739742472,1.4996174892047074,1.509913654251767,1.156954223564074,2.083941688972671,1.5466462364694298,-0.7866372220677066,1.1925846518759038,0.697541916084887,1.587609227124706,-0.4070850634743888,-0.8382107092300103,-0.4767481222887072,1.3941461304839056,1.421879316165806,1.4080507547245746,0.009852978896834693,1.0044666169592285,-0.6652566504981302,2.1458159787533972,0.8392592035045766,-0.703326878689925,-0.58398399862533,-0.6132940838452872,0.896930777661383,0.9585436829096758,-1.1253745604695822,1.4089873030668505,1.2860097177920509,-0.8074427618567347,1.178991115647241,1.240765062702238,0,14.041666666666675,-12.125000000000002,Cephalophus_niger,42
518,0.9294613253524858,0.28568720573341566,0.281030272289134,1.2825232540789857,0.33564136908734116,-0.31026325588024095,-1.3153672498019249,0.5359949757673675,1.5266351028364673,1.5371499642077375,1.2687627080855781,1.127371013134158,1.156954223564074,1.6196094180363791,1.1838154899534128,-1.2983561544964237,0.7284103534491488,0.40660995151825846,1.4359420965233887,-0.2899033554207545,0.31771804351848637,-0.30191077110766884,1.2996655340398127,1.1113364857925703,1.3737346293286556,0.5822519782088118,0.594449187667009,-0.5075845534041307,0.28577714715846675,0.6079652530887095,-0.4565941036969022,-0.17061672169379707,1.7465222920533257,0.03543847795390286,1.5392154633540664,-1.3157485323006504,1.0411250761505118,1.4811307216918987,-1.36507375335172,0.9709532455817544,1.2358858709435556,0,8.041666666666679,2.7083333333333313,Cephalophus_niger,114
519,0.2387026013071267,0.04063373782855314,0.281030272289134,0.902014663677063,-0.5412515482261716,0.49272207531405093,-1.4334870581916868,1.5502208802424249,1.4177153211851141,1.430882676565286,1.2179746562393696,1.0197808953198306,1.156954223564074,1.3581197945076695,0.9852991395722922,-1.4779398407428028,0.26756583657914434,0.5089603316437664,1.3373584616325322,-0.33330398803321165,-1.333608746122223,-0.5365474876378697,1.2254307796908825,0.9043079322104131,1.354125414816702,1.2973866058479486,1.0668605735906531,0.12310383497186779,-0.36376022260484236,1.0068635154001324,0.5872753289658866,0.8522023096880729,1.245663306148314,-0.6984253329080246,1.6359940934281316,-1.4268961643393951,0.682943434153024,1.4811307216918987,-1.6330263077064535,1.0938847142568147,1.1822147615980485,0,6.041666666666676,-1.125000000000001,Cephalophus_niger,138
520,-0.34103285133126343,0.48989842898746777,0.281030272289134,1.5759874673859902,1.0044903011662127,-0.8249974614235867,-1.0513346940543515,-0.10752065649209151,1.5583866259008838,1.5681282510112566,1.425743959246586,1.3903690789025143,1.156954223564074,2.040005187599838,1.2392661383505827,-0.9875691101150518,1.0597953422350246,0.7194881533539768,1.4864978067238277,-0.31015698397323455,-0.17767999337372647,-0.5993846071293883,1.3266599901666962,1.297662184016512,1.3394185039327366,0.020048380920203245,1.0579471512147354,-0.6652566504981302,1.9391449974650716,0.7588091337947098,-0.703326878689925,-0.31900497495127045,-0.6181100356328353,0.9288378998727711,0.9585436829096758,-1.112298368465024,1.2831396991217872,1.2009569725023737,-0.7784749181427094,1.0938847142568147,1.0992685017004464,0,13.125000000000009,-6.291666666666668,Cephalophus_niger,53
521,0.9351730513906981,0.24484496108260523,0.1896524826790128,1.7010645755080003,1.1556917504276365,-1.277963621208386,-1.0026971336895596,-0.40310490161992474,1.678962029942972,1.6857673148220886,1.4165097680018208,1.4860047391819164,1.156954223564074,2.037102018157052,1.4115852708065308,-1.0080970808813143,1.2286217223122975,1.099564112099536,1.5522202299843986,-0.3130503594807317,0.5654170619645927,-0.44760694634129605,1.4076433585473473,1.4115278884866984,1.3590277184446904,-0.6091535725219701,-0.029490378647237823,-0.6652566504981302,2.500109089533384,-0.2267042201511585,-0.703326878689925,-0.8860600856137579,-0.6229259874203835,1.0564663887183237,1.055322312983741,-1.0849922028084464,1.3702649633914465,1.2459848964792615,-0.7784749181427094,1.339747651606935,1.177335569839366,0,14.958333333333346,0.8749999999999988,Cephalophus_niger,31
522,0.004239657777957481,0.9391631201463824,0.281030272289134,1.2838791656419073,0.481537813745316,-0.2690845587078766,-1.3188413423241427,0.5315179743667136,1.4474572541821624,1.4599003123052914,1.2225917518617522,1.0197808953198306,1.156954223564074,1.582253630958984,1.268665250804176,-1.2435346847487951,0.701970238239099,0.36912656298821606,1.351261281937653,-0.2667563513607774,-0.26024633285576193,-0.5931605499954418,1.2456766217860453,1.0181736366805996,1.3394185039327366,0.6507068203657149,0.790544479937201,-0.5075845534041307,0.49244812844679237,0.9666384805451991,-0.5325118806178323,-0.23951126784905258,2.261829133320982,0.22688121122223176,1.5392154633540664,-1.3345936325425136,0.9733609817185547,1.4060841817304188,-1.3071380659236698,0.904759377833645,1.1919731451154134,0,8.541666666666679,1.3749999999999991,Cephalophus_niger,108
523,1.6547523038955956,0.20400271643179482,1.3775637476105889,1.2788473955810051,0.2769041060080851,-0.31026325588024095,-1.3084189984940537,0.43986124813788263,1.4936778257316299,1.5049952867661103,1.2733798037079607,1.1512799282040087,1.156954223564074,1.6660619011470652,1.2711394016531934,-1.3629168438051518,0.703732852816528,0.45322110895460466,1.3828586008129276,-0.2855632921595088,0.2351517040364509,-0.4660794099214404,1.2794196919446499,1.0906336304343547,1.3688323257006674,0.5880779222221653,0.8351115918167901,-0.5706533922417305,0.5219725543451246,0.9130051007386212,-0.4565941036969022,-0.3243045554247516,2.184773904720211,0.16306696679945545,1.3456582032059363,-1.3120948904170238,1.0024027364751078,1.3810686684099254,-1.2492023784956192,0.9614969787605959,1.2017315286327783,0,9.541666666666675,-4.041666666666667,Cephalophus_niger,96
524,1.0321902298776469,0.48989842898746777,0.281030272289134,1.5451919816329711,0.9521951391591703,-0.8044081128374045,-0.9783783203754459,-0.11165330781771149,1.5250274307825726,1.5355814433569266,1.3795730030227602,1.3903690789025143,1.156954223564074,2.0852966982710948,1.1845432336328159,-0.99584563684252,1.0464774114061766,0.7387151150318766,1.4422615602984434,-0.31015698397323455,-0.17767999337372647,-0.496597979693216,1.2996655340398127,1.287310756337404,1.2903954676528524,0.03898269896360198,0.8975055484482147,-0.6652566504981302,1.8210472938717428,0.7621612200326209,-0.703326878689925,-0.26600917021645853,-0.6229259874203835,0.896930777661383,0.8617650528356108,-1.0673008842140441,1.2444173594463832,1.1459228431972883,-0.7277811916431653,1.103340981077973,1.0455973923549393,0,13.208333333333346,-4.458333333333333,Cephalophus_niger,52
525,-1.6369534622288566,0.08147598247936355,-1.1810143614728057,1.7837634145890844,1.0961964230358705,-1.113248587074533,-0.9123701980044114,-0.30962785696523304,1.6685121615926577,1.6755719292918165,1.4303610548689685,1.5696859419263933,1.156954223564074,2.1571045123077286,1.196040784293096,-0.9678556991317802,1.3114678947963818,1.0747047886206165,1.5231506966191461,-0.4852062021768116,-0.34281267233779744,-0.5975090015123116,1.4008947445156263,1.4736364545613454,1.3345162003047484,-0.3498990639277412,0.3983538953968172,-0.6652566504981302,2.1458159787533972,0.15878569720861993,-0.703326878689925,-0.6051823205192548,-0.6229259874203835,1.2798162441980407,0.9101543678726434,-1.0059581599573666,1.4573902276611057,1.1759414591818802,-0.6119098167870645,1.2830100506799842,1.1090268852178113,0,13.958333333333346,-0.20833333333333331,Cephalophus_niger,43
526,-0.8427415150873916,-0.00020850682225728276,-0.3586142549817146,0.6434467758742697,0.47736932737698395,1.625137352053851,-1.4056941523553552,4.3943338936529805,1.4020405186596425,1.4155895982698778,1.1671866043931614,1.1512799282040087,1.156954223564074,1.1063080915761778,0.8511113774942006,-1.4122607945994765,0.040375337052300245,-0.10844473098197215,1.3424140326525762,-0.21612227997957742,-1.4161750856042585,-0.6102440968762458,1.2186821656591615,0.914659359889521,1.3443208075607251,3.626307725185993,5.015506686122245,-0.4445157145665308,0.8467412392267791,5.180210881599472,-0.16241271812829808,0.9104976948963659,8.315480530269056,-1.208939288290235,1.490826148317034,-1.4117047059811585,0.615179339721067,1.5311617483328854,-1.7561396434910606,0.9142156446548035,1.1822147615980485,0,7.87500000000001,-12.625000000000002,Cephalophus_niger,116
527,-0.7094200881620023,-0.2452619747271198,0.37240806189925524,1.1276633560293006,1.1113545290010032,0.6368476534797988,-1.3917977160030484,1.1479252531663904,1.4301747796027964,1.443038713159072,1.3888071942675253,0.9719630651801294,1.156954223564074,1.91922861337698,1.300392832125191,-0.9827397242123882,0.5070955346966064,0.261532183165247,1.36010853122273,-0.5372869613117601,0.07001902507237993,-0.5953502826601242,1.2389280077543243,0.9250107875686288,1.3443208075607251,1.6760729667159235,4.650056368709614,-0.6652566504981302,2.234389256448394,3.9432910598102704,-0.703326878689925,-0.29780665305734566,-0.6036621802701908,-0.028375766468873437,1.1521009430578062,-1.3992054048003308,0.8475133777734914,1.3010190257843468,-1.2492023784956192,1.0466033801510222,1.1334228440112237,0,11.958333333333346,-15.958333333333336,Cephalophus_niger,67
528,1.0510679729420207,0.36737169503503647,0.281030272289134,1.4719524155703445,1.3110619751742163,0.12211343259617825,-1.16250628426796,0.5463266791522862,1.5005104319606815,1.5116615003820573,1.4211268636242034,1.1393254706690834,1.156954223564074,1.9956817938597566,1.5122988223178015,-0.8948176787756922,1.1757411930426596,0.6029599634165995,1.4460532385634763,-0.20020871468834314,0.4828507224825573,-0.20988329770630296,1.2861683059763709,1.2148507625836489,1.3492231111887136,1.2930171478379335,2.7247571355113664,-0.6652566504981302,1.5258030348884204,2.599104478407913,-0.703326878689925,-0.6369798033601419,-0.47844743379393784,0.705488044393054,0.9585436829096758,-1.1899863327273992,1.2347367745275322,1.2359786911510642,-0.8653784492847851,1.0276908465087053,1.1919731451154134,0,12.041666666666675,-13.041666666666668,Cephalophus_niger,66
529,-1.1251147242140018,0.8983208754955719,-0.44999204459183584,1.2868199322115264,0.5584648618060961,-0.33085266582752204,-1.3049449059718357,0.4432559528235236,1.551554019671832,1.5614620373953094,1.2964652818198736,1.2349611309484856,1.156954223564074,1.645158195145951,1.2961722741065593,-1.30734970948052,0.7344817806710965,0.43224599920429535,1.4372059892783995,-0.41287181448938304,-0.34281267233779744,-0.47252648720739543,1.3199113761349754,1.1630936241881096,1.3933438438406094,0.5604046881587363,0.8707652813204613,-0.5706533922417305,0.5514969802434568,0.84931546221831,-0.5040427142724835,-0.38259994063304475,2.0932708207567954,0.06734560016529101,1.3456582032059363,-1.303441528061066,1.0604862459882138,1.431099695050912,-1.2781702222096445,1.0087783128663883,1.2358858709435556,0,9.625000000000009,-2.7916666666666687,Cephalophus_niger,95
530,1.6475342348752922,-0.2452619747271198,-1.1810143614728057,1.718136816316275,1.1473550668077963,-1.277963621208386,-0.9019478873060401,-0.42032435721421,1.539898397281097,1.5500902612269292,1.3287849511765517,1.2588700460183362,1.156954223564074,1.8632919511903847,1.3567169061833597,-0.48194719336990344,1.5468845267169713,1.1551092278235464,1.41192813417818,-0.473632700146823,-0.4253790118198329,-0.6065018014100485,1.3131627621032544,1.3390678947329433,1.2511770386289451,-0.6004146565019399,-0.047317223399073446,-0.6652566504981302,2.5591579413300485,-0.19988753024786954,-0.703326878689925,-0.9231571489281263,-0.6229259874203835,1.343630488620817,0.8617650528356108,-0.9859592780680423,1.4283484729045526,1.1309135352049924,-0.5684580512160267,1.2262724497530333,1.0846309264243992,0,15.458333333333346,-5.875000000000001,Cephalophus_niger,25
531,1.5109465849741808,0.8983208754955719,0.1896524826790128,1.3670516464294096,0.7502140782820758,-0.33085266582752204,-1.2771520001355041,0.31292924617154855,1.4639358927345814,1.4759776510261051,1.2410601343512826,1.1871433008087844,1.156954223564074,1.6014154352944268,1.4220641579765998,-1.058014598268579,0.7393781315080915,0.3883538210126275,1.3209278558173896,-0.3304106125257145,-0.34281267233779744,-0.49732482939105577,1.259173849849487,1.1009850581134624,1.354125414816702,0.607012240265564,1.031206884086982,-0.6337222310793303,0.8762656651251114,1.053792722730888,-0.6274091017689949,0.08906272150678128,2.387043879797235,0.482138188913337,1.1521009430578062,-1.2774814409931932,1.079847415825916,1.2860097177920509,-1.053669433425949,0.9331281782971205,1.177335569839366,0,9.791666666666675,4.041666666666667,Cephalophus_niger,93
532,0.9913904561836937,-0.08189299612387813,-0.5413698342019571,1.5507466521377589,1.0139640812548176,-1.0514805413159865,-0.929740760010654,-0.28606181628680477,1.518194824553521,1.5289152297409794,1.3241678555541692,1.3186423336929625,1.156954223564074,1.8774212013747515,1.0282333517427795,-0.7211531689616529,1.2652463309411677,0.8731109251980702,1.414455919688202,-0.3810446839069145,-0.095113653891691,-0.24712851663801386,1.2996655340398127,1.3080136116956198,1.2658839495129104,-0.3193128578576356,0.4161807401486528,-0.6652566504981302,2.1753404046517297,0.24929202563222008,-0.703326878689925,-0.6740768666745103,-0.6229259874203835,0.9288378998727711,0.7649864227615457,-1.0292260898478305,1.3315426237160424,1.150925945861387,-0.6698455042151149,1.1506223151837656,1.021201433561527,0,14.541666666666675,-3.7916666666666674,Cephalophus_niger,36
533,0.2841026463966494,0.04063373782855314,0.37240806189925524,1.0574626751550544,-0.3502602515042897,1.4398330306949148,-1.4508576201979293,3.523373685557962,1.3791311918916458,1.3932381761458197,1.2641456124631956,0.9241452350404283,1.156954223564074,1.7185147600023174,0.934069049193754,-1.7724835100189174,0.3175086748864008,0.5058531384687852,1.3259834268374335,-0.20454877794958887,-1.2510424066401875,-0.4628940631951828,1.198436323563999,0.8421993661357658,1.3345162003047484,3.534549106975676,4.05285706952312,0.3753791903222672,0.31530157305679896,3.9432910598102704,0.7296211606926305,1.631240639289808,6.538394320663774,-0.3155398663713668,2.023108613724392,-1.4411261379914144,0.634540509558769,1.4411059003791094,-1.6113004249209346,0.8953031110124866,1.1578188028046361,0,6.12500000000001,-10.125000000000002,Cephalophus_niger,137
534,0.02477477314264446,0.6532674075907094,-0.44999204459183584,1.7104747892170773,1.052996008961178,-1.0514805413159865,-0.9401630707090253,-0.2923592111841882,1.4980989238798397,1.5093087191058407,1.3888071942675253,1.2230066734135603,1.156954223564074,2.0779416085657902,1.5085148660915735,-0.6476564073559382,1.441710707520633,0.9515734057099507,1.4043447776481142,-0.37381124513817166,-0.095113653891691,-0.6216807699435999,1.2794196919446499,1.287310756337404,1.2560793422569334,-0.2829007077741765,0.6657565666743516,-0.6652566504981302,2.470584663635052,0.3733192164349314,-0.6938371565748087,-0.7270726714093222,-0.6181100356328353,1.4393518552549815,0.8617650528356108,-1.028264605141613,1.3702649633914465,1.075879405899907,-0.5322482465734951,1.141166048362607,1.094389309941764,0,14.458333333333346,-5.791666666666668,Cephalophus_niger,37
535,-1.5672863831221844,0.6941096522415199,2.4740972229320435,1.707158300131714,0.9768270252129079,-1.0514805413159865,-1.0026971336895596,-0.25113089062433563,1.639172146609083,1.646946423764514,1.4395952461137338,1.4979591967168417,1.156954223564074,2.1625239588260525,1.2426134927844075,-1.0161212719153068,1.1914092766414126,0.9181686342201817,1.5395813024342888,-0.3130503594807317,0.2351517040364509,-0.5921208841405804,1.3806489024204638,1.4011764608075905,1.354125414816702,-0.25959693172076265,0.46074785202824187,-0.6652566504981302,1.968669423363404,0.2895170604871535,-0.703326878689925,-0.5044902915231121,-0.6229259874203835,1.1202806331411,0.9585436829096758,-1.0794155915123849,1.3896261332291484,1.2159662804946696,-0.720539230714659,1.1979036492895578,1.1090268852178113,0,13.458333333333346,0.458333333333331,Cephalophus_niger,49
536,1.0300218333541262,0.20400271643179482,0.37240806189925524,1.4464176433220037,0.9211211520332192,1.0074562808573968,-1.2771520001355041,1.3839301977028788,1.488050973542999,1.4995054637882714,1.2872310905751083,1.0556442679246063,1.156954223564074,1.7990323777049944,1.566148745526953,-0.9370665436005159,1.0944615898388197,0.5866457916020179,1.351261281937653,-0.24505603505454884,-0.012547314409655536,-0.2267581378439486,1.2726710779129289,1.132039341150786,1.3786369329566441,2.6927001970461015,5.496831494421807,-0.6652566504981302,1.5553274607867527,4.8148334816671605,-0.6463885459992275,-0.25541000926949614,7.790541785426304,0.6097666777588896,1.1037116280207735,-1.2834426461717419,1.166972680095575,1.2860097177920509,-0.9884917850693923,0.9804095124029129,1.2163691039088258,0,10.708333333333343,-13.541666666666668,Cephalophus_niger,82
537,-0.9384351790215004,-0.2452619747271198,-1.1810143614728057,1.76549859382107,1.4478633827830172,-1.4426785326200413,-0.7490868886403577,-0.5215747557332533,1.7151346511555985,1.7210590339653382,1.2872310905751083,1.6414126871359451,1.156954223564074,1.6381902931455796,1.1602381048588533,-0.11918928840410531,1.5715620273495923,1.6157840290836987,1.475122771928729,-0.473632700146823,-0.4253790118198329,-0.5975123447724394,1.4346378146742311,1.587502159031532,1.2756885567688871,-0.8392783610494317,-0.5642957212023066,-0.6652566504981302,2.4410602377367194,-0.6490670861279592,-0.703326878689925,-0.891359666087239,-0.6181100356328353,1.088373510929712,0.7165971077245131,-0.8236606596585256,1.612279586362722,1.210963177830571,-0.5467321684305078,1.538329254851263,1.1090268852178113,0,17.041666666666675,-6.458333333333332,Cephalophus_niger,6
538,0.2945477655747403,0.36737169503503647,0.1896524826790128,1.543770657657542,1.1867657375535876,-0.6808718985981136,-0.9471113220168965,-0.04823651578902119,1.5632096420625674,1.57283381356369,1.4072755767570557,1.509913654251767,1.156954223564074,2.0732962421196475,1.4452049412787558,-0.7969729032749553,1.1451877127861985,0.646658034643116,1.4953450560089045,-0.3318573002794631,0.31771804351848637,-0.5916874024618424,1.3266599901666962,1.3804736054493747,1.3247115930487714,0.2079350753508522,1.2986095553645163,-0.6652566504981302,1.9391449974650716,1.1275386199649327,-0.703326878689925,-0.334903716371714,-0.6229259874203835,0.8331165332386067,0.7649864227615457,-1.0384563430275187,1.3993067181479995,1.2009569725023737,-0.6915713870006338,1.103340981077973,1.1724563780806836,0,13.625000000000009,-9.875000000000002,Cephalophus_niger,47
539,-0.9709667888278269,-0.08189299612387813,-0.17585867576147213,1.648263197504566,1.111733561157258,-0.9279443270766954,-1.061757004752723,-0.17054385195583674,1.6331433764069785,1.6410644705739725,1.490383297959942,1.4620958241120658,1.156954223564074,2.1785888521974,1.547956263922832,-0.7617215228778166,1.246248465785664,0.7406573700694375,1.5661230502895194,-0.433125443041863,0.1525853645544154,-0.5446920997509187,1.3739002883887428,1.3908250331284826,1.3933438438406094,-0.10666590137023443,0.8172847470649545,-0.6652566504981302,2.1753404046517297,0.6683028053711096,-0.703326878689925,-0.6846760276214726,-0.6229259874203835,1.0245592665069356,1.0069329979467085,-1.1219132155271991,1.4089873030668505,1.2609942044715576,-0.7712329572142032,1.1506223151837656,1.2261274874261907,0,14.375000000000009,-12.375000000000002,Cephalophus_niger,38
540,0.6513869873516894,-0.20441973007630937,0.281030272289134,1.3517110396998007,0.9552268181755617,-0.0631908887627581,-1.152083940437871,0.4112277173727969,1.369083241554805,1.3834349208282504,1.3657217161556123,1.0436898103896812,1.156954223564074,1.9136154253373472,1.1627122557078706,-1.0630275646896372,0.9751865551735113,0.5330429309155685,1.351261281937653,-0.1336610780159089,1.2259477778208765,-0.43509285221112926,1.191687709532278,1.0699307750761389,1.2707862531408987,0.9638513110834632,2.305826283843229,-0.6337222310793303,1.5258030348884204,2.106347801434979,-0.6653679902294599,-0.5892835790988112,-0.531422903456968,0.6416737999702777,0.9585436829096758,-1.17960229790025,1.0604862459882138,1.1709383565177816,-0.9015882539273167,0.904759377833645,1.040718200596257,0,11.791666666666675,-11.458333333333336,Cephalophus_niger,69
541,-0.7598923218890365,0.8983208754955719,0.1896524826790128,1.2863787972832748,0.39741060029981257,-0.186727103002049,-1.3084189984940537,0.5528700812866189,1.5165871524996266,1.5273467088901682,1.2641456124631956,1.1512799282040087,1.156954223564074,1.5793503138473557,1.367486713164237,-1.1605510392754568,0.759747118345732,0.36621332860513045,1.3980253138730592,-0.3304106125257145,-0.34281267233779744,-0.18920272698207574,1.2929169200080917,1.1216879134716782,1.3737346293286556,0.7570302986094155,1.1738216421016667,-0.5391189728229305,0.5219725543451246,1.0035114291622214,-0.47557354792713474,-0.3137053944777892,2.314804602984012,0.13115984458806731,1.3456582032059363,-1.3082489515921538,1.0508056610693628,1.4110872843945175,-1.2564443394241256,0.9709532455817544,1.240765062702238,0,8.958333333333346,0.04166666666666666,Cephalophus_niger,103
542,0.41085179618597184,0.6941096522415199,0.281030272289134,1.473684249077097,0.7729510926713627,-0.45438888006681294,-1.2007215339343806,0.18727645180900315,1.4980989238798397,1.5093087191058407,1.4672978198480293,1.2349611309484856,1.156954223564074,2.1737500395676332,1.3634116150510092,-1.242152369655483,0.9142759388073122,0.6163604563283281,1.4447893458084655,-0.3506642410781945,-0.5905116907839039,-0.5360937042749174,1.2794196919446499,1.1837964795463254,1.354125414816702,0.5050582200318785,1.4857914252587903,-0.6337222310793303,1.3191320536000948,1.2716783281951107,-0.6558782681143437,-0.3878995211065259,-0.560318614182257,0.7373951666044422,1.055322312983741,-1.2219076249738208,1.1185697555013199,1.2159662804946696,-0.9233141367128356,1.0087783128663883,1.1285436522525414,0,11.125000000000009,-6.875000000000001,Cephalophus_niger,77
543,-0.6175199330840163,0.20400271643179482,0.281030272289134,0.8307193220337513,-0.5351883347518009,0.3074177539551146,-1.3987459341792017,1.462155694517142,1.481620285327421,1.493231380385027,1.2272088474841347,1.163234385738934,1.156954223564074,1.3256029677288836,0.8922991824950735,-1.4992421124064437,0.21037649466498756,0.5062413523990881,1.4030808848931031,-0.3361973635407088,-1.1684760671581522,-0.488866190503748,1.2726710779129289,0.9974707813223839,1.3737346293286556,1.0235672372203362,1.7175404070326534,-0.09763710095973166,0.1676794435651378,1.1442990511544882,0.48288838569960774,0.5130291593852766,0.5762460076791156,-0.9536823105991298,1.6359940934281316,-1.3970901384466523,0.7023046039907261,1.5411679536610827,-1.7054459169915164,1.160078582004924,1.2212482956675081,0,5.62500000000001,-4.958333333333333,Cephalophus_niger,143
544,-0.8235815302238819,0.8983208754955719,0.1896524826790128,1.449995383201223,1.026090508203559,-0.4132101215333497,-1.221566188462841,0.22250248105659512,1.4884528915564725,1.4998975940009742,1.2595285168408128,1.2827789610881868,1.156954223564074,1.7136759473725507,1.378838803919113,-1.1329739826924716,0.8482732251564721,0.5009977972213945,1.346205710917609,-0.3304106125257145,-0.34281267233779744,-0.4925000281167937,1.2726710779129289,1.1837964795463254,1.3639300220726789,0.5487528001320294,1.3966572014996121,-0.6652566504981302,1.2896076277017625,1.2649741557192884,-0.6843474344596925,-0.1547179802733535,2.6904488424127706,0.6735809221816659,1.1037116280207735,-1.2151772320302983,1.1766532650144261,1.2659973071356563,-0.9522819804268607,0.9520407119394375,1.1578188028046361,0,10.708333333333343,3.1249999999999987,Cephalophus_niger,82
545,0.6420784724237218,0.04063373782855314,0.37240806189925524,1.2404550957132092,-0.1759426111389121,0.7192051245259011,-1.4439094020217758,1.531919052862258,1.288297720846606,1.304616748074993,1.2179746562393696,0.7687372870863998,1.156954223564074,1.7740642344839797,1.1819234008022028,-1.488527927658981,0.5531210532546362,0.635199204075925,1.2223442209265334,-0.20454877794958887,-1.2510424066401875,-0.5249959393760169,1.1376987972785106,0.7076308063073636,1.295297771280841,1.9076542412467234,2.3860470852264895,-0.034568262122131814,-0.06851596362152004,1.7242099703131113,0.42595005300891015,1.657738541657214,3.273179008706102,0.32260257785639623,1.8779406686132945,-1.4561252994084077,0.7119851889095772,1.3260345391048403,-1.386799636137239,0.8669343105490112,1.1090268852178113,0,6.958333333333344,-9.458333333333334,Cephalophus_niger,127
546,-1.6710624898160333,1.0208476094480032,-1.272392151082927,1.7266815121281494,1.2049555225351116,-1.2985529697945681,-0.8185691366653277,-0.44084011835290005,1.6849908001450764,1.6916492680126303,1.3564875249108472,1.6653216022057955,1.156954223564074,1.861550049524713,1.3305196882581873,-0.6273118770771637,1.2554536292671779,1.230852432744237,1.4827061284587948,-0.5372869613117601,-0.012547314409655536,-0.47425001484256435,1.4143919725790683,1.5253935929568847,1.2903954676528524,-0.6455657226054292,-0.163191714286005,-0.6652566504981302,2.4410602377367194,-0.270281341244003,-0.6938371565748087,-0.6422793838336232,-0.6132940838452872,1.1202806331411,0.7165971077245131,-0.8963489034485699,1.5154737371742117,1.165935253853683,-0.553974129359014,1.4532228534608367,1.1236644604938588,0,16.291666666666675,-11.041666666666668,Cephalophus_niger,15
547,-1.435262218377952,1.0616898540988136,-1.0896365718626844,1.6193951842115613,1.085207092555894,-0.5367463357726405,-1.1034463800730792,0.07633394432307689,1.480414531287,1.4920549897469186,1.4534465329808814,1.2230066734135603,1.156954223564074,2.1375558156050376,1.3379421408052397,-0.899893659104666,1.3050046758296039,0.6969592988429211,1.4372059892783995,-0.402745000213143,0.9782487593747701,-0.41246836770934986,1.265922463881208,1.2252021902627568,1.3149069857927946,0.44534229389500557,1.7086269846567357,-0.6652566504981302,1.9391449974650716,1.513028537324711,-0.703326878689925,-0.8489630222993896,-0.5892143249075462,1.2160019997752645,1.055322312983741,-1.1328741411780787,1.2540979443652343,1.1559290485254856,-0.7350231525716716,0.9898657792240714,1.0846309264243992,0,12.791666666666675,-8.708333333333334,Cephalophus_niger,57
548,-0.5077669802014987,0.8983208754955719,0.1896524826790128,1.3248855688729588,0.5865071699156559,-0.2896739072940588,-1.2979966877956823,0.37526366641435716,1.4518783523303724,1.4642137446450219,1.2318259431065173,1.0078264377849053,1.156954223564074,1.5683178269582414,1.3964492238254265,-1.0759557780994466,0.8523859925038063,0.35514315648800987,1.3158722847973456,-0.3304106125257145,-0.34281267233779744,-0.44797501311247095,1.2524252358177663,1.0699307750761389,1.3443208075607251,0.6405114183423464,1.0579471512147354,-0.5706533922417305,0.6991191097351179,0.9398217906419101,-0.5704707690782973,-0.49389113057614975,2.2233015190205965,0.3545097000677844,1.2004902580948387,-1.298826401471222,1.0314444912316607,1.3060221284484455,-1.1188470817825058,0.9142156446548035,1.1870939533567308,0,9.375000000000009,4.208333333333331,Cephalophus_niger,98
549,0.4616629570839766,0.24484496108260523,0.1896524826790128,1.4639146659554028,0.7521089499465264,-0.4132101215333497,-1.221566188462841,0.20602104717315758,1.4832279573813154,1.4947999012358382,1.4626807242256468,1.1990977583437097,1.156954223564074,2.178782593718709,1.3722895549568679,-1.2561761148621347,0.8854853719778186,0.6140299873604643,1.4321504182583558,-0.3130503594807317,-0.8382107092300103,-0.6223393263079683,1.2726710779129289,1.1527421965090017,1.3492231111887136,0.5341879400986458,1.548185381890215,-0.6337222310793303,1.348656479498427,1.3152554492879551,-0.6653679902294599,-0.3561020382656388,-0.5555026623947089,0.705488044393054,1.055322312983741,-1.2363298955670836,1.1088891705824688,1.2159662804946696,-0.9305560976413418,0.9993220460452299,1.1285436522525414,0,10.875000000000009,-7.041666666666668,Cephalophus_niger,80
550,0.9118942586905362,1.2250588327020553,0.09827469306889156,1.3026995930600611,0.508822057542366,-0.2896739072940588,-1.3014707803179002,0.49107684693675113,1.5837074607497224,1.5928324544115313,1.3010823774422562,1.2588700460183362,1.156954223564074,1.6182544087379556,1.367486713164237,-1.198228665173712,0.776198785434146,0.40525031372266346,1.4612199516236082,-0.3318573002794631,-0.26024633285576193,-0.5597158841216435,1.3401572182301382,1.204499334904541,1.4031484510965864,0.6361419603323313,1.0579471512147354,-0.5706533922417305,0.5810214061417891,0.8828363245974211,-0.5514913248480648,-0.3508024577921576,2.141430338632277,0.06734560016529101,1.3456582032059363,-1.300749370883657,1.1088891705824688,1.4561152083714053,-1.2781702222096445,1.0276908465087053,1.2749194050130153,0,9.041666666666675,-0.6250000000000012,Cephalophus_niger,102
551,-0.8011620377248675,0.36737169503503647,-0.08448088615135091,0.8914772824207536,-0.9167922574353399,1.1721712536301507,-1.4126423870973674,2.5796983325579106,1.3670736514874369,1.3814742697647366,1.2041233693722218,0.99587198024998,1.156954223564074,1.3730234201019025,0.963468161647347,-1.4904035016203667,0.2834299654750819,0.35592002886838303,1.3171361775523567,-0.3419841145557031,-0.8382107092300103,-0.517870691433615,1.191687709532278,0.8836050768521974,1.3394185039327366,2.437815146461888,1.6908001399049,1.4160150311426647,-0.5704312038931679,1.6906891079340003,2.010733646233326,1.689536024498101,2.1944058082953073,-0.6665182106966364,1.684383408465164,-1.4026667497427139,0.6635822643153221,1.4661214136996028,-1.6257843467779471,0.9993220460452299,1.1529396110459535,0,5.458333333333344,-7.708333333333332,Cephalophus_niger,145
552,-0.9007134012671769,0.3265294503842261,0.281030272289134,1.4010982088552844,0.6334970382024255,-0.3514420144137042,-1.2458850017769547,0.3439242812554359,1.4313805336432173,1.4442151037971804,1.2179746562393696,0.9719630651801294,1.156954223564074,1.6585133652581365,1.3524961260885364,-1.1338458151162127,0.9152552687446188,0.44564678846253564,1.3323028906124885,-0.25373616157704026,-0.012547314409655536,-0.35196573891009636,1.2321793937226035,1.0699307750761389,1.3149069857927946,0.5895344082255036,1.164908219725749,-0.6652566504981302,1.1419854982101014,1.2951429318604886,-0.6653679902294599,-0.6369798033601419,2.7337924085007046,0.6097666777588896,1.3940475182429688,-1.2638283581649046,1.079847415825916,1.331037641768939,-1.1188470817825058,0.8574780437278526,1.1968523368740958,0,10.375000000000009,1.708333333333331,Cephalophus_niger,86
553,0.49625854645711065,-1.7564250268071053,0.646541430729619,0.7629528603883652,-0.39535539268502073,0.6780263966729873,-1.3744271539968058,1.7987715182255066,1.4490649262360569,1.4614688331561023,1.1948891781274567,1.1512799282040087,1.156954223564074,1.2419882913932692,0.8598438574946552,-1.5078341987816635,0.1347768257878035,0.43341123368822726,1.3689557805078068,2.2172065218255184,-1.333608746122223,-0.5077438073192796,1.2456766217860453,0.9560650706059524,1.3492231111887136,1.3760368500282203,2.46626788660975,0.06003499613426795,0.28577714715846675,1.5867744345587556,0.6537033837717005,0.6296199298018628,0.7544362238183987,-1.0494036772332942,1.490826148317034,-1.3830524617358766,0.653901679396471,1.5111493376764906,-1.6982039560630102,1.1222535147202901,1.2114899121501432,0,5.541666666666676,-4.208333333333333,Cephalophus_niger,144
554,-1.0750377080097602,-0.0410507514730677,0.281030272289134,1.3421865536969226,0.6463815294636767,-0.4749782286529951,-1.2875743439655933,0.2841973725683781,1.539898397281097,1.5500902612269292,1.2872310905751083,1.1871433008087844,1.156954223564074,1.6823202407020368,1.3133458701442775,-1.2610628434210014,0.8153695921301058,0.46953498442267466,1.418247597953235,-0.237822596285806,0.4828507224825573,-0.45366101080391535,1.3131627621032544,1.1630936241881096,1.3835392365846326,0.3958217697815012,1.1025142630943243,-0.6337222310793303,0.9943633687184403,0.9029488420248878,-0.6274091017689949,-0.6210810619396984,2.1703260493575662,0.2587883334336199,1.2972688881689038,-1.285750209466664,1.089528000744767,1.3960779764022215,-1.2057506129245814,0.9898657792240714,1.2261274874261907,0,10.458333333333343,-2.458333333333333,Cephalophus_niger,85
555,1.6330720255138416,0.08147598247936355,0.1896524826790128,1.2192985676849564,-0.23960642489901007,0.8839200666181058,-1.4578058383740828,1.8894934619964516,1.329293358220916,1.344614029770676,1.2502943255960477,0.7448283720165492,1.156954223564074,1.7827740381500228,1.1445197741037496,-1.577029210940329,0.58915812369103,0.6369473521483345,1.2754277166369945,-0.2031020901958403,-1.1684760671581522,-0.4987019982118124,1.1646932534053942,0.7697393723820108,1.3149069857927946,2.1654522638376137,2.573228955120763,0.12310383497186779,-0.06851596362152004,1.9320393170636005,0.5398267183903053,1.742531829232913,3.5187925498710593,0.16306696679945545,2.023108613724392,-1.4518947667010507,0.7216657738284282,1.386071771074024,-1.4664612063508085,0.8953031110124866,1.1236644604938588,0,6.541666666666676,-9.375000000000002,Cephalophus_niger,132
556,0.24656099776815638,0.7349518968923303,1.0120525891701038,0.8389696619893422,0.14389215261136143,1.0898137365632241,-1.409168278009291,2.6269290195008925,1.4534860243842669,1.465782265495833,1.2225917518617522,1.1393254706690834,1.156954223564074,1.2729568103588498,0.9449845381562265,-1.4964488458994445,0.1759062923583767,0.05877323343202464,1.3891780645879823,-0.29858348194324597,0.4002843830005218,-0.5248818234158383,1.2524252358177663,0.9664164982850603,1.354125414816702,2.1552568618142454,2.2790860167154756,-0.19224035921613142,0.1676794435651378,2.116404060148712,0.1412583895554223,0.6720165735897123,3.9137005964500107,-0.8898680661763535,1.7327727235021968,-1.3903597455031296,0.6926240190718751,1.5411679536610827,-1.7126878779200227,0.9331281782971205,1.2114899121501432,0,6.208333333333344,5.208333333333331,Cephalophus_niger,136
557,-0.369410430683131,0.24484496108260523,0.1896524826790128,1.6876845463008332,1.1992711966585838,-1.2985529697945681,-1.0026971336895596,-0.4193403845695646,1.6685121615926577,1.6755719292918165,1.4072755767570557,1.4740502816469911,1.156954223564074,2.0154242320837565,1.396158081938427,-0.9992067986907465,1.22255029509035,1.0993700051343847,1.5446368734543328,-0.3130503594807317,0.5654170619645927,-0.5666549122303568,1.4008947445156263,1.4011764608075905,1.3492231111887136,-0.6455657226054292,-0.0829709129027447,-0.6652566504981302,2.588682367228381,-0.28368968619564744,-0.703326878689925,-0.9231571489281263,-0.6229259874203835,1.0245592665069356,1.0069329979467085,-1.080953967042333,1.3605843784725955,1.2459848964792615,-0.7857168790712158,1.339747651606935,1.167577186322001,0,15.041666666666675,1.0416666666666667,Cephalophus_niger,30
558,-0.7540522801833376,0.36737169503503647,0.1896524826790128,1.545845507473785,1.003353493814272,-0.6602825500119315,-1.1347133784316286,0.02802107327138519,1.555975117820042,1.5657754697350401,1.4626807242256468,1.3186423336929625,1.156954223564074,2.2273641662,1.2913694323139284,-1.2174717823575723,1.045302335021224,0.7058929607840734,1.4940811632538935,-0.3318573002794631,0.31771804351848637,-0.5312806325365537,1.3199113761349754,1.2666079009791882,1.3688323257006674,0.23123885140426603,1.0668605735906531,-0.6652566504981302,1.4962786089900881,0.9331176181660878,-0.6558782681143437,-0.5309881938905181,-0.5988462284826426,0.8331165332386067,1.055322312983741,-1.177294734605328,1.2250561896086811,1.2409817938151628,-0.8798623711417978,1.0749721806144976,1.1236644604938588,0,12.125000000000009,-4.041666666666667,Cephalophus_niger,65
559,-0.3917172108051638,0.6532674075907094,0.281030272289134,1.5669202699864035,1.2413348033813356,-0.7632294156650402,-1.0652311304066584,-0.06152011834015906,1.56682690418383,1.576362985478015,1.458063628603264,1.3903690789025143,1.156954223564074,2.1212974760500662,1.4877027737330308,-0.8444814689780539,1.1281485075053084,0.6656908893558644,1.5117756618240472,-0.3304106125257145,-0.5905116907839039,-0.398744165045779,1.3334086041984172,1.3080136116956198,1.354125414816702,0.11471997113719691,1.218388753981256,-0.6652566504981302,2.0867671269567327,0.9833989117347546,-0.703326878689925,-0.3984986820534883,-0.6229259874203835,0.9288378998727711,0.9585436829096758,-1.139796831062845,1.3121814538783403,1.2209693831587682,-0.7857168790712158,1.103340981077973,1.1822147615980485,0,14.208333333333346,-10.125000000000002,Cephalophus_niger,40
560,1.1339655560919422,1.0616898540988136,-0.3586142549817146,1.453736654111711,0.8616258246414532,-0.22790580017441334,-1.1034463800730792,0.23632730703610824,1.4699646629366858,1.4818596042166465,1.4165097680018208,1.1871433008087844,1.156954223564074,1.944777390486552,1.5130265659972046,-0.7141154956638083,1.2438983130157588,0.5192536313805137,1.414455919688202,-0.37815130839941735,-0.4253790118198329,-0.5701590548290805,1.265922463881208,1.1837964795463254,1.3051023785368177,0.7861600186761828,2.1899517929562973,-0.6652566504981302,1.850571719770075,2.0359539904388453,-0.703326878689925,-0.9337563098750886,-0.5506867106071607,0.7693022888158303,0.8133757377985782,-1.1472964117713416,1.2347367745275322,1.150925945861387,-0.742265113500178,1.0371471133298638,1.1480604192872712,0,12.625000000000009,-13.958333333333336,Cephalophus_niger,59
561,-1.342986794287819,-0.00020850682225728276,0.646541430729619,1.0809391501183663,-0.1600267299780936,0.38977523267135433,-1.4161164961854442,0.9459164518344851,1.1633012186563079,1.1826642519244306,1.1441011262812484,0.6013748815974458,1.156954223564074,1.5270911965134124,1.050937533252532,-1.4278273303182654,0.44990589393291125,0.31377570240261304,1.0934271599154137,-0.14234120453840032,-1.333608746122223,-0.05177909308663711,1.0499668148661387,0.67657652327004,1.2315678241169914,1.3323422699280694,1.6551464504012288,-0.22377477863493134,0.13815501766680557,1.5029722786109776,0.08432005686472473,0.41763671086261517,3.032381419328692,0.19497408901084362,1.3940475182429688,-1.4024744528014703,0.634540509558769,1.195953869838275,-1.2564443394241256,0.6967215077681586,1.011443050044162,0,7.708333333333344,-7.625000000000001,Cephalophus_niger,118
562,-0.9943669185085829,0.8983208754955719,0.1896524826790128,1.397422350357304,0.9067208212637723,-0.3514420144137042,-1.2458850017769547,0.27411167642040873,1.4442419100743735,1.456763270603669,1.2364430387289,1.1990977583437097,1.156954223564074,1.6439969273688366,1.390627496466393,-1.1017776873006182,0.782466257953278,0.4310807647203635,1.3120806065323127,-0.3304106125257145,-0.34281267233779744,-0.49361265139145977,1.2456766217860453,1.1113364857925703,1.3394185039327366,0.590990894228842,1.2718692882367628,-0.6652566504981302,1.1124610723117692,1.2146928621506217,-0.6748577123445763,-0.027528048909804922,2.618209565599548,0.6097666777588896,1.1521009430578062,-1.2451755548642847,1.099208585663618,1.2609942044715576,-1.002975706926405,0.904759377833645,1.1480604192872712,0,10.375000000000009,3.624999999999999,Cephalophus_niger,86
563,0.2584370111058962,0.7349518968923303,0.1896524826790128,1.442006493467575,0.944615941618192,-0.6602825500119315,-1.2180920959406232,0.09256944604043393,1.5784825265745652,1.5877347616463953,1.2964652818198736,1.3305967912278878,1.156954223564074,1.77503205607747,1.2858388468418942,-1.188179767262933,0.9313151440882024,0.5625634886767273,1.4511088095835203,-0.2768831656370174,0.07001902507237993,-0.5789537610614385,1.3401572182301382,1.2666079009791882,1.3933438438406094,0.1875442713041151,1.0044666169592285,-0.6337222310793303,1.3191320536000948,0.7789216512221765,-0.6274091017689949,-0.4090978430004507,1.9921358332182832,0.45023106670194885,1.2004902580948387,-1.2322916598009699,1.21537560468983,1.3810686684099254,-1.0898792380684805,1.0087783128663883,1.2163691039088258,0,11.375000000000009,-0.7083333333333334,Cephalophus_niger,74
564,-0.6656993389835022,0.08147598247936355,0.4637858515093765,1.0328426795413834,0.9753111857047122,1.3780649235752693,-1.3987459341792017,2.6447388324071612,1.4434380740474262,1.4559790101782635,1.213357560616987,1.0556442679246063,1.156954223564074,1.3962496616572457,1.2557122127850895,-1.1606198644659915,0.48398460334423016,0.18248723358465638,1.3348306761225104,-0.14089451678465176,-1.333608746122223,-0.6167252683229996,1.2456766217860453,0.9664164982850603,1.3688323257006674,3.209752728231221,4.587662412078189,-0.5391189728229305,0.8762656651251114,4.556722841348004,-0.39016604889108836,0.6190207688549004,7.419713497785093,-0.41126123300553125,1.3456582032059363,-1.4032436405664444,0.8475133777734914,1.4411059003791094,-1.4519772844937957,0.9614969787605959,1.2114899121501432,0,8.375000000000009,-12.041666666666668,Cephalophus_niger,110
565,0.4894081093953736,0.36737169503503647,0.1896524826790128,1.511945923547965,1.112112593313513,-0.5985143815311871,-1.2041956264565985,0.09852241579191463,1.6287222782587687,1.636751038234242,1.5227029673166204,1.4142779939723646,1.156954223564074,2.1058132165672756,1.5268528076010983,-0.8517312890992149,1.2303843368897265,0.550910551144385,1.5673869430445302,-0.32896392477196595,0.2351517040364509,-0.2305835904858855,1.3739002883887428,1.3390678947329433,1.4325622728645169,0.322997469614583,1.503618270010626,-0.6652566504981302,1.9391449974650716,1.2917908456225773,-0.703326878689925,-0.891359666087239,-0.6084781320577389,0.6416737999702777,1.055322312983741,-1.2176770922664637,1.3121814538783403,1.331037641768939,-0.9450400194983545,1.1222535147202901,1.2749194050130153,0,13.375000000000009,-11.375000000000002,Cephalophus_niger,50
566,0.7699256461752522,0.8983208754955719,0.1896524826790128,1.200657824973111,0.037406812374413886,-0.14554834446858572,-1.3674789192547936,0.7072056529041612,1.5189986605804684,1.529699490166385,1.2872310905751083,1.1154165555992328,1.156954223564074,1.6354805698864177,1.219181567595252,-1.350831756483255,0.6418429065130222,0.5476089546577407,1.4220392762182679,-0.31883711049572594,-0.26024633285576193,-0.5513375813050588,1.2929169200080917,1.0802822027552468,1.3933438438406094,0.7410089525726935,0.7281505233057762,-0.4760501339853307,0.13815501766680557,0.5409235283304872,-0.37118660466085585,0.09436230198026248,1.5057247026759162,-0.15600425531442605,1.490826148317034,-1.3643996584352567,0.9636803967997036,1.4761276190278,-1.4157674798512643,1.0844284474356563,1.240765062702238,0,7.708333333333344,-1.125000000000001,Cephalophus_niger,118
567,-0.0999909811624788,0.5715829182890886,0.281030272289134,1.0882093010267797,-0.3203230717302793,-0.1661376930547679,-1.384849481261036,0.8204111717290667,1.469562744923212,1.4814674740039437,1.2549114212184302,1.031735352854756,1.156954223564074,1.5712211440698698,1.0244493955165512,-1.5303523588062653,0.43874236942632266,0.6823932751007489,1.4056086704031252,-0.32896392477196595,-0.34281267233779744,-0.4508492483286046,1.265922463881208,1.0078222090014917,1.3688323257006674,0.6521633063690533,0.44292100727640626,-0.12917152037853158,-0.2161380931131812,0.46717763109644267,0.0653406126344922,0.3752400670747656,1.0385773792837418,-0.34744698858275497,1.7811620385392293,-1.3790142259697629,0.8475133777734914,1.5111493376764906,-1.553364737492884,1.1222535147202901,1.2066107203914607,0,6.87500000000001,1.124999999999999,Cephalophus_niger,128
568,0.8736760724534781,0.1631604717809844,0.9206747995599827,0.9822954372043269,-0.38588161259641585,0.16329219112964155,-1.4265388400155334,1.1190457902352242,1.383150372026382,1.3971594782728474,1.2179746562393696,0.9241452350404283,1.156954223564074,1.4514120961028172,1.0355103443844278,-1.4544637993024283,0.36921412777108625,0.3328087052886172,1.3171361775523567,-0.30292354520449166,-0.6730780302659393,-0.4209973153326887,1.2051849375957198,0.8939565045313052,1.3345162003047484,0.96676428309014,0.8618518589445435,-0.06610268154093174,-0.27518694490984563,0.6180215118024429,0.33105283185774753,0.634919510275344,1.4816449437381753,-0.4750754774283075,1.684383408465164,-1.4159352386885156,0.7119851889095772,1.4511121057073066,-1.5678486593498966,0.9331281782971205,1.167577186322001,0,6.458333333333344,-6.458333333333332,Cephalophus_niger,133
569,-0.8460382862774358,0.28568720573341566,0.1896524826790128,1.2359787328743599,-0.15434240410156586,-0.3514420144137042,-1.36053070107864,0.5329938676466716,1.5049315301088912,1.515974932721788,1.2779968993303432,1.1034620980643075,1.156954223564074,1.6457388290345083,1.1306935324998562,-1.3969293007572134,0.6488936636722765,0.8810737559669538,1.409400348668158,-0.29424341868200027,-0.17767999337372647,-0.43299196417750985,1.2861683059763709,1.059579347397031,1.3786369329566441,0.5239925380752772,0.6033626100429269,-0.4760501339853307,0.04958173997180889,0.32639000910417576,-0.31424827197015825,0.1420585262415932,1.3130866311739886,-0.028375766468873437,1.5876047783910991,-1.361515204316604,0.9539998118808526,1.461118311035504,-1.4012835579942517,1.1884473824683994,1.2066107203914607,0,8.041666666666679,-4.041666666666667,Cephalophus_niger,114
570,-0.20688260658238006,0.04063373782855314,0.281030272289134,1.1955769956028284,0.0446069777591373,-0.10436958593512242,-1.3917977160030484,0.6715858769498866,1.3755139297703831,1.3897090042314948,1.2225917518617522,0.8763274049007272,1.156954223564074,1.6095446050719127,1.2481440782564415,-1.4162527956813928,0.5727064566026161,0.48934485968905206,1.2766916093920053,-0.2913500431745031,-0.6730780302659393,-0.6014937933938882,1.198436323563999,0.9043079322104131,1.3198092894207831,0.7934424486928746,1.075773995966571,-0.3183780368913311,0.13815501766680557,0.90965301450071,-0.04853605274690294,0.020168175351525798,2.1029027243318916,0.09925272237667916,1.5392154633540664,-1.3838216495008504,0.8087910380980874,1.3460469497612348,-1.3433478705662012,0.904759377833645,1.1529396110459535,0,8.125000000000009,-6.625000000000001,Cephalophus_niger,113
571,-0.5691767913892305,0.5307406736382781,0.281030272289134,1.2722307705134057,0.4603163497474007,-0.3514420144137042,-1.2979966877956823,0.46067216916484705,1.570042248291619,1.5795000271796371,1.2964652818198736,1.2588700460183362,1.156954223564074,1.6327708466272557,1.3097073738234533,-1.27225887451766,0.7358529023532335,0.4198163374648356,1.465011629888641,-0.32896392477196595,-0.34281267233779744,-0.4584826424621382,1.3334086041984172,1.1837964795463254,1.3982461474685979,0.5327314540953074,0.8351115918167901,-0.6337222310793303,0.49244812844679237,0.6414861154678207,-0.5799604911934136,-0.29780665305734566,1.7946818099288075,0.003531355742514714,1.3940475182429688,-1.3065182791209622,1.079847415825916,1.4711245163637015,-1.3216219877806823,1.0182345796875467,1.2651610214956504,0,8.958333333333346,-1.541666666666669,Cephalophus_niger,103
572,0.1667574747050512,0.8983208754955719,0.1896524826790128,1.1195601940018516,0.3746735859105256,-0.14554834446858572,-1.3188413423241427,0.6459535293763655,1.3903848962689074,1.4042178221014974,1.190272082505074,0.99587198024998,1.156954223564074,1.4516056899552838,1.213505522217814,-1.2443434332491672,0.5783863909292718,0.33941189826190576,1.3133444992873238,-0.3304106125257145,-0.34281267233779744,-0.4035467007456419,1.2051849375957198,0.9560650706059524,1.3100046821648061,0.6944014004658658,0.790544479937201,-0.41298129514773085,0.1676794435651378,0.5442756145683983,-0.3332277162003908,-0.022228468436323732,1.5298044616136572,-0.09219001089164974,1.490826148317034,-1.3392087591323578,0.8475133777734914,1.3960779764022215,-1.386799636137239,0.8858468441913281,1.177335569839366,0,8.125000000000009,3.9583333333333313,Cephalophus_niger,113
573,-0.6843338813933375,0.08147598247936355,0.281030272289134,1.324477140150961,0.2931988747667465,-0.14554834446858572,-1.3118931241479892,0.4449286819213885,1.3879733881880656,1.4018650408252809,1.4165097680018208,0.9241452350404283,1.156954223564074,2.0994259484554614,1.3248436428807493,-1.3451706570115567,0.769344073572076,0.5093488419205809,1.351261281937653,-0.2826699166520117,-0.6730780302659393,-0.49099061587128845,1.2051849375957198,0.9767679259641681,1.3296138966767599,0.8356805427896872,1.503618270010626,-0.4760501339853307,0.8762656651251114,1.4795076749456,-0.47557354792713474,-0.557486096257924,-0.43028791591845594,0.482138188913337,1.1521009430578062,-1.3101719210045888,0.9539998118808526,1.2209693831587682,-1.053669433425949,0.904759377833645,1.113906076976494,0,9.791666666666675,-6.875000000000001,Cephalophus_niger,93
574,-0.7308631570260782,0.612425162939899,0.09827469306889156,1.539016491493623,0.8172883140979961,-0.742640067078858,-1.1069205057270146,-0.025113261862297523,1.5628077240490936,1.572441683350987,1.4395952461137338,1.3305967912278878,1.156954223564074,2.1677499591607523,1.1806135954249921,-1.1718388606313128,1.0711549120387975,0.7103600881011612,1.4940811632538935,-0.37381124513817166,-0.095113653891691,-0.46531417265156977,1.3266599901666962,1.287310756337404,1.3639300220726789,0.13511077518393402,0.9420726603278038,-0.6652566504981302,1.6143763125834172,0.822498772315021,-0.6748577123445763,-0.6422793838336232,-0.6084781320577389,0.8012094110272184,1.0069329979467085,-1.1544113985973512,1.2444173594463832,1.2409817938151628,-0.8653784492847851,1.0844284474356563,1.1236644604938588,0,12.458333333333346,-4.041666666666667,Cephalophus_niger,61
575,-0.9108230826177435,0.8166363861939511,0.1896524826790128,1.7747616296020052,1.062469789049783,-1.0926592384883507,-0.915844323658347,-0.2957047069153524,1.6524354410537125,1.6598867207837056,1.425743959246586,1.5457770268565427,1.156954223564074,2.158459521606152,1.2005524841987274,-0.9575200179245313,1.3003043702897934,1.0449901238943062,1.5130395545790583,-0.3578976798469374,-0.6730780302659393,-0.5405235557382643,1.3941461304839056,1.4529335992031298,1.3296138966767599,-0.3149433998476205,0.46074785202824187,-0.6652566504981302,2.116291552855065,0.21912324949102002,-0.703326878689925,-0.5786844181518488,-0.6229259874203835,1.2798162441980407,0.9101543678726434,-1.0121116620771589,1.4477096427422547,1.165935253853683,-0.6046678558585581,1.2640975170376672,1.104147693459129,0,13.875000000000009,-0.04166666666666904,Cephalophus_niger,44
576,-0.5989635388000438,0.04063373782855314,0.281030272289134,1.1812819903329044,-0.36958669927934246,-0.1661376930547679,-1.3883235903491127,0.6929379838697919,1.395207912430591,1.4089233846539306,1.2272088474841347,0.912190777505503,1.156954223564074,1.6147706054066124,1.1062427217442978,-1.4420059497074833,0.5586049422841075,0.4978903076999016,1.3082889282672798,-0.2913500431745031,-0.6730780302659393,-0.5519145150121781,1.2119335516274408,0.914659359889521,1.3296138966767599,0.7235311205326331,1.0490337288388176,-0.2868436174725312,0.04958173997180889,0.7252882714155986,-0.06751549697713546,0.2003539114498863,1.7994977617163557,0.003531355742514714,1.6359940934281316,-1.387475291384477,0.8087910380980874,1.3910748737381227,-1.408525518922758,0.9236719114759621,1.1529396110459535,0,7.791666666666676,-6.291666666666668,Cephalophus_niger,117
577,-1.1135607838600203,1.0616898540988136,-0.3586142549817146,1.4294758284825702,1.4751476265800672,-0.0631908887627581,-1.127765160255475,0.3572570927610505,1.4562994504785822,1.4685271769847523,1.3703388117779949,1.0197808953198306,1.156954223564074,2.126523181047081,1.5025476788271357,-0.7220364839197253,1.216478569018864,0.5118737142001079,1.3803308153029055,-0.37815130839941735,-0.4253790118198329,-0.5779702947489891,1.2524252358177663,1.1527421965090017,1.3002000749088294,1.014828321200306,2.5375752656170922,-0.6652566504981302,1.7619984420750783,2.3376417518508457,-0.703326878689925,-0.8754609246667955,-0.6084781320577389,0.705488044393054,0.8133757377985782,-1.1655646211894743,1.21537560468983,1.1609321511895843,-0.7712329572142032,1.0276908465087053,1.1480604192872712,0,12.375000000000009,-13.875000000000002,Cephalophus_niger,62
578,0.7002348987861471,0.9391631201463824,-1.272392151082927,1.7364510952498435,1.234892702309122,-1.3191423183807505,-0.846362075633377,-0.44516957734485113,1.7223691753981238,1.728117377793988,1.347253333666082,1.593594856996244,1.156954223564074,1.7827740381500228,1.267937507124773,-0.5017582058949912,1.5020337856943557,1.38331026645091,1.5231506966191461,-0.5372869613117601,-0.095113653891691,-0.543678683501728,1.441386428705952,1.5564478759942084,1.3198092894207831,-0.668869498658843,-0.23449909329334753,-0.6652566504981302,2.4410602377367194,-0.33732306600222534,-0.703326878689925,-0.9549546317690134,-0.6229259874203835,1.0245592665069356,0.7649864227615457,-0.9221166935751993,1.5541960768496157,1.2359786911510642,-0.6263937386440771,1.4343103198185199,1.1578188028046361,0,16.208333333333346,-7.125000000000001,Cephalophus_niger,16
579,0.6026207133865409,0.44905618433665734,0.281030272289134,1.7076321412662194,0.8320676770236978,-0.186727103002049,-1.23198853229293,0.3161271901101514,1.4060596987943788,1.4195109003969055,1.490383297959942,0.8763274049007272,1.156954223564074,2.327817963647986,1.5022567590163276,-1.0949522308415434,1.2758226161048185,0.8766069249963776,1.3727474587728397,-0.24939609831579457,0.1525853645544154,-0.5533936006844683,1.2186821656591615,1.0699307750761389,1.3198092894207831,0.9886115731402154,1.833414897919585,-0.6337222310793303,1.1715099241084337,1.8884621959707562,-0.6274091017689949,-0.17591630216727827,-0.507343144519227,1.5350732218891459,1.2004902580948387,-1.2547904019264597,1.205695019770979,1.1159042272126964,-0.7132972697861527,0.942584445118279,1.0846309264243992,0,10.708333333333343,-8.791666666666668,Cephalophus_niger,82
580,-1.410173016040857,0.5715829182890886,0.37240806189925524,1.6123539767469237,1.3356935721111298,-0.8661762813181489,-1.0756534742367476,-0.12400212791096343,1.6267126881914005,1.634790387170728,1.4857662023375595,1.4620958241120658,1.156954223564074,2.0595541796402137,1.530636985903518,-0.7874288167820349,1.1910177837461207,0.696182278289292,1.5635952647794973,-0.41576518999688017,0.4002843830005218,-0.5720220162216796,1.3739002883887428,1.3804736054493747,1.3933438438406094,-0.02364619917994768,0.9064189708241326,-0.6652566504981302,2.1458159787533972,0.7889779099359099,-0.703326878689925,-0.6104819009927359,-0.6132940838452872,0.9288378998727711,1.0069329979467085,-1.1290282023532088,1.3896261332291484,1.271000409799755,-0.8002008009282284,1.141166048362607,1.2261274874261907,0,14.125000000000009,-12.375000000000002,Cephalophus_niger,41
581,-0.46941672560683245,0.44905618433665734,0.281030272289134,1.7721148200324959,0.763098569543327,-0.3514420144137042,-1.183350971928138,0.21576231817522432,1.469562744923212,1.4814674740039437,1.5088516804494725,0.9839175227150547,1.156954223564074,2.2836880160915283,1.4686368664679113,-0.9701040353662144,1.4362268184911617,0.9212761237416746,1.4384698820334105,-0.24939609831579457,0.1525853645544154,0.10841666680831033,1.259173849849487,1.1734450518672175,1.3345162003047484,0.7803340746628293,1.8690685874232562,-0.6652566504981302,1.4962786089900881,1.7811954363576004,-0.6843474344596925,-0.5256886134170369,-0.5699505177573534,1.5988874663119224,1.2488795731318711,-1.2080622452042886,1.3025008689594892,1.1609321511895843,-0.7060553088576464,0.9804095124029129,1.113906076976494,0,11.791666666666675,-9.541666666666668,Cephalophus_niger,69
582,-0.5708095407754131,0.5307406736382781,0.281030272289134,1.2031411035113517,-0.11076310242903047,-0.20731645158823117,-1.3153672498019249,0.6173199986112797,1.5427118233754122,1.5528351727158485,1.2779968993303432,1.211052215878635,1.156954223564074,1.6066411402914416,1.2277685876903026,-1.313062410341256,0.6582945736014361,0.4835183909228809,1.4460532385634763,-0.32896392477196595,-0.34281267233779744,-0.6070805241404182,1.3131627621032544,1.142390768829894,1.3982461474685979,0.6754670824224671,0.7638042128094475,-0.5391189728229305,0.19720386946347004,0.49734640723764273,-0.41863521523643715,0.041366497245450565,1.476828991950627,-0.15600425531442605,1.3940475182429688,-1.3313245845413741,1.0217639063128097,1.4811307216918987,-1.3795576752087328,1.0371471133298638,1.2505234462196029,0,8.291666666666679,-1.9583333333333333,Cephalophus_niger,111
583,-1.07936581061652,0.6532674075907094,-0.17585867576147213,1.2481661821217873,-0.23278529167054157,-0.31026325588024095,-1.4056941523553552,0.6244045866385532,1.4466534181552153,1.4591160518798858,1.2687627080855781,0.9480541501102789,1.156954223564074,1.723159831110775,1.0806277875931245,-1.4932254044477407,0.6261745240647306,0.9185571444969962,1.3702196732628178,-0.3767046206456688,-0.8382107092300103,-0.5498774350668797,1.2456766217860453,0.9560650706059524,1.354125414816702,0.5706000901821049,0.6122760324188448,-0.349912456310131,-0.009467111824855575,0.36661504395910915,-0.23833049504922818,0.24805013571121703,1.2601111615109586,0.06734560016529101,1.8295513535762618,-1.3905520424443731,0.8765551325300445,1.4561152083714053,-1.4519772844937957,1.1317097815414485,1.1822147615980485,0,7.541666666666676,-5.041666666666667,Cephalophus_niger,120
584,-0.022026539605568267,0.612425162939899,0.1896524826790128,1.542496312182168,1.0185115997794048,-0.886765629904331,-1.089549943720772,-0.12124702702721679,1.5901381489653004,1.5991065378147757,1.4118926723794383,1.3664601638326637,1.156954223564074,2.0535540992333328,1.1606747066512568,-1.1003782184212627,1.124035740157974,0.7711487590028652,1.5155673400890801,-0.36368443086193164,-0.26024633285576193,-0.5141308966868622,1.346905832261859,1.3183650393747275,1.3786369329566441,-0.07462320929679042,0.790544479937201,-0.6652566504981302,1.8800961456684073,0.5543318732821317,-0.703326878689925,-0.7959672175645777,-0.6229259874203835,0.705488044393054,1.0069329979467085,-1.144796551535176,1.2928202840406382,1.2860097177920509,-0.8943462929988103,1.0844284474356563,1.1334228440112237,0,12.958333333333346,-0.9583333333333334,Cephalophus_niger,55
585,-1.2107202024699064,0.8574786308447615,-0.5413698342019571,1.5405195809846863,0.8889103575553272,-0.8044081128374045,-1.0999722544191435,-0.07111380001422998,1.582903624722775,1.5920481939861257,1.448829437358499,1.378414621367589,1.156954223564074,2.094974323530628,1.1918202262744642,-1.1577233951809172,1.0819269436500942,0.7169632810744498,1.5168312328440912,-0.36657780636942877,-0.095113653891691,-0.5796959256787519,1.3401572182301382,1.3183650393747275,1.3786369329566441,0.04335215697361707,0.8707652813204613,-0.6652566504981302,1.6439007384817494,0.6884153227985763,-0.6843474344596925,-0.6740768666745103,-0.6132940838452872,0.7693022888158303,1.0069329979467085,-1.1555651802448121,1.2831396991217872,1.2609942044715576,-0.8653784492847851,1.0844284474356563,1.1334228440112237,0,12.541666666666675,-1.6250000000000009,Cephalophus_niger,60
586,-0.7574933653513863,1.0208476094480032,-0.906880992642442,1.396785377047704,0.7380876513333345,-0.49556757723917727,-1.23198853229293,0.2432642306645172,1.5620038880221465,1.5716574229255815,1.2779968993303432,1.2230066734135603,1.156954223564074,1.6782558034821364,1.3452191334468881,-1.1566966885746097,0.8190908665821481,0.46545666372891303,1.4359420965233887,-0.4475923205793487,-0.7556443697479748,-0.4163537300075348,1.3266599901666962,1.2148507625836489,1.3786369329566441,0.4147560878248999,1.0936008407184066,-0.6652566504981302,1.1715099241084337,1.0370322915413326,-0.6463885459992275,-0.21301336548164662,2.362964120859494,0.3864168222791725,1.2488795731318711,-1.2474831181592068,1.1863338499332772,1.3910748737381227,-1.1260890427110122,0.9804095124029129,1.2358858709435556,0,10.708333333333343,-0.4583333333333333,Cephalophus_niger,82
587,-0.9299347433663557,0.7349518968923303,0.09827469306889156,1.1499472510328728,-0.21383773149333174,-0.3720313629998864,-1.3466342481604743,0.574025427459486,1.4892567275834199,1.5006818544263798,1.2549114212184302,1.0675987254595316,1.156954223564074,1.587285889772375,1.1445197741037496,-1.4640251796122987,0.5333399034590103,0.5429477203755014,1.4220392762182679,-0.35211092883194306,-0.34281267233779744,-0.38469595718708505,1.2794196919446499,1.049227919717923,1.3639300220726789,0.44534229389500557,0.16660491362295407,-0.4760501339853307,0.02005731407347666,0.2928691467250646,-0.34271743831550705,0.09966188245374367,1.2167675954230248,-0.21981849973720233,1.684383408465164,-1.3472852306645848,0.9152774722054485,1.506146235012392,-1.4954290500648337,1.0466033801510222,1.2456442544609205,0,7.291666666666676,1.708333333333331,Cephalophus_niger,123
588,-0.07175231718177431,0.08147598247936355,0.281030272289134,1.2776548156212655,0.5751385181626004,0.49272207531405093,-1.3118931241479892,0.8864847968742878,1.3839542080533294,1.397943738698253,1.4072755767570557,0.9839175227150547,1.156954223564074,1.9865848024887804,1.2893318832573144,-1.0050628911997175,0.794021574204697,0.3774779040339142,1.356316852957697,-0.2638629758532803,-0.5905116907839039,-0.08802392641287421,1.2051849375957198,0.987119353643276,1.3345162003047484,1.6280089286057575,2.2790860167154756,-0.5706533922417305,0.8172168133284469,2.371162614229957,-0.5514913248480648,0.26924845760514177,-0.2761774587169139,0.3864168222791725,1.055322312983741,-1.3203636588904943,0.9927221515562566,1.2409817938151628,-1.053669433425949,0.9142156446548035,1.104147693459129,0,10.208333333333343,-11.791666666666668,Cephalophus_niger,88
589,0.7969508086766777,-0.08189299612387813,-0.5413698342019571,1.6205061980837536,0.904068174403636,-0.8044081128374045,-1.1555580660918066,-0.05527189486181799,1.6295261142857158,1.6375352986596474,1.50423458482709,1.4023235364374396,1.156954223564074,2.172782217974143,1.2503270872184595,-1.1623061866572704,1.1541971298200662,0.783772824053988,1.5673869430445302,-0.3810446839069145,-0.095113653891691,-0.4580528073092602,1.3739002883887428,1.359770750091159,1.42275766560854,0.04917810098697053,0.8529384365686257,-0.6337222310793303,1.6439007384817494,0.6917674090364875,-0.6653679902294599,-0.6634777057275478,-0.6036621802701908,0.8650236554499948,1.1521009430578062,-1.1826790489601462,1.3315426237160424,1.3160283337766427,-0.9088302148558229,1.103340981077973,1.177335569839366,0,12.375000000000009,-2.7916666666666687,Cephalophus_niger,62
590,0.852858517779649,0.5715829182890886,0.1896524826790128,1.397536822079192,0.6478973689718723,-0.3514420144137042,-1.3153672498019249,0.36183251207065786,1.4438399920608997,1.4563711403909663,1.2364430387289,0.912190777505503,1.156954223564074,1.6409000164047416,1.2970454776913665,-1.122351518188753,0.9097713797151475,0.42797327519887063,1.3297751051024664,-0.32317717375697164,-0.5079453513018684,-0.48014654743147994,1.2456766217860453,1.049227919717923,1.3345162003047484,0.5953603522388571,0.8618518589445435,-0.5391189728229305,0.6400702579384535,0.9230613594523546,-0.5420016027329485,-0.4567940672617814,2.1992217600828554,0.5459524333361133,1.3940475182429688,-1.3134409690057283,1.079847415825916,1.3460469497612348,-1.1405729645680247,0.8953031110124866,1.167577186322001,0,9.375000000000009,2.8749999999999987,Cephalophus_niger,98
591,0.3464942139894924,0.20400271643179482,0.5551636411194977,0.9117190338143366,-0.11796312325534188,0.34859649714830315,-1.3813753721729594,1.4057250726067716,1.4546917784246878,1.4669586561339412,1.2087404649946045,1.0915076405293822,1.156954223564074,1.3517326740646978,1.0014540721197993,-1.439057809017918,0.30752022676476487,0.5557658923917757,1.3765391370378726,-0.29858348194324597,-0.9207770487120457,-0.5598010333130188,1.2524252358177663,0.9664164982850603,1.354125414816702,1.12697774345736,1.3431766672441052,0.028500576715468028,-0.09804038951985226,1.083961498872088,0.36901172031821255,0.6614174126427499,0.9952338131958082,-0.7303324551194128,1.6359940934281316,-1.3849754311483116,0.7313463587472792,1.5111493376764906,-1.6402682686349597,1.1317097815414485,1.2114899121501432,0,6.041666666666676,-3.7083333333333335,Cephalophus_niger,138
592,1.5683411494052792,0.9391631201463824,-1.272392151082927,1.6780948473135344,0.9791006399167894,-1.0308911927298043,-0.8845773252997976,-0.27425418208649366,1.5640134780895145,1.5736180739890955,1.3934242898899079,1.4381869090422152,1.156954223564074,2.066134893935652,1.4635431048644723,-0.8123100683689308,1.3249818709224142,0.8987472692306188,1.4372059892783995,-0.5083532062367887,-0.095113653891691,-0.5791141054802388,1.3266599901666962,1.3908250331284826,1.2805908603968756,-0.24066261367736394,0.6122760324188448,-0.6652566504981302,2.2934381082450583,0.45041719990688706,-0.703326878689925,-0.748270993303247,-0.6181100356328353,1.2798162441980407,0.8133757377985782,-0.991535889364104,1.4089873030668505,1.1008949192204003,-0.5394902075020014,1.1884473824683994,1.1187852687351763,0,14.958333333333346,-9.041666666666668,Cephalophus_niger,31
593,-1.1320111152705596,-0.2452619747271198,-1.1810143614728057,1.7470375358155334,1.4410422495545485,-1.4426785326200413,-0.7490868886403577,-0.5188688450362662,1.7251826014924392,1.7308622892829075,1.2872310905751083,1.6772760597407208,1.156954223564074,1.6287061140696704,1.1493226158963805,-0.15553627061353928,1.531803682461156,1.5992757503039654,1.4827061284587948,-0.473632700146823,-0.4253790118198329,-0.6034477210548298,1.441386428705952,1.587502159031532,1.2854931640248641,-0.8349089030394166,-0.5553822988263888,-0.6652566504981302,2.470584663635052,-0.6457149998900481,-0.703326878689925,-0.891359666087239,-0.6132940838452872,1.0245592665069356,0.7165971077245131,-0.8307756464845353,1.602599001443871,1.2209693831587682,-0.5684580512160267,1.5477855216724217,1.1187852687351763,0,17.041666666666675,-6.625000000000001,Cephalophus_niger,6
594,1.6480227429577712,0.6941096522415199,0.1896524826790128,1.6754153315377713,0.9150577940004365,-1.1544274069690952,-0.9366890113185251,-0.32261624332494493,1.6825792920642346,1.6892964867364135,1.3888071942675253,1.5696859419263933,1.156954223564074,1.9703264629338089,1.049482267969917,-0.9102293403119148,1.2754308243599881,1.0562545511498342,1.5433729806993217,-0.36802449412317734,-0.34281267233779744,-0.5425008140722046,1.4143919725790683,1.4839878822404533,1.354125414816702,-0.4212668780913211,0.21117202550254313,-0.6652566504981302,2.1458159787533972,0.0716314550229309,-0.703326878689925,-0.748270993303247,-0.6229259874203835,0.9288378998727711,0.8617650528356108,-1.0324951378489702,1.4380290578234036,1.2509879991433601,-0.7350231525716716,1.2735537838588258,1.1285436522525414,0,14.541666666666675,-1.7083333333333333,Cephalophus_niger,36
595,-0.02096525250454953,0.8983208754955719,0.1896524826790128,1.0974071238232943,0.31934660032867973,-0.1661376930547679,-1.325789560500296,0.7169468488353591,1.4490649262360569,1.4614688331561023,1.213357560616987,1.079553182994457,1.156954223564074,1.4510250560667266,1.187599446179641,-1.2879918369687997,0.544307681517953,0.4708946222182697,1.3714835660178286,-0.3304106125257145,-0.34281267233779744,-0.44437288144258325,1.2456766217860453,1.0078222090014917,1.3394185039327366,0.6681846524057753,0.5855357652910913,-0.4445157145665308,0.07910616587014112,0.477233889810176,-0.3332277162003908,0.10496146292722486,1.3949578115623078,-0.2517256219485905,1.5876047783910991,-1.3424778071334973,0.8668745476111934,1.461118311035504,-1.4664612063508085,1.0087783128663883,1.2163691039088258,0,7.791666666666676,3.624999999999999,Cephalophus_niger,117
596,-0.9015896214922053,-0.2452619747271198,-1.1810143614728057,1.7832568672483253,1.4490001901349578,-1.4426785326200413,-0.7421387035959219,-0.5226571228272058,1.6990579306166533,1.7053738254572273,1.2826139949527258,1.6055493145311692,1.156954223564074,1.644964748962327,1.169261504670116,-0.07993442439071892,1.6050531985684349,1.6177262841212596,1.4574282733585753,-0.473632700146823,-0.4253790118198329,-0.6132421305447643,1.4211405866107891,1.5667993036733163,1.2658839495129104,-0.8392783610494317,-0.5732091435782244,-0.6652566504981302,2.3820113859400553,-0.6524191723658703,-0.703326878689925,-0.8807605051402767,-0.6181100356328353,1.1521877553524882,0.7165971077245131,-0.8151995942438115,1.612279586362722,1.1909507671741764,-0.5177643247164825,1.5288729880301046,1.0992685017004464,0,17.041666666666675,-6.208333333333332,Cephalophus_niger,6
597,0.26063635086375175,1.0208476094480032,-0.906880992642442,1.3051828715983018,0.5876439772675967,-0.31026325588024095,-1.2841002183116577,0.4555555639622988,1.5788844445880388,1.588126891859098,1.291848186197491,1.2588700460183362,1.156954223564074,1.6010282475894937,1.3701065459948498,-1.1605510392754568,0.7991136714893379,0.387965310735813,1.4574282733585753,-0.4475923205793487,-0.7556443697479748,-0.5325320830371857,1.3401572182301382,1.2148507625836489,1.3982461474685979,0.6099252122722407,1.0579471512147354,-0.6021878116605304,0.6400702579384535,0.9431738768798212,-0.5609810469631811,-0.4143974234739319,2.2281174708081446,0.06734560016529101,1.2488795731318711,-1.2807504889943329,1.1185697555013199,1.446109003043208,-1.2564443394241256,1.0182345796875467,1.2749194050130153,0,9.375000000000009,-0.5416666666666691,Cephalophus_niger,98
598,-0.9983795317984645,0.8983208754955719,0.1896524826790128,1.5011795988478798,0.8938366191193452,-0.5573356843588227,-1.183350971928138,0.11431514952528428,1.537888807213729,1.5481296101634152,1.4857662023375595,1.3545057062977384,1.156954223564074,2.189427745234048,1.32615344825796,-1.1469747628304605,0.9583430963402669,0.5852864501529346,1.5067200908040033,-0.3304106125257145,-0.34281267233779744,-0.46409433026644026,1.3131627621032544,1.276959328658296,1.3786369329566441,0.3754309657347641,1.3431766672441052,-0.6652566504981302,1.4962786089900881,1.1208344474891103,-0.6653679902294599,-0.3931991015800071,-0.5988462284826426,0.705488044393054,1.055322312983741,-1.1763332498991106,1.2540979443652343,1.2810066151279522,-0.9160721757843292,0.9993220460452299,1.167577186322001,0,11.291666666666675,2.4583333333333313,Cephalophus_niger,75
599,-0.2756142453804404,0.4082139396858469,0.281030272289134,1.7953298447738648,0.5823386835473238,0.12211343259617825,-1.2458850017769547,0.5007689465197755,1.3413508986251248,1.3563779361517592,1.5088516804494725,0.7328739144816239,1.156954223564074,2.4768533335772625,1.6450313191132784,-1.096214119355283,1.3124472247336887,0.9671105569709034,1.3120806065323127,-0.3116036717269831,-0.5079453513018684,-0.5973165916337192,1.1714418674371152,0.9664164982850603,1.2854931640248641,1.5318808523854255,1.9492893888065166,-0.5391189728229305,0.6400702579384535,2.1365165775761787,-0.47557354792713474,0.5183287398587578,-0.29062531407955844,1.949865810637192,1.2972688881689038,-1.2867116941728813,1.166972680095575,1.0208452765948217,-0.6046678558585581,0.904759377833645,1.0553557758723042,0,9.791666666666675,-9.541666666666668,Cephalophus_niger,93
600,-0.14292465296550252,0.8166363861939511,-0.3586142549817146,1.1202137198426654,0.6729079980650409,1.336886165041806,-1.2841002183116577,2.3679483352948076,1.538692643240676,1.5489138705888208,1.2456772299736651,1.2469155884834109,1.156954223564074,1.469219038808679,1.3200408010881184,-1.0282636318779534,0.6953109739751366,0.2557058625723317,1.4346782037683776,-0.33330398803321165,-0.6730780302659393,0.11423185570165079,1.3131627621032544,1.1527421965090017,1.388441540212621,3.2359694762913116,6.593182446659697,-0.6337222310793303,1.584851886685085,5.753417628282273,-0.5989399354236461,-0.06992469269765444,9.139008285939797,-0.3155398663713668,1.1521009430578062,-1.3086335454746407,1.0411250761505118,1.4711245163637015,-1.3505898314947076,0.9993220460452299,1.270040213254333,0,9.958333333333343,-13.208333333333336,Cephalophus_niger,91
601,-0.15704174650911565,0.612425162939899,0.37240806189925524,1.586312457729737,1.0105536591989954,-1.0514805413159865,-0.9123701980044114,-0.2883741304188468,1.5567789538469894,1.5665597301604455,1.3611046205332298,1.378414621367589,1.156954223564074,1.9788428204162276,1.4275947434486338,-0.6383072438848373,1.3183229055079901,0.8371815777752859,1.4397337747884216,-0.28845666766700595,-0.095113653891691,-0.6203467337947346,1.3266599901666962,1.359770750091159,1.2805908603968756,-0.3018350258175752,0.4696612744041597,-0.6652566504981302,2.2048648305500618,0.27610871553550903,-0.703326878689925,-0.6422793838336232,-0.6229259874203835,0.9607450220841592,0.7165971077245131,-1.012880849842133,1.3896261332291484,1.1409197405331897,-0.6119098167870645,1.1884473824683994,1.1236644604938588,0,14.291666666666675,-4.208333333333333,Cephalophus_niger,39
602,1.630216030821398,0.20400271643179482,0.37240806189925524,1.47575909889334,1.243229675045786,0.6162582818832045,-1.2702037819593508,0.9190541431470866,1.4120884689964832,1.4253928535874472,1.4072755767570557,0.864372947365802,1.156954223564074,2.0160048659723135,1.5630923109039363,-0.9092485638429327,1.1547846680125424,0.6309264800705002,1.351261281937653,-0.24505603505454884,-0.012547314409655536,-0.37548327251369945,1.2186821656591615,1.0388764920388154,1.3345162003047484,1.9833915134203184,4.133077870906381,-0.6652566504981302,1.6143763125834172,3.7522221442493366,-0.6938371565748087,-0.6634777057275478,-0.34841673553013675,0.8650236554499948,1.1037116280207735,-1.2917114146452124,1.1088891705824688,1.1909507671741764,-0.8943462929988103,0.9520407119394375,1.1578188028046361,0,11.458333333333346,-14.041666666666668,Cephalophus_niger,73
603,-0.3219988120151637,1.2250588327020553,0.09827469306889156,1.497144370937282,0.7316455502611209,-0.45438888006681294,-1.2111438777644696,0.24208351604055078,1.5833055427362488,1.5924403241988285,1.291848186197491,1.2588700460183362,1.156954223564074,1.7556768055584033,1.4236651052408102,-1.118967461287317,0.8974324799740678,0.5431421236871645,1.4460532385634763,-0.3318573002794631,-0.26024633285576193,-0.5239479117022988,1.3401572182301382,1.2562564733000803,1.3933438438406094,0.4963193040118483,1.1738216421016667,-0.6652566504981302,1.1715099241084337,1.1744678272956883,-0.6653679902294599,-0.17591630216727827,2.5604181441489695,0.6097666777588896,1.2488795731318711,-1.230368690388535,1.2540979443652343,1.371062463081728,-1.0464274724974427,1.0087783128663883,1.240765062702238,0,10.625000000000009,0.3749999999999988,Cephalophus_niger,83
604,-1.4433467144188001,0.36737169503503647,-0.08448088615135091,1.1847291048151958,-0.4859247072027378,0.8633307180319236,-1.4334870581916868,1.8325708256121829,1.4233421733737448,1.4363724995431248,1.2733798037079607,0.9839175227150547,1.156954223564074,1.6935463214436177,1.16940696457552,-1.529486337665143,0.5603675568615365,0.5656706818517085,1.3398862471425543,-0.3419841145557031,-0.8382107092300103,-0.47204774800951677,1.2321793937226035,0.914659359889521,1.3639300220726789,2.1217576837374628,2.2256054824599687,0.2807759320658674,-0.18661366721484896,1.7074495391235558,0.8909464366496069,1.0429872067333956,2.8108476371014754,-0.06028288868026159,1.7327727235021968,-1.4307421031642653,0.7991104531792363,1.4210934897227148,-1.459219245422302,0.9993220460452299,1.167577186322001,0,6.041666666666676,-8.375000000000002,Cephalophus_niger,138
605,-0.8385715521590836,0.20400271643179482,0.37240806189925524,1.4829474842861192,0.9552268181755617,1.0074562808573968,-1.2771520001355041,1.3849633229988496,1.5049315301088912,1.515974932721788,1.3010823774422562,1.0675987254595316,1.156954223564074,1.8348397093003417,1.594383290432548,-0.9264727854326255,1.1393123308614352,0.6225754353713139,1.3639002094877628,-0.24505603505454884,-0.012547314409655536,-0.4729829999619371,1.2861683059763709,1.1527421965090017,1.388441540212621,2.749503151176298,5.666186519564245,-0.6652566504981302,1.584851886685085,4.952269017421516,-0.6558782681143437,-0.29780665305734566,7.987995808715779,0.6735809221816659,1.1037116280207735,-1.2832503492304983,1.196014434852128,1.2860097177920509,-0.9667659022838734,0.9993220460452299,1.2261274874261907,0,10.708333333333343,-13.625000000000002,Cephalophus_niger,82
606,0.3693259757085179,0.8983208754955719,0.1896524826790128,1.7489815608067614,1.0878597394160303,-1.0926592384883507,-0.9436371963629608,-0.3020512919994954,1.72638835553286,1.732038679921016,1.4672978198480293,1.5816403994613186,1.156954223564074,2.120329654456576,1.5345666241113418,-0.7402874121157255,1.4011690779920745,0.956040236680527,1.583817548859673,-0.3304106125257145,-0.34281267233779744,-0.5115975810674932,1.441386428705952,1.5357450206359926,1.3688323257006674,-0.3382471759010343,0.45183442965232407,-0.6652566504981302,2.4115358118383874,0.28616497424924237,-0.703326878689925,-0.8012667980380589,-0.6229259874203835,1.1202806331411,0.8617650528356108,-1.0238417754930125,1.5251543220930628,1.2259724858228669,-0.6336356995725834,1.3681164520704105,1.2066107203914607,0,14.958333333333346,-11.708333333333336,Cephalophus_niger,31
607,-0.8427415150873916,0.48989842898746777,0.281030272289134,1.6677860106448275,0.985542740989003,-0.8455868100097689,-0.9783783203754459,-0.17034705367336422,1.4796106952600527,1.491270729321513,1.4303610548689685,1.2588700460183362,1.156954223564074,2.268010310425114,1.626402235716754,-0.782312507551995,1.220983426960567,0.7921238687531744,1.401816992138092,-0.31015698397323455,-0.17767999337372647,-0.616973065774463,1.2726710779129289,1.2355536179418647,1.260981645884922,0.03024378294357179,1.031206884086982,-0.6652566504981302,1.9096205715667394,0.7722174787463543,-0.6843474344596925,-0.31900497495127045,-0.6132940838452872,1.4074447330435933,0.8133757377985782,-1.05883981879933,1.3315426237160424,1.030851481923019,-0.4960384419309636,1.0844284474356563,1.113906076976494,0,13.541666666666675,-5.458333333333332,Cephalophus_niger,48
608,0.04082325120210657,1.1433743434004344,0.09827469306889156,1.5327430821636006,0.8843628390307402,-0.8044081128374045,-1.1208169420793217,-0.06904747435141999,1.5531616917257267,1.5630305582461206,1.4534465329808814,1.3305967912278878,1.156954223564074,2.115103654121876,1.2069562732555688,-1.1534273870010339,1.0643002001767277,0.6891905750391889,1.4991367342739375,-0.3390907390482059,-0.095113653891691,-0.5840453334609546,1.3199113761349754,1.276959328658296,1.3639300220726789,0.04189567097027871,0.8261981694408722,-0.6652566504981302,1.6143763125834172,0.6750069778469319,-0.6843474344596925,-0.6263806424131795,-0.6132940838452872,0.8012094110272184,1.0069329979467085,-1.1644108395420134,1.2540979443652343,1.2509879991433601,-0.8726204102132914,1.0560596469721808,1.1187852687351763,0,12.458333333333346,-1.9583333333333333,Cephalophus_niger,61
609,1.504503545218964,0.612425162939899,-1.272392151082927,1.6993167877542947,1.129923057021958,-1.257374272622204,-0.8567843863317484,-0.4130921798589407,1.620683917989296,1.6289084339801865,1.3103165686870213,1.4142779939723646,1.156954223564074,1.7938066727079796,1.2958811322195596,-0.5204908404092807,1.4814693512586077,1.2139559400342008,1.4447893458084655,-0.36368443086193164,-0.26024633285576193,-0.5500897797759782,1.3671516743570218,1.432230743844914,1.2707862531408987,-0.588762768475233,-0.029490378647237823,-0.6652566504981302,2.470584663635052,-0.17977501282040284,-0.703326878689925,-0.9231571489281263,-0.6229259874203835,1.1202806331411,0.8133757377985782,-0.9440385448769586,1.4767513974988076,1.1759414591818802,-0.5974258949300518,1.339747651606935,1.1090268852178113,0,15.791666666666675,-3.0416666666666687,Cephalophus_niger,21
610,0.19524881982060122,0.04063373782855314,0.281030272289134,0.8714969812491137,-0.4571244793390801,0.49272207531405093,-1.4161164961854442,1.3651856023387245,1.137176547780522,1.1571757880987503,1.1071643613021878,0.6252837966672964,1.156954223564074,1.3842495008434834,0.9432381309866122,-1.5481616295232292,0.21977740459414716,0.4672045154548109,1.128816157055721,-0.33330398803321165,-1.333608746122223,0.1488962636872317,1.029720972770976,0.6144679571953929,1.202154002349061,1.250779053741121,0.9866397722073929,0.09156941555306787,-0.3342357967065101,0.8526675484562211,0.5018678299298402,0.8363035682676293,1.5057247026759162,-0.34744698858275497,1.7811620385392293,-1.4136276753935935,0.46997056593830167,1.3210314364407414,-1.5606066984213904,0.8101967096220603,1.0455973923549393,0,6.62500000000001,-0.7083333333333334,Cephalophus_niger,131
611,-1.455642485897627,0.4082139396858469,0.281030272289134,1.587309199308128,0.7793931937435764,-0.14554834446858572,-1.2528332199531083,0.3776744172230698,1.4140980590638514,1.427353504650961,1.4672978198480293,0.9600086076452042,1.156954223564074,2.273623203127062,1.4642708485438753,-1.219525195570187,1.050394432305865,0.7678471625162209,1.3702196732628178,-0.3116036717269831,-0.5079453513018684,-0.5437713556398138,1.2254307796908825,1.059579347397031,1.3247115930487714,0.9842421151302003,1.8155880531677493,-0.6021878116605304,1.1124610723117692,1.8717017647812004,-0.6084296575387624,-0.11762091695898517,-0.47844743379393784,1.1521877553524882,1.2004902580948387,-1.2676742969897745,1.1088891705824688,1.1459228431972883,-0.8291686446422536,0.942584445118279,1.0992685017004464,0,10.291666666666675,-8.208333333333334,Cephalophus_niger,87
612,0.44958772198645497,0.20400271643179482,-0.6327476238120783,0.6970488576466597,-0.3498812193480348,0.986866901590665,-1.3917977160030484,2.395450097642363,1.4333901237105855,1.4461757548606942,1.1856549868826916,1.163234385738934,1.156954223564074,1.1523735346507733,0.8301536031540626,-1.491441620745552,0.06015648684792615,0.09761596341115038,1.3651641022427738,-0.032392935253508955,-1.0859097276761167,-0.5160684614495703,1.2389280077543243,0.9457136429268445,1.3443208075607251,1.762005640912887,3.8121946653733394,0.15463825439066772,0.7581679615317825,2.458316856415646,0.8150286597286769,0.5554258031731261,0.9567061988954226,-1.1770321660788468,1.5392154633540664,-1.3853600250307985,0.615179339721067,1.5311617483328854,-1.7561396434910606,1.0182345796875467,1.2066107203914607,0,5.208333333333344,-3.625000000000001,Cephalophus_niger,148
613,-0.9469173120827193,0.36737169503503647,-0.08448088615135091,1.2137766033864221,-0.1577529707158001,0.5133114430755765,-1.409168278009291,1.309886598704147,1.375915847783857,1.3901011344441976,1.2410601343512826,0.912190777505503,1.156954223564074,1.6848365177775748,1.237374049199373,-1.4687456214697214,0.597383957235237,0.5693607886151674,1.29565000071717,-0.3419841145557031,-0.8382107092300103,-0.4719772436181746,1.198436323563999,0.8732536491730895,1.3296138966767599,1.5930532645256368,1.9938565006861055,-0.09763710095973166,-0.009467111824855575,1.4459868125664888,0.33105283185774753,0.6137211883814192,2.6760009870501262,0.09925272237667916,1.684383408465164,-1.4124738937461325,0.7991104531792363,1.3760655657458267,-1.3940415970657454,0.9236719114759621,1.1480604192872712,0,6.458333333333344,-8.041666666666668,Cephalophus_niger,133
614,0.12126091305907107,0.7349518968923303,0.1896524826790128,1.1692088133792782,-0.3233546061882586,-0.2690845587078766,-1.4022200432672784,0.6111210216228498,1.5029219400415232,1.514014281658274,1.291848186197491,1.0915076405293822,1.156954223564074,1.650964829369208,1.0212475009881306,-1.418696194968553,0.5932711898879027,0.8348508124609104,1.4043447776481142,-0.32317717375697164,-0.8382107092300103,-0.5452454423189064,1.2861683059763709,1.059579347397031,1.3933438438406094,0.5764260341954583,0.5677089205392556,-0.349912456310131,-0.15708924131651672,0.49064223476182045,0.00840227994379463,0.3805396475482468,0.8507552595693625,-0.21981849973720233,1.490826148317034,-1.380552601499711,0.9152774722054485,1.4661214136996028,-1.4374933626367832,1.1979036492895578,1.1870939533567308,0,6.708333333333344,-4.791666666666667,Cephalophus_niger,130
615,0.0743551833541452,0.9391631201463824,-1.272392151082927,1.7395386408914306,1.262555978262427,-1.3397316669669326,-0.8150950772748276,-0.45471406883216253,1.7778338612574844,1.7822313471469708,1.3564875249108472,1.760957262485198,1.156954223564074,1.780838394963042,1.2605150545777204,-0.5109524951835259,1.4881283166730315,1.4128308242120688,1.5509563372293875,-0.5083532062367887,-0.095113653891691,-0.5713106428589451,1.4751294988645565,1.6185564420688556,1.3345162003047484,-0.6907167887089185,-0.2968930499247722,-0.6652566504981302,2.4115358118383874,-0.3708439283813365,-0.6938371565748087,-0.9814525341364193,-0.6181100356328353,0.9288378998727711,0.7165971077245131,-0.8936567462711608,1.5929184165250199,1.255991101807459,-0.6263937386440771,1.5099604543877876,1.177335569839366,0,16.375000000000007,-7.791666666666668,Cephalophus_niger,14
616,0.44661822487700403,0.08147598247936355,0.1896524826790128,1.1035660614314287,-0.7959068032665635,1.316296816455624,-1.4855987442104144,3.0960360682203896,1.3542122750562808,1.3689261029582478,1.2595285168408128,0.8404640322959513,1.156954223564074,1.6759329725902228,1.054430569667952,-1.6438669428193196,0.4305165358821157,0.5132330556491912,1.305761142757258,-0.2031020901958403,-1.1684760671581522,-0.4692722893771741,1.184939095500557,0.8007936554193344,1.3345162003047484,3.161688690121055,3.2863027451941886,0.9745331592794657,-0.1275648154181845,2.572287788504624,1.5552269847077453,1.080084270047764,4.164130089402517,-0.15600425531442605,2.1198872437984573,-1.4636248801169043,0.6635822643153221,1.4411059003791094,-1.5895745421354157,0.9236719114759621,1.1431812275285886,0,5.87500000000001,-9.291666666666668,Cephalophus_niger,140
617,0.03768837238063584,-0.2452619747271198,0.281030272289134,0.8476611368731847,1.2568719415027232,1.5427798349869246,-1.3014707803179002,3.4016567817739984,1.5274389388634144,1.537934224633143,1.2225917518617522,1.4142779939723646,1.156954223564074,1.2528273320987593,1.0381301772150409,-1.34261257241199,0.25601052032772537,0.03857499606208855,1.4460532385634763,-0.05698662706723465,-0.17767999337372647,-0.5749291313128377,1.2996655340398127,1.132039341150786,1.388441540212621,3.6117428651526096,6.682316670418876,-0.6021878116605304,1.4077053312950916,6.058457475932185,-0.5609810469631811,0.11026104340070605,9.577259898606682,-0.9217751883877416,1.2004902580948387,-1.320940549714225,0.8765551325300445,1.5411679536610827,-1.575090620278403,0.9993220460452299,1.2651610214956504,0,8.958333333333346,-13.125000000000002,Cephalophus_niger,103
618,0.914348649703314,0.5715829182890886,-0.26723646537159335,0.9177636991286697,0.154881772208162,0.38977523267135433,-1.3466342481604743,1.4011496532971641,1.4008347646192216,1.4144132076317695,1.181037891260309,1.0675987254595316,1.156954223564074,1.318054431839955,1.0387122389128485,-1.3948358387053454,0.3037989523127225,0.10402490124603168,1.346205710917609,-0.3159437349882288,-0.095113653891691,-0.4812115971172606,1.2119335516274408,0.9353622152477367,1.3198092894207831,1.191063127604248,1.0846874183424888,-0.38144687572893093,0.04958173997180889,1.0068635154001324,-0.1339435517829493,0.34344258423387847,2.3196205547715603,-0.6346110884852483,1.6359940934281316,-1.3586307501979515,0.7216657738284282,1.4861338243559974,-1.6113004249209346,0.8669343105490112,1.1919731451154134,0,7.12500000000001,4.708333333333331,Cephalophus_niger,125
619,1.6475342348752922,0.612425162939899,0.37240806189925524,1.6459757573476739,1.0730803764903287,-1.2367848013138238,-0.8949996359981689,-0.39223204987749954,1.5712480023320399,1.5806764178177455,1.3010823774422562,1.3305967912278878,1.156954223564074,1.7701932434477032,1.2890407413703149,-0.46948360250779286,1.469326197965174,1.1061673050728247,1.4321504182583558,-0.28845666766700595,-0.095113653891691,-0.6065018014100485,1.3334086041984172,1.3701221777702668,1.2658839495129104,-0.5508941323884355,0.04181700036010468,-0.6652566504981302,2.470584663635052,-0.10602911558635827,-0.703326878689925,-0.9019588270342015,-0.6229259874203835,1.0564663887183237,0.8133757377985782,-0.9894206230104254,1.4380290578234036,1.1859476645100777,-0.6408776605010896,1.2451849833953503,1.104147693459129,0,15.458333333333346,-3.458333333333333,Cephalophus_niger,25
620,1.0440966597563712,0.8983208754955719,0.1896524826790128,1.5109166751914072,0.9256683814409822,-0.5779250329450049,-1.183350971928138,0.10270431360744571,1.551554019671832,1.5614620373953094,1.490383297959942,1.3664601638326637,1.156954223564074,2.189234299050424,1.3207685447675215,-1.1463381123141516,0.9753823016211572,0.5961623671316478,1.5168312328440912,-0.3304106125257145,-0.34281267233779744,-0.5063632927927038,1.3199113761349754,1.287310756337404,1.388441540212621,0.34047530165464335,1.2986095553645163,-0.6652566504981302,1.4962786089900881,1.080609412634177,-0.6748577123445763,-0.4249965844208943,-0.6036621802701908,0.705488044393054,1.055322312983741,-1.183063642842633,1.2540979443652343,1.2910128204561495,-0.9305560976413418,1.0182345796875467,1.167577186322001,0,11.375000000000009,2.3749999999999987,Cephalophus_niger,74
621,0.7353432241358776,0.6532674075907094,-0.08448088615135091,1.4517433703830154,0.9859217731452579,-0.2690845587078766,-1.152083940437871,0.21822224040297936,1.4727780890310012,1.484604515705566,1.4442123417361163,1.1034620980643075,1.156954223564074,1.9825203652688799,1.5678951526965672,-0.6026657373822468,1.0155324382544237,0.4448697679089066,1.409400348668158,-0.3202837982494745,-0.17767999337372647,-0.5792361943943432,1.265922463881208,1.132039341150786,1.3149069857927946,0.7235311205326331,2.1899517929562973,-0.6652566504981302,1.9981938492617362,2.052714421628401,-0.703326878689925,-0.3137053944777892,-0.5747664695449016,0.8012094110272184,0.8617650528356108,-1.200178070613305,1.196014434852128,1.1459228431972883,-0.7639909962856969,1.0560596469721808,1.1529396110459535,0,12.625000000000009,-14.875000000000002,Cephalophus_niger,59
622,-0.8389651237651562,0.4082139396858469,0.281030272289134,1.8198196138467815,0.7680248311073449,-0.0014227509625631685,-1.221566188462841,0.38633331643925484,1.3554180290967017,1.3701024935963562,1.513468776071855,0.7567828295514745,1.156954223564074,2.4888534943910248,1.650270762698313,-1.0116818720871885,1.3892219699958253,0.9599244504091372,1.3209278558173896,-0.3116036717269831,-0.5079453513018684,-0.4572481944080377,1.184939095500557,0.9974707813223839,1.2903954676528524,1.3541895599781448,1.886895432175092,-0.5706533922417305,0.7876923874301147,1.9689122656806228,-0.5609810469631811,0.3063455209195101,-0.37731244625542587,2.013680055059968,1.2004902580948387,-1.2632514673411739,1.2347367745275322,1.0058359686025258,-0.5322482465734951,0.9142156446548035,1.0504765841136219,0,9.958333333333343,-10.041666666666668,Cephalophus_niger,91
623,-0.9570595167476721,1.0208476094480032,-1.272392151082927,1.7228094163926466,1.2185977889920485,-1.3191423183807505,-0.8081468259669564,-0.4465963273573426,1.6464066708516083,1.654004767593164,1.3380191424213168,1.6055493145311692,1.156954223564074,1.8358075308938322,1.308106426559243,-0.5947849379964893,1.2768016471925867,1.2349310497845103,1.4498449168285092,-0.5054598307292916,-0.012547314409655536,-0.5130261778867631,1.3873975164521846,1.4839878822404533,1.2707862531408987,-0.6572176106321361,-0.19884540378967627,-0.6652566504981302,2.500109089533384,-0.29374594490938083,-0.6938371565748087,-0.6846760276214726,-0.6132940838452872,1.1840948775638762,0.7649864227615457,-0.8880801349750992,1.4864319824176586,1.1409197405331897,-0.5394902075020014,1.4343103198185199,1.0992685017004464,0,16.375000000000007,-11.708333333333336,Cephalophus_niger,14
624,-0.010788746935153247,0.44905618433665734,-0.08448088615135091,1.7335920941958587,0.9245315740890414,-1.1544274069690952,-0.9714301353310102,-0.3269949018875141,1.6970483405492853,1.7034131743937133,1.4395952461137338,1.5696859419263933,1.156954223564074,2.1331041906802044,1.1900735970286584,-0.904579793390001,1.2907074150634494,0.9478832989464919,1.571178621309563,-0.4056383757206402,0.07001902507237993,-0.4971629931005086,1.4211405866107891,1.4839878822404533,1.3737346293286556,-0.41835390608464434,0.2824794045098856,-0.6652566504981302,2.322962534143391,0.09844814492621984,-0.703326878689925,-0.721773090935841,-0.6229259874203835,1.0564663887183237,0.9101543678726434,-1.0434560634998498,1.4767513974988076,1.2459848964792615,-0.6988133479291401,1.2546412502165087,1.1383020357699063,0,13.708333333333346,1.458333333333331,Cephalophus_niger,46
625,-0.5471756250837566,0.5715829182890886,0.281030272289134,1.231077588210386,0.40574757303647674,-0.186727103002049,-1.3223154679780782,0.6006909753998464,1.4140980590638514,1.427353504650961,1.2087404649946045,0.99587198024998,1.156954223564074,1.5557370322559219,1.2242755512748824,-1.278591072108661,0.6430179828979748,0.34251938778339863,1.3323028906124885,-0.32896392477196595,-0.34281267233779744,-0.4004383639498193,1.2254307796908825,0.987119353643276,1.3198092894207831,0.7089662604992495,0.8351115918167901,-0.4445157145665308,0.4629237025484601,1.0169197741138658,-0.48506327004225097,-0.19181504358772186,2.3340684101342046,0.13115984458806731,1.5392154633540664,-1.3342090386600267,0.9249580571242996,1.4010810790663202,-1.336105909637695,0.8669343105490112,1.177335569839366,0,8.375000000000009,1.0416666666666667,Cephalophus_niger,110
626,-0.6573190552489133,0.6532674075907094,0.1896524826790128,1.486329186355903,0.7941725566692781,-0.4749782286529951,-1.1902991901042916,0.16651470220108108,1.4824241213543683,1.4940156408104326,1.4626807242256468,1.211052215878635,1.156954223564074,2.167556512977128,1.3376509989182401,-1.2910718867722688,0.9136884006148358,0.6505422483717263,1.4359420965233887,-0.36802449412317734,-0.17767999337372647,-0.5028615909939856,1.2726710779129289,1.1630936241881096,1.3443208075607251,0.47010255595175776,1.441224313379201,-0.6337222310793303,1.348656479498427,1.2180449483885327,-0.6274091017689949,-0.3402032968451952,-0.5747664695449016,0.8012094110272184,1.1037116280207735,-1.2245997821512298,1.099208585663618,1.2009569725023737,-0.9160721757843292,0.9993220460452299,1.1090268852178113,0,11.375000000000009,-4.958333333333333,Cephalophus_niger,74
627,-0.30710352904636196,1.102532098749624,-1.272392151082927,1.7429041892861745,1.054132816313119,-1.2161954527276417,-0.8984737616521045,-0.3750125942832142,1.7316132897080172,1.737136372686152,1.3980413855122904,1.6414126871359451,1.156954223564074,1.9920042490071044,1.0583602078757757,-0.8738423092632277,1.3433921978854415,1.1854065097918225,1.5585396937594533,-0.5011197674680459,0.07001902507237993,-0.6073757154224501,1.448135042737673,1.5460964483151005,1.354125414816702,-0.5217644123216683,0.08638411223969375,-0.6652566504981302,2.322962534143391,-0.0892686843968027,-0.703326878689925,-0.8224651199319836,-0.6229259874203835,1.0245592665069356,0.8617650528356108,-0.993843452659026,1.4961125673365097,1.2459848964792615,-0.6843294260721275,1.377572718891569,1.1334228440112237,0,14.958333333333346,-0.9583333333333334,Cephalophus_niger,31
628,-0.2152831021742899,0.04063373782855314,0.281030272289134,0.5629536114344433,-0.6628949944282518,0.6574370174062557,-1.3987459341792017,1.8881159115545783,1.3710928316221733,1.3853955718917643,1.148718221903631,1.1154165555992328,1.156954223564074,1.0321774466476301,0.7361348715485369,-1.5288094982786746,-0.11219512238420486,0.1422850139831915,1.3171361775523567,-0.33330398803321165,-1.333608746122223,-0.459316721053207,1.191687709532278,0.8629022214939817,1.3149069857927946,1.1517380055141122,1.8601551650473385,0.3753791903222672,0.10863059176847335,1.2783825006709328,0.6442136616565842,0.41233713038913394,0.7110926577304649,-1.3684748993471758,1.4424368332800015,-1.4026667497427139,0.5280540754514078,1.5161524403405893,-1.7995914090620984,1.0466033801510222,1.167577186322001,0,4.958333333333344,-1.8750000000000009,Cephalophus_niger,151
629,1.657073704837402,0.4082139396858469,0.281030272289134,1.6379380077327321,0.4303791699733903,0.03975597689035064,-1.2771520001355041,0.5110022319957408,1.369083241554805,1.3834349208282504,1.4719149154704119,0.8285095747610262,1.156954223564074,2.325301686572448,1.5182660095822393,-1.2216416226907174,1.0950491280312962,0.844173281025389,1.3335667833674993,-0.3116036717269831,-0.5079453513018684,-0.4499663733029563,1.191687709532278,0.9767679259641681,1.3051023785368177,1.294473633841272,1.886895432175092,-0.5706533922417305,0.7876923874301147,2.0426581629146674,-0.5135324363875998,0.2639488771316606,-0.36768054268032946,1.4074447330435933,1.2972688881689038,-1.3030569341785792,1.079847415825916,1.1109011245485976,-0.8002008009282284,0.9236719114759621,1.0797517346657166,0,9.875000000000009,-8.708333333333334,Cephalophus_niger,92
630,0.7226649251521692,-0.5311576872827928,1.2861859580004675,1.2468756829713734,0.22233504018033715,1.0898137365632241,-1.4265388400155334,2.1097057478704393,1.3329106203421786,1.3481432016850008,1.2272088474841347,0.864372947365802,1.156954223564074,1.7411603676691032,1.1864351007078342,-1.4593104090065887,0.6547693444465782,0.5285760999449923,1.2615248963318737,-0.07000681685097179,-1.1684760671581522,-0.3637966829561497,1.1646932534053942,0.7800908000611187,1.3149069857927946,2.6883307390360867,2.75149740263912,-0.06610268154093174,0.04958173997180889,2.7566525315897352,0.45441921935425894,0.8151052463737045,4.8335473878717155,0.2587883334336199,1.8295513535762618,-1.435164932812866,0.7700686984226832,1.3610562577535308,-1.3940415970657454,0.8574780437278526,1.1383020357699063,0,7.791666666666676,-10.375000000000002,Cephalophus_niger,117
631,0.397546205421959,0.24484496108260523,0.1896524826790128,1.586181832332809,1.1060492352807303,-0.5573356843588227,-1.0964981618969256,0.05631014135513382,1.4856394654621572,1.4971526825120547,1.4442123417361163,1.2469155884834109,1.156954223564074,2.091877412566533,1.2998107704273834,-0.8727983788554233,1.2889448004860204,0.6569513343798634,1.4473171313184874,-0.3130503594807317,0.5654170619645927,-0.22973812475571276,1.2726710779129289,1.2459050456209726,1.3149069857927946,0.3914523117714861,1.6194927608975576,-0.6652566504981302,1.9391449974650716,1.425874295139022,-0.703326878689925,-0.8701613441933144,-0.5940302766950943,1.088373510929712,1.0069329979467085,-1.1244130757633646,1.2734591142029363,1.1759414591818802,-0.7495070744286843,0.9898657792240714,1.0895101181830815,0,12.958333333333346,-8.958333333333334,Cephalophus_niger,55
632,0.6186938143601334,0.04063373782855314,0.37240806189925524,0.6389540599322935,-2.104046375248139,1.625137352053851,-1.3674789192547936,3.6139481901426485,1.2714171642807137,1.2881472791414765,1.1302498394141005,0.9719630651801294,1.156954223564074,1.123727698908264,0.8646464772110947,-1.4889924801912264,0.019027020277352952,0.2510446282900924,1.2273997919465773,-0.20454877794958887,-1.2510424066401875,-0.5232454895700455,1.1242015692150689,0.7800908000611187,1.2707862531408987,3.5797001730791655,3.4823980374643804,3.654958809877459,-0.4818579261981713,2.833750515061691,4.041534178868206,1.7955276339677249,3.205755683680427,-1.1132179216560705,1.1037116280207735,-1.3551694052555685,0.5183734905325568,1.386071771074024,-1.6185423858494408,0.9236719114759621,1.1090268852178113,0,4.62500000000001,-7.958333333333332,Cephalophus_niger,155
633,0.08046495789190829,-0.4903154426319823,2.7482305917624075,1.6224829292812353,0.2011138652992458,0.8633307180319236,-1.36053070107864,1.1284918075104307,1.2143448063674585,1.2324647889376827,1.4719149154704119,0.5296481363878942,1.156954223564074,2.3142693473521763,1.5213224442052558,-1.2839998358868834,1.0200369973465884,0.8478630914423362,1.2172886499064894,-0.2710964146220231,-1.0033433881940812,-0.2825264363847763,1.0837098850247433,0.7593879447029029,1.2462747350009566,2.5805507747890477,2.5999692222485167,-0.25530919805373126,0.13815501766680557,2.803581738920491,0.19819672224611987,1.5146498688732217,0.4269515022651218,1.6946088329460867,1.4424368332800015,-1.3670918156126657,0.9152774722054485,1.0208452765948217,-0.792958839999722,0.7818279091585849,1.011443050044162,0,8.791666666666679,-9.875000000000002,Cephalophus_niger,105
634,-0.05420763498721594,0.36737169503503647,-0.08448088615135091,0.817339292826584,-0.9111080038380182,0.3691858687448974,-1.4369611672797635,1.5502208802424249,1.373504339703015,1.3877483531679808,1.1948891781274567,0.9719630651801294,1.156954223564074,1.3122479452855405,0.8790550025889874,-1.4923134531692932,0.1980375949239079,0.4813820289201685,1.3209278558173896,-0.3419841145557031,-0.8382107092300103,-0.3844065438509581,1.191687709532278,0.8629022214939817,1.3296138966767599,1.0861961353638858,1.1025142630943243,0.21770709322826756,-0.39328464850317457,0.8660758934078655,0.6821725501170492,0.6561178321692688,1.0722890417965791,-0.8260538217535772,1.8295513535762618,-1.4243963041032297,0.615179339721067,1.5011431323482933,-1.7126878779200227,1.0371471133298638,1.167577186322001,0,5.791666666666676,-6.291666666666668,Cephalophus_niger,141
635,0.5627076279479551,0.28568720573341566,0.5551636411194977,1.1306531819083003,0.8892891005947582,1.3986542721614514,-1.3883235903491127,2.5004397104476777,1.4703665809501594,1.4822517344293493,1.2272088474841347,1.0556442679246063,1.156954223564074,1.4748320791794693,1.3554068787299576,-1.0898360616424099,0.596992464339945,0.26133807620009564,1.3360945688775214,-0.2768831656370174,-0.9207770487120457,-0.5367358450058317,1.265922463881208,1.0078222090014917,1.3835392365846326,3.4355080587486673,4.774844281972464,-0.5075845534041307,0.8172168133284469,4.707566722054005,-0.29526882773992574,0.7409111197449678,7.636431328224761,-0.1879113775258142,1.2488795731318711,-1.3949748720929738,0.9249580571242996,1.4060841817304188,-1.3433478705662012,0.9898657792240714,1.2163691039088258,0,8.625000000000009,-11.958333333333336,Cephalophus_niger,107
636,0.9019468647285559,0.6532674075907094,0.0068969034587703275,1.2770176428835784,-0.28129114402391886,-0.3514420144137042,-1.3813753721729594,0.5545428103844838,1.4699646629366858,1.4818596042166465,1.2733798037079607,0.99587198024998,1.156954223564074,1.7254823666650039,1.135641834197891,-1.4758234136222723,0.6561401672791768,0.6192738388846696,1.3841224935679386,-0.31015698397323455,-0.34281267233779744,-0.42835123541989745,1.265922463881208,0.9974707813223839,1.3639300220726789,0.5414703701153376,0.8172847470649545,-0.349912456310131,0.07910616587014112,0.4738818035722649,-0.24782021716434444,0.12615978482114962,1.524988509826109,0.13115984458806731,1.7811620385392293,-1.3780527412635455,0.9152774722054485,1.446109003043208,-1.408525518922758,0.9898657792240714,1.1919731451154134,0,8.125000000000009,-5.208333333333333,Cephalophus_niger,113
637,1.3145542218706254,0.6532674075907094,0.0068969034587703275,1.265597991770766,0.25265110755219045,-0.2690845587078766,-1.3327378118081674,0.4622465554246273,1.4776011051926847,1.4893100782579993,1.2733798037079607,1.1154165555992328,1.156954223564074,1.6660619011470652,1.2750690398610172,-1.3830260521455875,0.6751380324346804,0.45322110895460466,1.3537890674476751,-0.31015698397323455,-0.34281267233779744,-0.5300947754789561,1.265922463881208,1.059579347397031,1.3688323257006674,0.639054932339008,0.9955531945833107,-0.5706533922417305,0.5514969802434568,1.0102156016380435,-0.43761465946666966,-0.3455028773186764,2.3244365065591084,0.16306696679945545,1.2972688881689038,-1.325555676304069,0.9636803967997036,1.3510500524253335,-1.2347184566386067,0.9614969787605959,1.1822147615980485,0,9.541666666666675,-4.708333333333333,Cephalophus_niger,96
638,0.8333703371221829,0.12231822713017397,0.37240806189925524,0.8549801476628919,-0.5022196205198112,0.38977523267135433,-1.3952718250911251,1.5207510599992755,1.4727780890310012,1.484604515705566,1.213357560616987,1.1393254706690834,1.156954223564074,1.2679244038766166,0.9730738452326089,-1.4002273086666175,0.2511141694907304,0.46079542944667373,1.3967614211180484,-0.32317717375697164,-1.4161750856042585,-0.4419701363950533,1.265922463881208,0.987119353643276,1.3688323257006674,1.1211517994440066,1.0846874183424888,0.15463825439066772,-0.36376022260484236,0.8660758934078655,0.7770697712682119,0.7674090221123737,0.8748350185071034,-0.8898680661763535,1.6359940934281316,-1.3938210904455126,0.7313463587472792,1.5461710563251814,-1.6909619951345038,1.141166048362607,1.2212482956675081,0,5.791666666666676,-2.1250000000000013,Cephalophus_niger,141
639,0.34220521836399814,0.7349518968923303,-0.906880992642442,1.5853322686825595,0.8290359980073064,-0.9485336756628776,-1.061757004752723,-0.16985507673490008,1.669315997619605,1.6763561897172221,1.448829437358499,1.4860047391819164,1.156954223564074,2.1044582072688525,1.172026797406133,-1.0980782107823375,1.1614436334269664,0.790570123992428,1.581289763349651,-0.4750793879005716,-0.012547314409655536,-0.5791403575316009,1.4008947445156263,1.432230743844914,1.4031484510965864,-0.14599102346037027,0.6211894547947625,-0.6652566504981302,1.9391449974650716,0.45041719990688706,-0.703326878689925,-0.833064280878946,-0.6229259874203835,0.705488044393054,0.9101543678726434,-1.1074909449339363,1.4089873030668505,1.3160283337766427,-0.8508945274277725,1.178991115647241,1.1626979945633185,0,12.625000000000009,3.4583333333333313,Cephalophus_niger,59
640,-0.15554975592082243,0.8166363861939511,-0.5413698342019571,1.5586374232526456,0.890425907946699,-0.8044081128374045,-1.089549943720772,-0.07696842692762598,1.611037885665929,1.61949730887532,1.458063628603264,1.4381869090422152,1.156954223564074,2.1212974760500662,1.2463976710868272,-1.1307428002440811,1.0979871178432161,0.7088063433404148,1.5459007662093436,-0.4302320675343659,-0.4253790118198329,-0.5264738119853785,1.360403060325301,1.3804736054493747,1.388441540212621,0.03315675495024852,0.8529384365686257,-0.6652566504981302,1.7029495902784137,0.6884153227985763,-0.703326878689925,-0.7058743495153974,-0.6181100356328353,0.7373951666044422,0.9585436829096758,-1.1297973901181828,1.3315426237160424,1.2860097177920509,-0.8653784492847851,1.0938847142568147,1.1529396110459535,0,12.125000000000009,2.5416666666666665,Cephalophus_niger,65
641,1.5715389680821206,0.3265294503842261,0.281030272289134,1.3141028910697465,0.3606522872973337,-0.12495899588240354,-1.3118931241479892,0.6110718502038075,1.4579071225324767,1.4700956978355635,1.2364430387289,1.0556442679246063,1.156954223564074,1.5975444442581503,1.38349618580634,-1.1943513494042022,0.7429036595124878,0.38446960728401725,1.351261281937653,-0.25373616157704026,-0.012547314409655536,0.5381304351313548,1.2524252358177663,1.049227919717923,1.3443208075607251,0.8546148608330859,1.1827350644775847,-0.4760501339853307,0.5219725543451246,1.167763654819866,-0.41863521523643715,-0.3031062335308269,2.5507862405738733,0.32260257785639623,1.490826148317034,-1.3230558160679036,1.0024027364751078,1.3810686684099254,-1.2492023784956192,0.9142156446548035,1.2114899121501432,0,8.958333333333346,0.7083333333333309,Cephalophus_niger,103
642,0.9664304583091141,0.6532674075907094,0.281030272289134,1.4970464517466078,1.1837343476540203,-0.6808718985981136,-1.16250628426796,0.025167554478685086,1.5439175774158331,1.5540115633539568,1.4672978198480293,1.3066878761580372,1.156954223564074,2.123232823899362,1.4632519629774727,-0.8752189531048272,1.0167075146393765,0.5757698746233045,1.4991367342739375,-0.3304106125257145,-0.5905116907839039,0.014787187285477859,1.3131627621032544,1.2252021902627568,1.3786369329566441,0.19337021531746856,1.3342632448681875,-0.6652566504981302,1.9981938492617362,1.0973698438237325,-0.703326878689925,-0.32960413589823284,-0.6229259874203835,0.7693022888158303,1.1037116280207735,-1.2134465595591066,1.2250561896086811,1.271000409799755,-0.9233141367128356,1.0749721806144976,1.1968523368740958,0,13.791666666666675,-10.375000000000002,Cephalophus_niger,45
643,-0.8103067510208665,0.20400271643179482,0.5551636411194977,0.9684579199657812,-0.034972861720191165,0.019166597623618997,-1.3813753721729594,0.9288445855681957,1.4237440913872184,1.4367646297558276,1.2087404649946045,1.0197808953198306,1.156954223564074,1.3767009649545547,1.0475901788187072,-1.3267075819922403,0.4228782405303851,0.6118936253577519,1.3487334964276312,-0.29858348194324597,-0.9207770487120457,-0.5268528941505664,1.2321793937226035,0.9560650706059524,1.3443208075607251,0.8036378507162432,0.6301028771706804,-0.2868436174725312,-0.09804038951985226,0.6247256842782651,-0.020066886401554157,0.4918308374913518,1.0000497649833564,-0.5388897218510839,1.490826148317034,-1.385552321972042,0.7894298682603853,1.4711245163637015,-1.5388808156358715,1.0938847142568147,1.1919731451154134,0,6.87500000000001,-2.458333333333333,Cephalophus_niger,128
644,1.5023641168297142,0.36737169503503647,0.1896524826790128,1.4344260324559248,1.2053345546913665,-0.31026325588024095,-1.1416616297394997,0.241345494329703,1.469562744923212,1.4814674740039437,1.425743959246586,1.2469155884834109,1.156954223564074,1.996649615453247,1.4425853305243344,-0.9238802532300647,1.1279527610576623,0.5318776964316366,1.4359420965233887,-0.3318573002794631,0.31771804351848637,0.02170043291557559,1.259173849849487,1.2148507625836489,1.3296138966767599,0.6725541104157904,1.9225491216787631,-0.6652566504981302,1.732474016176746,1.7577308326922225,-0.703326878689925,-0.7641697347236905,-0.5795824213324499,0.705488044393054,0.9585436829096758,-1.1605649007171432,1.196014434852128,1.2159662804946696,-0.8653784492847851,0.9614969787605959,1.1919731451154134,0,12.708333333333346,-10.541666666666668,Cephalophus_niger,58
645,0.35408702532859215,0.612425162939899,0.1896524826790128,1.350796263065131,0.47926390992461054,-0.22790580017441334,-1.2945225621417467,0.5172012089841707,1.5583866259008838,1.5681282510112566,1.2826139949527258,1.1990977583437097,1.156954223564074,1.619028488810137,1.4226464417505988,-1.12603384092099,0.8292753600009685,0.40602703792978084,1.4308865255033447,-0.37815130839941735,0.9782487593747701,-0.5054780992516194,1.3266599901666962,1.1734450518672175,1.3933438438406094,0.7439219245793702,1.2094753316053382,-0.5391189728229305,0.5810214061417891,1.0470885502550658,-0.49455299215736725,-0.4037982625269695,2.3774119762221386,0.22688121122223176,1.3456582032059363,-1.3038261219435532,1.1088891705824688,1.4210934897227148,-1.2274764957101003,1.0087783128663883,1.260281829736968,0,9.208333333333343,0.2916666666666667,Cephalophus_niger,100
646,0.9395172181446447,-0.2452619747271198,-1.1810143614728057,1.6923734994803317,1.31674601193392,-1.3603210155531147,-0.7907762639607139,-0.4719335244264478,1.7882837296077987,1.792426732677243,1.3195507599317864,1.7968206350899736,1.156954223564074,1.6389646685554458,1.1545620594814152,-0.3327969141368775,1.4015608697369049,1.521007673103748,1.5509563372293875,-0.5372869613117601,-0.4253790118198329,0.03000392692397462,1.4886267269279985,1.6289078697479635,1.3296138966767599,-0.7387808268190845,-0.37711385130803254,-0.6652566504981302,2.4115358118383874,-0.47475860175658113,-0.6938371565748087,-0.748270993303247,-0.6132940838452872,0.7693022888158303,0.7165971077245131,-0.8709657072044275,1.5832378316061688,1.2860097177920509,-0.6770874651436212,1.5666980553147385,1.167577186322001,0,16.791666666666675,-7.291666666666668,Cephalophus_niger,9
647,0.8139869684414427,0.04063373782855314,0.37240806189925524,0.9121601687425881,-0.22369054373819158,1.6457267006400333,-1.4265388400155334,4.501733881912664,1.408069288861747,1.4214715514604195,1.2179746562393696,1.0078264377849053,1.156954223564074,1.4297343100295217,0.8669751681547081,-1.4806586108075548,0.2998819314130342,0.24638354218110894,1.3474696036726201,-0.20454877794958887,-1.2510424066401875,-0.5594238196560517,1.2186821656591615,0.9043079322104131,1.354125414816702,4.316682090768378,5.398783848286711,0.09156941555306787,0.5219725543451246,5.119873329317072,0.5208472741600728,1.8750213410699428,8.060235085529001,-0.6665182106966364,1.8295513535762618,-1.419204286689655,0.682943434153024,1.5011431323482933,-1.6619941514204786,0.9520407119394375,1.167577186322001,0,7.041666666666676,-11.291666666666668,Cephalophus_niger,126
648,-0.28066246947050955,0.9391631201463824,-1.272392151082927,1.6724255056587716,1.0359433204484187,-1.0720698899021686,-0.8567843863317484,-0.3022972992364446,1.568836494251198,1.5783236365415287,1.3749559074003774,1.4620958241120658,1.156954223564074,2.0206499370807713,1.4307966379770545,-0.8116332989979157,1.3281156071819802,0.935259233895369,1.4270948472383118,-0.5083532062367887,-0.095113653891691,-0.5971673653279701,1.3334086041984172,1.4115278884866984,1.2707862531408987,-0.3032915118209136,0.4964015415319131,-0.6652566504981302,2.3820113859400553,0.3431504402937313,-0.703326878689925,-0.7959672175645777,-0.6181100356328353,1.2479091219866525,0.7649864227615457,-0.9653835053549875,1.4186678879857015,1.0958918165563016,-0.5250062856449887,1.2168161829318749,1.104147693459129,0,15.125000000000009,-9.125000000000002,Cephalophus_niger,29
649,-1.1083823348390693,1.1433743434004344,0.09827469306889156,1.5186114084968583,0.9370370331940376,-0.6191038528395671,-1.221566188462841,0.12622116409911444,1.596970755194352,1.605772751430723,1.3056994730646387,1.3305967912278878,1.156954223564074,1.8160650926698323,1.3676323951458325,-1.1646807607538958,0.9710734889766386,0.6037366876237169,1.4624838443786192,-0.3390907390482059,-0.095113653891691,-0.4416309287822604,1.35365444629358,1.276959328658296,1.3982461474685979,0.2807593755177704,1.0846874183424888,-0.6652566504981302,1.3781809053967593,0.9565822218314657,-0.6843474344596925,-0.3984986820534883,2.2473812779583375,0.6416737999702777,1.2488795731318711,-1.2297917995648044,1.2734591142029363,1.386071771074024,-1.053669433425949,1.0182345796875467,1.2358858709435556,0,11.291666666666675,0.3749999999999988,Cephalophus_niger,75
650,0.7908927817605895,-0.08189299612387813,-0.5413698342019571,1.598532812611505,0.9919848420612165,-0.886765629904331,-1.16250628426796,-0.09777934795459041,1.6182724099084542,1.62655565270397,1.490383297959942,1.378414621367589,1.156954223564074,2.1849761203092144,1.2594961690113178,-1.1548727860177148,1.1493007789830711,0.7958139755166332,1.5598035865144644,-0.3810446839069145,-0.095113653891691,-0.5802531030908363,1.3671516743570218,1.3390678947329433,1.42275766560854,-0.04840646123669987,0.6746699890502694,-0.6652566504981302,1.7029495902784137,0.5744443907095984,-0.6843474344596925,-0.7429714128297658,-0.6132940838452872,0.8331165332386067,1.1521009430578062,-1.1874864724912337,1.3218620387971913,1.3260345391048403,-0.9305560976413418,1.0938847142568147,1.177335569839366,0,12.875000000000009,-2.5416666666666687,Cephalophus_niger,56
651,-1.0593291446713005,1.3475855666544865,0.1896524826790128,1.3963115359131986,0.7790144507041454,-0.2896739072940588,-1.2979966877956823,0.4359253575593008,1.4362035498049008,1.4489206663496137,1.2179746562393696,0.9241452350404283,1.156954223564074,1.6302545695517179,1.3370689372204325,-1.122890707194152,0.8817640975257762,0.4172914651853087,1.3310389978574775,-0.34053742680195453,-0.5079453513018684,-0.5344812208115433,1.2389280077543243,1.0285250643597075,1.3247115930487714,0.6652716803990986,1.1738216421016667,-0.6337222310793303,0.9353145169217758,1.281734586908844,-0.6274091017689949,-0.4885915501026686,2.7145286013505117,0.5778595555475015,1.5392154633540664,-1.3040184188847967,1.0508056610693628,1.3610562577535308,-1.1840247301390625,0.8763905773701697,1.1822147615980485,0,9.625000000000009,1.8749999999999991,Cephalophus_niger,95
652,0.9076159286053872,0.44905618433665734,0.281030272289134,1.6943665837809403,0.77674054688344,-0.1661376930547679,-1.2354626579468657,0.3485981184739967,1.4241460094006921,1.4371567599685304,1.4950003935823248,0.9241452350404283,1.156954223564074,2.348527928127791,1.519430355054046,-1.1453572658297162,1.219416558830784,0.868061476985528,1.3841224935679386,-0.24939609831579457,0.1525853645544154,-0.5006996095894863,1.2321793937226035,1.0802822027552468,1.3247115930487714,1.0264802092270129,1.824501475543667,-0.6337222310793303,1.1124610723117692,1.9018705409224006,-0.6274091017689949,-0.09112301459157922,-0.4880793373690342,1.4393518552549815,1.2004902580948387,-1.2597901223987908,1.1863338499332772,1.1259104325408937,-0.742265113500178,0.9709532455817544,1.094389309941764,0,10.458333333333343,-8.625000000000002,Cephalophus_niger,85
653,0.774479963576001,0.6532674075907094,0.281030272289134,1.6497497344644156,1.0817963813832479,-0.886765629904331,-1.0756534742367476,-0.1330546236920935,1.6865984721989709,1.6932177888634412,1.513468776071855,1.5338225693216176,1.156954223564074,2.190202120643914,1.5518856800544643,-0.7862472359931613,1.2384144239862875,0.7358020288220468,1.6065676184498705,-0.3304106125257145,-0.5905116907839039,-0.5593447455620848,1.4143919725790683,1.442582171524022,1.42275766560854,-0.045493489230023144,0.9509860827037216,-0.6652566504981302,2.1753404046517297,0.7487528750809764,-0.703326878689925,-0.5680852572048865,-0.6229259874203835,0.9288378998727711,1.0069329979467085,-1.146719520947611,1.4283484729045526,1.2960159231202482,-0.8074427618567347,1.2073599161107165,1.2456442544609205,0,14.458333333333346,-11.041666666666668,Cephalophus_niger,37
654,-0.003561065761205422,0.12231822713017397,0.37240806189925524,0.8565648032415026,-0.6447053540051398,0.6368476534797988,-1.3883235903491127,1.7664481041187883,1.4313805336432173,1.4442151037971804,1.190272082505074,1.079553182994457,1.156954223564074,1.268117997729083,0.9768578014588372,-1.399825840057741,0.24856797142364073,0.4732250911861335,1.361372423977741,-0.32317717375697164,-1.4161750856042585,-0.024735029025341738,1.2321793937226035,0.9457136429268445,1.3443208075607251,1.4095360281050027,1.5303585371383792,0.4069136097410671,-0.27518694490984563,1.1845240860094217,0.7391108828077468,0.857501890161554,1.173424029335091,-0.8260538217535772,1.684383408465164,-1.3876675883257206,0.7023046039907261,1.521155543004688,-1.6764780732774913,1.103340981077973,1.2017315286327783,0,5.87500000000001,-2.708333333333333,Cephalophus_niger,140
655,-0.46917233989225543,0.5307406736382781,0.281030272289134,1.1656308740719719,-0.03876231593226833,-0.24849521012169445,-1.3153672498019249,0.5351094397993926,1.459916712599845,1.4720563488990772,1.2456772299736651,1.127371013134158,1.156954223564074,1.5479949025145268,1.214087805991813,-1.3196297898396894,0.6107021869136233,0.33475081215292235,1.3778030297928836,-0.32896392477196595,-0.34281267233779744,-0.4418604128966082,1.259173849849487,1.059579347397031,1.3492231111887136,0.5953603522388571,0.7548907904335297,-0.6021878116605304,0.2562527212601345,0.49064223476182045,-0.46608382581201846,-0.08582343411809802,1.5779639794891391,-0.09219001089164974,1.3940475182429688,-1.317863798654329,0.9443192269620017,1.4210934897227148,-1.3505898314947076,0.9236719114759621,1.2066107203914607,0,8.625000000000009,-2.208333333333333,Cephalophus_niger,107
656,-0.19397058742443982,0.28568720573341566,0.1896524826790128,1.500493566228899,1.3243252094748983,0.1427028118629099,-1.1590321917457422,0.5423907885737044,1.5185967425669946,1.5293073599536822,1.4303610548689685,1.1393254706690834,1.156954223564074,2.019682410824966,1.5435900239226046,-0.856744255520273,1.22255029509035,0.6198564561266355,1.4549004878485532,-0.29569010643574883,0.4002843830005218,-0.6029551869346754,1.2996655340398127,1.2252021902627568,1.354125414816702,1.326516325914716,2.8228047816464623,-0.6652566504981302,1.5553274607867527,2.6694982894040464,-0.703326878689925,-0.6634777057275478,-0.4688155302188415,0.7373951666044422,0.9101543678726434,-1.1899863327273992,1.2637785292840853,1.2309755884869655,-0.8364106055707599,1.0560596469721808,1.1968523368740958,0,12.041666666666675,-13.208333333333336,Cephalophus_niger,66
657,-0.6803907257890376,1.3067433220036762,0.09827469306889156,1.5811991215812875,0.8206990252706423,-0.742640067078858,-1.1590321917457422,-0.003908706734953659,1.6134493937467707,1.6218500901515365,1.4950003935823248,1.4142779939723646,1.156954223564074,2.1578788877175947,1.302430381181805,-1.1780505616272883,1.0975953260983857,0.7344423910264518,1.5585396937594533,-0.35211092883194306,-0.4253790118198329,-0.5924864685349962,1.360403060325301,1.3390678947329433,1.4178553619805516,0.12928483117058057,0.977726349831475,-0.6337222310793303,1.5553274607867527,0.7889779099359099,-0.6653679902294599,-0.6051823205192548,-0.5988462284826426,0.7693022888158303,1.1037116280207735,-1.1805637826064677,1.3025008689594892,1.3210314364407414,-0.9377980585698482,1.0844284474356563,1.177335569839366,0,12.208333333333346,-3.0416666666666687,Cephalophus_niger,64
658,0.21282576198287048,-0.20441973007630937,0.281030272289134,1.2276795330374752,1.2015451004792894,0.08093470474326445,-1.1659804099218956,0.4899452286609583,1.2239908386908256,1.2418759140425493,1.2872310905751083,0.8524184898308766,1.156954223564074,1.7878062969634134,1.0619987041966,-1.132870709898943,0.8196784047746245,0.4437045334249747,1.232455362966621,-0.1336610780159089,1.2259477778208765,-0.22245489493239168,1.0904584990564643,0.8939565045313052,1.1972516987210724,1.0599793873037953,2.501921576113421,-0.6021878116605304,1.4962786089900881,2.2169666472860454,-0.6463885459992275,-0.4991907110496309,-0.507343144519227,0.5778595555475015,1.0069329979467085,-1.1930630837872953,0.8862357174488955,1.105898021884499,-0.9377980585698482,0.7818279091585849,0.9626511324573374,0,11.625000000000009,-11.375000000000002,Cephalophus_niger,71
659,-1.1497163072636467,0.36737169503503647,0.1896524826790128,1.5536220062948707,0.9605321118958344,-0.4749782286529951,-1.1312392859094107,0.13832401449085152,1.5334677090655189,1.5438161778236847,1.458063628603264,1.2469155884834109,1.156954223564074,2.0616832690108184,1.258186363634107,-0.9122770122573639,1.24938220204523,0.6571454413450148,1.4928172704988827,-0.3318573002794631,0.31771804351848637,-0.4900141393448268,1.3064141480715337,1.3080136116956198,1.3590277184446904,0.49486281800850995,1.6462330280253108,-0.6652566504981302,1.7029495902784137,1.4728035024697776,-0.703326878689925,-0.7429714128297658,-0.5940302766950943,0.8650236554499948,1.0069329979467085,-1.1305665778831568,1.3025008689594892,1.2509879991433601,-0.8364106055707599,1.0087783128663883,1.1383020357699063,0,12.791666666666675,-9.625000000000002,Cephalophus_niger,57
660,1.4741973464913367,1.0208476094480032,-1.272392151082927,1.6202938071711912,1.1901764487262338,-0.9279443270766954,-1.2875743439655933,-0.11942667106592167,1.5330657910520453,1.543424047610982,1.4626807242256468,1.1034620980643075,1.156954223564074,2.146846253159638,1.7930453227952639,-0.8673839438254887,1.2072737043868886,0.7930949962719549,1.4308865255033447,-0.504013142975543,-0.5905116907839039,-0.61215760826415,1.3064141480715337,1.0699307750761389,1.354125414816702,-0.10520941536689607,1.0044666169592285,-0.6652566504981302,2.500109089533384,0.7789216512221765,-0.703326878689925,-0.8754609246667955,-0.6132940838452872,1.1521877553524882,1.3940475182429688,-1.3055567944147446,1.128250340420171,1.2359786911510642,-0.9450400194983545,1.1979036492895578,1.2163691039088258,0,14.041666666666675,-16.291666666666664,Cephalophus_niger,42
661,0.6464697782325277,0.04063373782855314,0.37240806189925524,1.1390014410545657,-0.6583474759036648,1.1721712536301507,-1.4265388400155334,2.637949423035879,1.3899829782554338,1.4038256918887946,1.2641456124631956,0.9839175227150547,1.156954223564074,1.7647737969293795,1.0112052156104652,-1.667016082108518,0.44226759858118064,0.55227018893998,1.3323028906124885,-0.20454877794958887,-1.2510424066401875,-0.5418831644948529,1.2051849375957198,0.8421993661357658,1.3394185039327366,2.7567855811929896,3.3219564346978596,0.15463825439066772,0.13815501766680557,2.98124230952978,0.6062547731961191,0.6720165735897123,5.156216157637444,-0.12409713310303788,2.0714979287614246,-1.4276653521043692,0.682943434153024,1.431099695050912,-1.5606066984213904,0.904759377833645,1.1529396110459535,0,6.541666666666676,-10.041666666666668,Cephalophus_niger,132
662,0.7163964842426036,1.0208476094480032,-0.906880992642442,1.3837972240313208,0.690339718734055,-0.4749782286529951,-1.2493590942991726,0.25979491103786584,1.582099788695828,1.5912639335607204,1.291848186197491,1.342551248762813,1.156954223564074,1.6728363569638125,1.344491389767485,-1.14398069200357,0.8114525712304176,0.46001870523955635,1.4422615602984434,-0.4475923205793487,-0.7556443697479748,-0.5839151664281945,1.3401572182301382,1.2459050456209726,1.3982461474685979,0.435146891871637,1.3699169343718587,-0.6337222310793303,1.1715099241084337,1.0269760328275992,-0.6558782681143437,-0.09112301459157922,2.3485162654968494,0.32260257785639623,1.2004902580948387,-1.2469062273354763,1.1766532650144261,1.3910748737381227,-1.1333310036395183,1.0182345796875467,1.240765062702238,0,10.708333333333343,-1.541666666666669,Cephalophus_niger,82
663,0.8039405561295906,0.04063373782855314,0.281030272289134,0.650880058957778,-0.7087480553630807,0.5133114430755765,-1.4056941523553552,1.7435708574290139,1.3534084390293337,1.3681418425328422,1.1441011262812484,1.0436898103896812,1.156954223564074,1.09914659572334,0.7955151581535307,-1.5001999938222164,-0.02053527931389885,0.250267904082975,1.299441678982203,-0.33330398803321165,-1.333608746122223,-0.38780362875485,1.1781904814688362,0.8421993661357658,1.3051023785368177,1.0861961353638858,1.4679645805069546,0.46998244857866694,-0.1275648154181845,1.0403843777792436,0.6442136616565842,0.5607253836466073,0.7592521756059468,-1.1451250438674587,1.684383408465164,-1.4013206711540094,0.5280540754514078,1.5011431323482933,-1.7778655262765795,1.0276908465087053,1.1626979945633185,0,5.37500000000001,-1.4583333333333333,Cephalophus_niger,146
664,0.02477477314264446,0.6532674075907094,0.37240806189925524,1.6810679212332336,1.1689552738451425,-1.277963621208386,-0.8949996359981689,-0.4283437089316523,1.5342715450924662,1.5446004382490903,1.291848186197491,1.211052215878635,1.156954223564074,1.7647737969293795,1.3171300484466972,-0.25578985776753577,1.6093620112129534,1.1520017383020535,1.3992892066280702,-0.2595229125920345,-0.012547314409655536,-0.6216807699435999,1.3064141480715337,1.3287164670538354,1.2413724313729682,-0.6222619465520154,-0.11862460240641595,-0.6652566504981302,2.4115358118383874,-0.25016882381653627,-0.703326878689925,-0.9178575684546451,-0.6229259874203835,1.2160019997752645,0.8133757377985782,-0.9751906493584062,1.4477096427422547,1.150925945861387,-0.5829419730730392,1.2357287165741917,1.0651141593896691,0,15.458333333333346,-5.208333333333333,Cephalophus_niger,25
665,-0.02711308063687767,-0.2452619747271198,-1.1810143614728057,1.7829465571450889,1.3993573858712278,-1.4014998354476769,-0.7907762639607139,-0.5059296488633138,1.631535704353084,1.6394959497231614,1.2779968993303432,1.4381869090422152,1.156954223564074,1.6890946965187843,1.2234023476900753,-0.10864720164070582,1.5746957636091583,1.4932352634149988,1.4220392762182679,-0.473632700146823,-0.4253790118198329,-0.6113656053477257,1.3739002883887428,1.4632850268822377,1.2462747350009566,-0.7984967529559575,-0.47516149744312847,-0.6652566504981302,2.588682367228381,-0.5686170164180924,-0.703326878689925,-0.7959672175645777,-0.6229259874203835,1.311723366409429,0.8133757377985782,-0.8609662662597652,1.5541960768496157,1.1609321511895843,-0.5177643247164825,1.4248540529973615,1.074872542907034,0,16.625000000000007,-5.458333333333332,Cephalophus_niger,11
666,1.6008597235511839,-0.2452619747271198,-1.1810143614728057,1.7740592438798977,1.3682833987452767,-1.4014998354476769,-0.8150950772748276,-0.49618835909352993,1.5989803452617202,1.6077334024942367,1.2687627080855781,1.3545057062977384,1.156954223564074,1.6821267945184128,1.2290783930675133,-0.0816551241695385,1.5727371037345448,1.46080161944401,1.4043447776481142,-0.473632700146823,-0.4253790118198329,-0.6073167070034786,1.35365444629358,1.421879316165806,1.2364701277449799,-0.7737364908992053,-0.4127675408117038,-0.6652566504981302,2.7067800708217096,-0.5216878090873367,-0.703326878689925,-0.7641697347236905,-0.6229259874203835,1.343630488620817,0.8133757377985782,-0.8775038032067065,1.5445154919307649,1.150925945861387,-0.5105223637879762,1.3870289857127274,1.0651141593896691,0,16.541666666666675,-4.875000000000001,Cephalophus_niger,12
667,0.8012033307876579,1.0616898540988136,-1.0896365718626844,1.6106221432401713,0.9544687538630519,-0.45438888006681294,-1.1659804099218956,0.15298512994842833,1.4430361560339526,1.455586879965561,1.448829437358499,1.1034620980643075,1.156954223564074,2.126523181047081,1.326007988352556,-0.9806863109997734,1.2605457265518187,0.7305581772978416,1.41192813417818,-0.402745000213143,0.9782487593747701,-0.25598242816750005,1.2456766217860453,1.1734450518672175,1.3149069857927946,0.5516657721387062,1.6729732951530643,-0.6652566504981302,1.732474016176746,1.5800702620829334,-0.703326878689925,-0.7323722518828033,-0.5892143249075462,1.2160019997752645,1.1521009430578062,-1.1680644814256398,1.196014434852128,1.1709383565177816,-0.8002008009282284,0.9331281782971205,1.0895101181830815,0,12.458333333333346,-8.875000000000002,Cephalophus_niger,61
668,-0.03540718417201045,0.6941096522415199,2.4740972229320435,1.5250808556363162,0.8506362050446526,-0.7632294156650402,-1.16250628426796,-0.022358123443116492,1.6021956893695093,1.610870444195859,1.481149106715177,1.3903690789025143,1.156954223564074,2.1245878331977854,1.214087805991813,-1.154551555118251,1.0688047592688923,0.6763726993694262,1.5471646589643546,-0.3130503594807317,0.2351517040364509,-0.5494214065592329,1.35365444629358,1.3287164670538354,1.4178553619805516,0.0826772790637529,0.9420726603278038,-0.6652566504981302,1.6143763125834172,0.7252882714155986,-0.6843474344596925,-0.6051823205192548,-0.6132940838452872,0.6416737999702777,1.055322312983741,-1.1863326908437728,1.2831396991217872,1.3210314364407414,-0.9522819804268607,1.0749721806144976,1.1724563780806836,0,12.125000000000009,-0.9583333333333334,Cephalophus_niger,65
669,-0.2692883948956833,0.28568720573341566,0.5551636411194977,1.019119434596639,0.2678092135173231,1.316296816455624,-1.409168278009291,2.347629353670873,1.2838766226983962,1.3003033157352626,1.1533353175260135,0.7089649994117734,1.156954223564074,1.3966368493621788,1.0587968096681792,-1.1941391325654325,0.442659390326011,0.18287574386147093,1.1995941513363357,-0.2768831656370174,-0.9207770487120457,-0.17543782801380345,1.1309501832467896,0.7800908000611187,1.2903954676528524,3.0335179218272788,3.6695799073586546,-0.38144687572893093,0.4333992766501279,3.6583637295878253,-0.04853605274690294,1.3397637132483424,6.129038418722178,-0.1879113775258142,1.3940475182429688,-1.417665911159707,0.7216657738284282,1.331037641768939,-1.386799636137239,0.8101967096220603,1.094389309941764,0,8.291666666666679,-11.458333333333336,Cephalophus_niger,111
670,1.5855816661899922,0.9391631201463824,-1.272392151082927,1.7099195814231114,1.0916491936281076,-1.2367848013138238,-0.8185691366653277,-0.406696385820321,1.6616795553636061,1.6689057156758693,1.3703388117779949,1.5816403994613186,1.156954223564074,1.9515518463032993,1.3839327875987435,-0.7568462068378278,1.3996022098622916,1.095679898370926,1.470067200908685,-0.5372869613117601,-0.095113653891691,-0.5292293529070548,1.3941461304839056,1.515042165277777,1.2903954676528524,-0.556720076401789,0.023990155608269056,-0.6652566504981302,2.470584663635052,-0.1093812018242694,-0.703326878689925,-0.9337563098750886,-0.6229259874203835,1.1202806331411,0.7165971077245131,-0.9128864403955111,1.5057931522553607,1.1409197405331897,-0.5250062856449887,1.358660185249252,1.1285436522525414,0,15.625000000000009,-9.125000000000002,Cephalophus_niger,23
671,0.4709497459112409,0.6941096522415199,-0.26723646537159335,1.1483135361448813,-0.21876413761576166,-0.2896739072940588,-1.3466342481604743,0.5178899842051073,1.4362035498049008,1.4489206663496137,1.2318259431065173,1.0556442679246063,1.156954223564074,1.5199297006605745,1.10216762363107,-1.344390614847013,0.5699645120878805,0.30658974401410266,1.351261281937653,-0.35934436760068594,-0.6730780302659393,-0.4672450068715773,1.2389280077543243,1.0078222090014917,1.3394185039327366,0.5400138841119992,0.6390162995465981,-0.5075845534041307,0.07910616587014112,0.3565587852453758,-0.28577910562480946,0.06786439961285652,1.3853259079872116,-0.12409713310303788,1.3940475182429688,-1.3430546979572278,0.9152774722054485,1.4210934897227148,-1.3723157142802265,0.904759377833645,1.1724563780806836,0,8.291666666666679,-3.3750000000000013,Cephalophus_niger,111
672,-0.7776590711674496,0.8983208754955719,0.1896524826790128,1.5211600994476064,0.949163460142779,-0.6191038528395671,-1.1208169420793217,0.04996357503870806,1.5881285588979321,1.5971458867512618,1.4765320110927944,1.4620958241120658,1.156954223564074,2.1731694056790762,1.3120360647670668,-1.1377689910075945,1.0022145074255757,0.6173315838471086,1.5395813024342888,-0.3304106125257145,-0.34281267233779744,-0.4494355213129756,1.346905832261859,1.359770750091159,1.388441540212621,0.27930288951443205,1.1827350644775847,-0.6652566504981302,1.4962786089900881,0.9699905667831101,-0.6938371565748087,-0.47269280868222496,-0.6132940838452872,0.6735809221816659,0.9585436829096758,-1.1415275035340364,1.3121814538783403,1.2860097177920509,-0.8798623711417978,1.0560596469721808,1.1724563780806836,0,11.458333333333346,2.7916666666666665,Cephalophus_niger,73
673,1.2145920375150183,0.8574786308447615,-0.5413698342019571,1.5929290827973366,0.8070567588137053,-0.742640067078858,-1.1347133784316286,-0.03593690465024597,1.5728556743859343,1.5822449386685564,1.4857662023375595,1.3186423336929625,1.156954223564074,2.202396022978985,1.3414351772206599,-1.145758804454046,1.1216852885385302,0.7363846460640128,1.5143034473340693,-0.36657780636942877,-0.095113653891691,-0.5060383875831498,1.3334086041984172,1.297662184016512,1.3786369329566441,0.12928483117058057,0.9420726603278038,-0.6652566504981302,1.5258030348884204,0.7856258236979987,-0.6843474344596925,-0.5680852572048865,-0.6036621802701908,0.9288378998727711,1.055322312983741,-1.1722950141329969,1.2831396991217872,1.2459848964792615,-0.8436525664992662,1.0749721806144976,1.1431812275285886,0,12.041666666666675,-2.2916666666666687,Cephalophus_niger,66
674,-0.649965889384237,0.5715829182890886,0.281030272289134,1.273472409782526,0.47130596934420127,-0.22790580017441334,-1.3223154679780782,0.5618241591587955,1.4518783523303724,1.4642137446450219,1.2272088474841347,1.031735352854756,1.156954223564074,1.5814794032179604,1.2644444707093527,-1.2508648826102753,0.6904146231381416,0.36834969060784284,1.357580745712708,-0.32896392477196595,-0.34281267233779744,-0.44730700674943386,1.2524252358177663,1.0285250643597075,1.3443208075607251,0.6856624844458357,0.8618518589445435,-0.4760501339853307,0.5219725543451246,1.0202718603517769,-0.5040427142724835,-0.23421168737557138,2.3388843619217528,0.19497408901084362,1.5392154633540664,-1.3361320080724617,0.9733609817185547,1.4110872843945175,-1.314380026852176,0.9142156446548035,1.1919731451154134,0,8.458333333333345,1.124999999999999,Cephalophus_niger,109
675,-1.1805686211589508,0.4082139396858469,0.281030272289134,1.16755874538816,0.1545027400519071,0.225060298249287,-1.4126423870973674,0.8471751375783807,1.2452924934049279,1.2626588153157963,1.1948891781274567,0.6970105418768481,1.156954223564074,1.6598680792188751,1.197350589670307,-1.480796261188624,0.5454827579029056,0.447006129911619,1.1654690469510394,-0.3116036717269831,-0.5079453513018684,-0.4532433258458545,1.103955727119906,0.7697393723820108,1.2756885567688871,1.2012585296276166,1.441224313379201,-0.4445157145665308,0.31530157305679896,1.4895639336593332,-0.20986132870387939,0.06256481913937532,3.0131176121784993,0.2587883334336199,1.4424368332800015,-1.391705824091834,0.7313463587472792,1.2409817938151628,-1.2492023784956192,0.7818279091585849,1.074872542907034,0,8.708333333333345,-8.041666666666668,Cephalophus_niger,106
676,-0.16655646188375758,0.20400271643179482,0.0068969034587703275,0.7852858147013179,-0.21876413761576166,-0.14554834446858572,-1.3744271539968058,0.977797097957216,1.5089507102436277,1.5198962348488156,1.2318259431065173,1.3066878761580372,1.156954223564074,1.300634824507869,0.858242910230445,-1.666413879195203,0.059764695103095795,0.41670884794334273,1.4346782037683776,-0.2710964146220231,-0.5905116907839039,-0.5366994531179737,1.2929169200080917,1.049227919717923,1.3835392365846326,0.48612390198847977,1.0490337288388176,-0.41298129514773085,0.4038748507517957,0.6951194952743985,-0.16241271812829808,0.046666077718931755,0.49919077907834464,-1.0494036772332942,1.6359940934281316,-1.3676687064363962,0.7119851889095772,1.566183466981576,-1.7344137607055417,1.160078582004924,1.2505234462196029,0,6.458333333333344,2.0416666666666665,Cephalophus_niger,133
677,-1.5671662805791302,0.28568720573341566,0.646541430729619,1.6390978814862183,0.6376655245707576,0.45154333979099975,-1.2771520001355041,0.6785721221390755,1.231225362933351,1.2489342578711993,1.4349781504913512,0.6013748815974458,1.156954223564074,2.331495508500638,1.555960778167692,-1.0792995761152695,1.1256023094382186,0.7872685275057837,1.2071775078664015,-0.27977654114451456,-1.2510424066401875,0.0163605299038735,1.097207113088185,0.8214965107775501,1.2315678241169914,1.8887199232033247,2.1988652153322152,-0.41298129514773085,0.4333992766501279,2.1935020436206676,-0.3332277162003908,0.8681010511085164,-0.04982772470214898,1.726515955157475,1.2004902580948387,-1.3113257026520497,1.0314444912316607,0.9708142499538351,-0.6336356995725834,0.8101967096220603,1.001684666526797,0,9.291666666666675,-10.458333333333334,Cephalophus_niger,99
678,1.2139673792014658,0.48989842898746777,0.281030272289134,1.5211600994476064,1.035185256135909,-0.6602825500119315,-1.061757004752723,-0.006959023810126292,1.5017161860011023,1.5128378910201656,1.4165097680018208,1.342551248762813,1.156954223564074,2.204524817011905,1.2741956142000186,-1.1825645279131067,1.0464774114061766,0.6821988717890858,1.4296226327483337,-0.31015698397323455,-0.17767999337372647,-0.4892572076429108,1.2861683059763709,1.2252021902627568,1.3051023785368177,0.23997776742429622,1.1025142630943243,-0.6652566504981302,1.584851886685085,1.0035114291622214,-0.6938371565748087,-0.6104819009927359,-0.6181100356328353,0.896930777661383,0.9101543678726434,-1.116913495054868,1.1766532650144261,1.135916637869091,-0.7639909962856969,1.0560596469721808,1.0602349676309868,0,12.458333333333346,-5.041666666666667,Cephalophus_niger,61
679,-0.8166885626741015,0.08147598247936355,0.281030272289134,1.4618888754485406,0.6922345903985055,0.20447091898255534,-1.2493590942991726,0.5576423364141332,1.281867032631028,1.2983426646717486,1.3980413855122904,0.780691744621325,1.156954223564074,2.138329895677219,1.3981956309950407,-1.058375878007296,0.9826291040775958,0.600629198102224,1.2577332180668408,-0.2638629758532803,-0.5905116907839039,-0.5272643768352665,1.1309501832467896,0.8939565045313052,1.2511770386289451,1.3847757660482505,1.8155880531677493,-0.5706533922417305,0.7876923874301147,1.9823206106322673,-0.5894502133085299,0.22685181381729225,-0.329152928379944,1.1202806331411,1.1037116280207735,-1.2894038513502903,0.9927221515562566,1.0658732005717098,-0.8002008009282284,0.8574780437278526,1.021201433561527,0,10.041666666666675,-11.208333333333336,Cephalophus_niger,90
680,-0.5345651378689098,0.48989842898746777,0.281030272289134,1.5818524479940146,0.9927429063737264,-0.8249974614235867,-1.0513346940543515,-0.1094393928269057,1.5226159227017309,1.5332286620807098,1.4211268636242034,1.3305967912278878,1.156954223564074,2.063231724492866,1.2565854163698966,-0.9857394662909912,1.2227460415379958,0.7134672812761425,1.4561643806035642,-0.31015698397323455,-0.17767999337372647,-0.563679537892551,1.2996655340398127,1.2562564733000803,1.3247115930487714,0.03170026894691016,1.0222934617110642,-0.6652566504981302,1.9391449974650716,0.7722174787463543,-0.703326878689925,-0.8012667980380589,-0.6132940838452872,1.0245592665069356,0.9585436829096758,-1.117682682819842,1.2540979443652343,1.165935253853683,-0.7495070744286843,1.0655159137933392,1.0846309264243992,0,13.041666666666675,-6.708333333333332,Cephalophus_niger,54
681,1.1792696113183578,0.44905618433665734,0.5551636411194977,1.138315209007498,0.7346772292775122,1.2751180579221606,-1.2979966877956823,2.238457993191765,1.5471329215236223,1.557148605055579,1.2364430387289,1.175188843273859,1.156954223564074,1.439024747584122,1.1388437287263116,-1.043061677981983,0.7368322322905402,0.22540843243079964,1.4321504182583558,-0.3173904227419774,-1.0033433881940812,-0.5803419012537631,1.3199113761349754,1.142390768829894,1.3933438438406094,3.0524522398706777,4.774844281972464,-0.5391189728229305,1.0238877946167726,4.539962410158449,-0.47557354792713474,-0.6316802228866607,7.395633738847351,-0.28363274415997863,1.2004902580948387,-1.3215174405379555,1.0604862459882138,1.4811307216918987,-1.3505898314947076,1.0087783128663883,1.2358858709435556,0,9.291666666666675,-12.708333333333336,Cephalophus_niger,99
682,-0.6102368832716096,0.36737169503503647,0.5551636411194977,1.0734568077254774,-0.15699505096170227,1.2751180579221606,-1.4161164961854442,2.209972201896413,1.2935226550217631,1.3097144408401291,1.171803700015544,0.7089649994117734,1.156954223564074,1.4754127130680266,1.086012691083563,-1.2405004950671983,0.48535572502636715,0.2619206934420616,1.2021219368463576,-0.2855632921595088,-1.2510424066401875,0.304777902235327,1.1376987972785106,0.7904422277402265,1.295297771280841,2.941759303616962,3.259562478066435,-0.349912456310131,0.19720386946347004,3.2561133810384915,0.13176866744030602,1.689536024498101,5.5511242042163955,-0.06028288868026159,1.4424368332800015,-1.4161275356297591,0.7313463587472792,1.3160283337766427,-1.357831792423214,0.8196529764432188,1.094389309941764,0,8.208333333333345,-11.125000000000002,Cephalophus_niger,112
683,0.06853588019911754,0.48989842898746777,0.281030272289134,1.4768699133374454,0.9321107716300198,-0.5985143815311871,-1.082601692412901,0.03618799554910606,1.4719742530040538,1.4838202552801605,1.4118926723794383,1.2349611309484856,1.156954223564074,2.0943936896420707,1.2740501542946145,-1.2280139391364249,0.9673525133741346,0.6355877143527395,1.409400348668158,-0.31015698397323455,-0.17767999337372647,-0.4775874444421126,1.265922463881208,1.1941479072254333,1.3002000749088294,0.3026066655678459,1.1025142630943243,-0.6652566504981302,1.4372297571934238,1.0202718603517769,-0.6748577123445763,-0.5203890329435557,-0.5795824213324499,0.8331165332386067,0.9101543678726434,-1.1372969708266794,1.1185697555013199,1.1309135352049924,-0.8002008009282284,1.0182345796875467,1.0602349676309868,0,12.208333333333346,-5.375000000000001,Cephalophus_niger,64
684,-1.5208813742017993,0.3265294503842261,0.281030272289134,1.5402254245564897,1.0590593669939607,-0.7014612471842958,-1.127765160255475,0.0059801535951088634,1.5901381489653004,1.5991065378147757,1.4719149154704119,1.4142779939723646,1.156954223564074,2.154975422937124,1.2807450852384552,-1.1328994162347714,1.0525488386281243,0.6538438448583705,1.5370535169242667,-0.25373616157704026,-0.012547314409655536,-0.49323528121024374,1.346905832261859,1.3494193224120512,1.3933438438406094,0.16860995326071637,1.0401203064628997,-0.6652566504981302,1.6439007384817494,0.8627238071699544,-0.6938371565748087,-0.5892835790988112,-0.6132940838452872,0.705488044393054,1.0069329979467085,-1.1538345077736207,1.2831396991217872,1.2910128204561495,-0.9088302148558229,1.0655159137933392,1.167577186322001,0,11.791666666666675,2.4583333333333313,Cephalophus_niger,69
685,-0.6579929593907264,0.5715829182890886,0.1896524826790128,1.3711032274431343,0.7202768985080654,-0.2896739072940588,-1.2910484364878112,0.37285299067651323,1.4124903870099568,1.42578498380015,1.2179746562393696,1.0675987254595316,1.156954223564074,1.6186415964428889,1.3992145165614434,-1.1155432855311749,0.8837227574003896,0.405638823999478,1.2905944296971261,-0.32317717375697164,-0.5079453513018684,-0.4816040327574286,1.2254307796908825,1.0181736366805996,1.3247115930487714,0.6609022223890835,1.0936008407184066,-0.6337222310793303,0.9057900910234437,1.1476511373923994,-0.6368988238841111,-0.5468869353109617,2.521890529848584,0.5778595555475015,1.2972688881689038,-1.2990186984124656,1.0217639063128097,1.2860097177920509,-1.097121198996987,0.8763905773701697,1.1626979945633185,0,9.875000000000009,3.4583333333333313,Cephalophus_niger,92
686,-1.5727005850245164,0.20400271643179482,0.281030272289134,1.4910669994166952,0.971900474532066,-0.5985143815311871,-1.1138687239031682,0.07618635499508108,1.6094302136120344,1.6179287880245088,1.481149106715177,1.4979591967168417,1.156954223564074,2.1733631472003854,1.3033035847666121,-1.1370692565679166,0.9885044860023592,0.591889643126223,1.5572758010044425,-0.34343080230945167,-0.095113653891691,-0.3004969658299153,1.360403060325301,1.3804736054493747,1.3982461474685979,0.30843260958119934,1.2896961329885983,-0.6652566504981302,1.6143763125834172,1.077257326396266,-0.6938371565748087,-0.5097898719965933,-0.6132940838452872,0.5778595555475015,0.9585436829096758,-1.1386430494153839,1.3025008689594892,1.3010190257843468,-0.9088302148558229,1.0749721806144976,1.177335569839366,0,11.541666666666675,3.7916666666666665,Cephalophus_niger,72
687,0.9665947866344332,0.9800053647971928,-0.8155032030323207,1.7157843626030491,1.1325759929989185,-1.257374272622204,-0.9575336327152678,-0.3981850571644146,1.7050867008187578,1.711255778647769,1.4072755767570557,1.557731484391468,1.156954223564074,2.022004946379195,1.419881149014582,-0.898012483907021,1.2991289950553022,1.0671304681285474,1.5635952647794973,-0.4258920042731202,-0.095113653891691,-0.4539902008647817,1.4278892006425101,1.4736364545613454,1.3639300220726789,-0.588762768475233,0.03290357798418687,-0.6652566504981302,2.500109089533384,-0.19653544400995843,-0.703326878689925,-0.8595621832463519,-0.6229259874203835,0.9926521442955474,0.9101543678726434,-1.0478788931484504,1.4477096427422547,1.2609942044715576,-0.742265113500178,1.3302913847857767,1.1968523368740958,0,14.541666666666675,1.3749999999999991,Cephalophus_niger,36
688,0.7790003092556503,0.28568720573341566,0.09827469306889156,1.5434765012293454,1.071185793942702,-0.5573356843588227,-1.0999722544191435,0.07938422386281514,1.6102340496389818,1.6187130484499144,1.4672978198480293,1.4381869090422152,1.156954223564074,2.057425090269609,1.5208858424128522,-0.8468044416856416,1.2777809771298934,0.6309264800705002,1.5421090879443107,-0.3318573002794631,-0.7556443697479748,-0.5847864757792676,1.360403060325301,1.3494193224120512,1.3835392365846326,0.3754309657347641,1.361003511995941,-0.6652566504981302,1.850571719770075,1.3521283979049774,-0.703326878689925,-0.9337563098750886,-0.5988462284826426,0.7373951666044422,0.9101543678726434,-1.1380661585916534,1.3509037935537445,1.2760035124638536,-0.8364106055707599,1.1317097815414485,1.231006679184873,0,13.041666666666675,-12.875000000000002,Cephalophus_niger,54
689,0.22636046435429924,0.36737169503503647,-0.17585867576147213,1.6410419064774462,1.3292514710389163,-0.8455868100097689,-1.1590321917457422,-0.11460520698393066,1.5503482656314111,1.5602856467572013,1.4765320110927944,1.1154165555992328,1.156954223564074,2.126523181047081,1.635134493641017,-0.5938500916648325,1.2726888798452525,0.6499596311297603,1.472594986418707,-0.4663992613780802,-0.7556443697479748,-0.4836205933519791,1.3199113761349754,1.2252021902627568,1.3639300220726789,0.022961352926879973,0.977726349831475,-0.6652566504981302,2.116291552855065,0.87948423835951,-0.703326878689925,-0.6422793838336232,-0.6132940838452872,1.1840948775638762,1.055322312983741,-1.2099852146167236,1.3218620387971913,1.2009569725023737,-0.7495070744286843,1.1222535147202901,1.1919731451154134,0,13.625000000000009,-14.791666666666668,Cephalophus_niger,47
690,-0.7772892665988129,0.4082139396858469,0.281030272289134,1.8297359760404437,0.595223174808575,0.10152408400999609,-1.2354626579468657,0.44724101482114775,1.3417528166385984,1.356770066364462,1.5227029673166204,0.7328739144816239,1.156954223564074,2.5174994778023767,1.6847636367553451,-1.0133051103550983,1.3743371710371943,0.9589533228903567,1.305761142757258,-0.3116036717269831,-0.5079453513018684,-0.5950365664886718,1.1714418674371152,0.9767679259641681,1.2854931640248641,1.5173159923520418,1.9492893888065166,-0.5075845534041307,0.6400702579384535,2.0024331280597343,-0.49455299215736725,0.5236283203322389,-0.28580936229201026,2.0774942994827446,1.2004902580948387,-1.2715202358146447,1.21537560468983,0.9858235579461311,-0.5177643247164825,0.904759377833645,1.0504765841136219,0,9.708333333333343,-10.125000000000002,Cephalophus_niger,94
691,1.238079137435256,1.102532098749624,0.8292970099498614,1.5744680247918,1.2568719415027232,-0.7632294156650402,-0.9818524460293815,-0.1012232615947081,1.5403003152945705,1.550482391439632,1.425743959246586,1.42623245150729,1.156954223564074,2.117813377381038,1.4826087900534004,-0.8118569283555633,1.1632065468539339,0.6684098686005426,1.4852339139688167,-0.39261818593690306,0.4828507224825573,-0.513077508057621,1.3131627621032544,1.3287164670538354,1.3198092894207831,0.09141619508378308,1.1292545302220778,-0.6652566504981302,2.027718275160068,0.9498780493556435,-0.6938371565748087,-0.4143974234739319,-0.6181100356328353,0.9926521442955474,0.8617650528356108,-1.0686469628027486,1.3509037935537445,1.1709383565177816,-0.6843294260721275,1.0844284474356563,1.1626979945633185,0,13.958333333333346,-9.541666666666668,Cephalophus_niger,43
692,-0.950648078593478,0.44905618433665734,0.281030272289134,1.6480833133701704,0.7149716047877925,-0.0631908887627581,-1.2285144397707122,0.3730989228425937,1.3807388639455402,1.3948066969966308,1.4719149154704119,0.8285095747610262,1.156954223564074,2.4271101979811722,1.4415664449579315,-1.018191768898512,1.2650505844935218,0.8214503195491818,1.3537890674476751,-0.24939609831579457,0.1525853645544154,-0.5769869360469606,1.198436323563999,1.0388764920388154,1.3002000749088294,1.131347201467375,1.877982009799174,-0.6652566504981302,1.1124610723117692,2.0158414730113785,-0.6274091017689949,-0.13351965837942875,-0.584398373119998,1.4074447330435933,1.1037116280207735,-1.2513290569840767,1.21537560468983,1.1109011245485976,-0.6988133479291401,0.942584445118279,1.0553557758723042,0,10.625000000000009,-9.958333333333334,Cephalophus_niger,83
693,0.060964531614045775,0.5715829182890886,-0.8155032030323207,0.8511734643398965,-1.6163361806235108,1.5221904864007423,-1.4404352763678403,3.6645732814877965,1.31201088364155,1.3277524306244566,1.2041233693722218,0.9002363199705777,1.156954223564074,1.3536681695828359,0.9173320549484393,-1.541118214958219,0.22016919633897752,0.32173838499824076,1.2792193949020274,-0.41142512673563447,-0.34281267233779744,-0.45031546150895796,1.1511960253419524,0.8007936554193344,1.3051023785368177,3.498136956892217,2.635622911752188,3.0558048409202607,-0.7180533333848291,2.404683476609068,3.7473527932996022,2.3413844227362874,3.032381419328692,-0.6984253329080246,1.7327727235021968,-1.4224733346907947,0.586137584964514,1.4411059003791094,-1.647510229563466,0.9520407119394375,1.1236644604938588,0,5.208333333333344,-8.125000000000002,Cephalophus_niger,148
694,-0.02819648885861243,0.4082139396858469,0.281030272289134,1.235570304152362,-0.036109669072131916,0.3074177539551146,-1.4230647143615978,0.8870259076963599,1.2436848213510334,1.2610902944649853,1.2041233693722218,0.6372382542022217,1.156954223564074,1.6983851340733844,1.2810360050492633,-1.4238295879691834,0.6287207221318203,0.4856547529255933,1.1566217976659625,-0.3116036717269831,-0.5079453513018684,-0.37316021787436615,1.103955727119906,0.7593879447029029,1.2707862531408987,1.3541895599781448,1.6284061832734753,-0.3183780368913311,0.1676794435651378,1.5499014859417333,-0.001087442171321632,0.30104594044602895,3.099804744354367,0.45023106670194885,1.4424368332800015,-1.4001668895065482,0.7603881135038323,1.2209693831587682,-1.198508651996075,0.7723716423374264,1.0797517346657166,0,8.125000000000009,-8.125000000000002,Cephalophus_niger,113
695,-0.25399585346735626,-0.08189299612387813,0.281030272289134,1.6564967855008563,0.908236660771968,-0.9691230242490597,-1.0582829453622227,-0.20350683232901498,1.626310770177927,1.6343982569580253,1.4857662023375595,1.4381869090422152,1.156954223564074,2.1623305126424284,1.5416979347713948,-0.7592321934533313,1.2681840219035494,0.766099310790323,1.5598035865144644,-0.41865856550437736,0.07001902507237993,-0.5562370006235782,1.3739002883887428,1.3908250331284826,1.3786369329566441,-0.17075128551712246,0.7370639456816941,-0.6652566504981302,2.234389256448394,0.561036045757954,-0.703326878689925,-0.721773090935841,-0.6229259874203835,1.0564663887183237,1.0069329979467085,-1.1201825430560075,1.4089873030668505,1.2509879991433601,-0.7567490353571905,1.160078582004924,1.2163691039088258,0,14.541666666666675,-12.375000000000002,Cephalophus_niger,36
696,-1.1954358577068447,0.8983208754955719,-0.44999204459183584,1.2009681350763477,0.327304685467501,-0.2690845587078766,-1.3223154679780782,0.48925645344002167,1.4398208119261635,1.4524498382639386,1.2456772299736651,1.0915076405293822,1.156954223564074,1.5752857289586129,1.2356276420297587,-1.348944770002991,0.627937437491698,0.36213485973811294,1.3474696036726201,-0.41287181448938304,-0.34281267233779744,-0.5111290648596176,1.2389280077543243,1.0285250643597075,1.3394185039327366,0.5851649502154885,0.9153323932000503,-0.5075845534041307,0.31530157305679896,0.6750069778469319,-0.36169688254573956,-0.19181504358772186,1.8428413278042894,0.03543847795390286,1.3940475182429688,-1.3245941915978514,0.9249580571242996,1.3810686684099254,-1.3071380659236698,0.904759377833645,1.1822147615980485,0,9.125000000000009,-3.2916666666666687,Cephalophus_niger,101
697,0.36063158522709515,0.6532674075907094,-0.44999204459183584,1.7622961776014212,0.9931219385299813,-1.0308911927298043,-0.9540595733247677,-0.2727782137356669,1.5403003152945705,1.550482391439632,1.4395952461137338,1.3305967912278878,1.156954223564074,2.2058798263103285,1.2752144997664212,-0.7774888629164971,1.4033234843143338,0.9183627411853331,1.4523727023385313,-0.37381124513817166,-0.095113653891691,-0.5461781067298379,1.3131627621032544,1.3390678947329433,1.295297771280841,-0.24066261367736394,0.594449187667009,-0.6652566504981302,2.234389256448394,0.4269525962415093,-0.703326878689925,-0.6899756080949538,-0.6229259874203835,1.5350732218891459,0.9585436829096758,-1.0440329543235802,1.3799455483102974,1.090888713892203,-0.5467321684305078,1.1222535147202901,1.0504765841136219,0,14.458333333333346,-7.875000000000001,Cephalophus_niger,37
698,0.8596075663714376,1.2250588327020553,0.09827469306889156,1.2945637248263582,0.5016221812744666,-0.24849521012169445,-1.2979966877956823,0.5055412016472898,1.5579847078874103,1.5677361207985538,1.2872310905751083,1.2230066734135603,1.156954223564074,1.601802327661675,1.3619563497683944,-1.1809012408059438,0.7758069936893156,0.38874203494293036,1.4422615602984434,-0.3318573002794631,-0.26024633285576193,-0.4504952883053575,1.3266599901666962,1.1837964795463254,1.388441540212621,0.6667281664024369,1.1025142630943243,-0.5706533922417305,0.5810214061417891,0.9431738768798212,-0.5325118806178323,-0.3561020382656388,2.2281174708081446,0.06734560016529101,1.2972688881689038,-1.2974803228825176,1.089528000744767,1.4411059003791094,-1.2709282612811381,0.9993220460452299,1.2651610214956504,0,9.125000000000009,-0.4583333333333333,Cephalophus_niger,101
699,1.0666422953128019,0.1631604717809844,-0.8155032030323207,1.594317700566512,1.0749752481547792,-0.9279443270766954,-1.0999722544191435,-0.1518976369652014,1.5997841812886675,1.6085176629196423,1.4349781504913512,1.342551248762813,1.156954223564074,2.1108454753806667,1.203754378727148,-1.1148665161601596,1.1675150606489142,0.825334533277792,1.521886803864135,-0.4258920042731202,-0.17767999337372647,-0.5358417002342661,1.35365444629358,1.3287164670538354,1.3786369329566441,-0.11977427540027971,0.6568431442984338,-0.6652566504981302,1.850571719770075,0.48729014852390934,-0.6938371565748087,-0.8171655394585025,-0.6181100356328353,0.8650236554499948,1.055322312983741,-1.150565459772481,1.3121814538783403,1.2760035124638536,-0.8653784492847851,1.1127972478991315,1.1334228440112237,0,13.291666666666675,-1.9583333333333333,Cephalophus_niger,51
700,-0.6587922165499304,0.48989842898746777,-0.08448088615135091,1.5651068703921036,1.121207341245863,-0.7632294156650402,-1.1208169420793217,-0.040167973884819394,1.5929515750596157,1.601851449303695,1.4719149154704119,1.3903690789025143,1.156954223564074,2.159040155494709,1.239993882029986,-1.1226727490882167,1.0972035343535553,0.687442723313291,1.5345257314142449,-0.3810446839069145,0.1525853645544154,-0.5333079835215094,1.346905832261859,1.3390678947329433,1.388441540212621,0.09724213909713654,0.9153323932000503,-0.6652566504981302,1.6734251643800817,0.7789216512221765,-0.6938371565748087,-0.6422793838336232,-0.6181100356328353,0.8012094110272184,1.055322312983741,-1.1517192414199422,1.3025008689594892,1.2810066151279522,-0.8798623711417978,1.0749721806144976,1.1431812275285886,0,12.041666666666675,2.1249999999999987,Cephalophus_niger,66
701,0.578444435217329,0.8983208754955719,-0.8155032030323207,1.6480833133701704,1.0363223526046739,-1.2161954527276417,-0.915844323658347,-0.3810640007113656,1.6025976073829828,1.6112625744085618,1.3795730030227602,1.4381869090422152,1.156954223564074,1.9312287741907421,1.383641645711744,-0.7469349593081183,1.3347745725964042,0.9750730913932752,1.472594986418707,-0.5372869613117601,-0.26024633285576193,-0.5667701091861289,1.35365444629358,1.4011764608075905,1.295297771280841,-0.5217644123216683,0.05073042273602249,-0.6652566504981302,2.3820113859400553,-0.04569156330395818,-0.703326878689925,-0.9072584075076827,-0.6229259874203835,1.088373510929712,0.8133757377985782,-1.0065350507810973,1.4186678879857015,1.165935253853683,-0.6263937386440771,1.2735537838588258,1.1285436522525414,0,15.625000000000009,-11.125000000000002,Cephalophus_niger,23
702,1.3013892582311644,0.6532674075907094,0.281030272289134,1.199252854100809,0.01845925219720406,-0.12495899588240354,-1.36053070107864,0.7343631402475513,1.488050973542999,1.4995054637882714,1.2687627080855781,1.079553182994457,1.156954223564074,1.608189595773489,1.2362099258037578,-1.3343876470735594,0.6385134238058102,0.5295469311172611,1.3967614211180484,-0.3419841145557031,-0.5079453513018684,-0.586797682755369,1.2726710779129289,1.049227919717923,1.3737346293286556,0.7876165046795212,0.7816310575612831,-0.4445157145665308,0.10863059176847335,0.5945569081370651,-0.34271743831550705,0.041366497245450565,1.6694670634525546,-0.09219001089164974,1.5392154633540664,-1.3620920951403346,0.9346386420431506,1.4561152083714053,-1.408525518922758,1.0655159137933392,1.2261274874261907,0,7.708333333333344,-0.7916666666666691,Cephalophus_niger,118
703,-0.6664389481207754,0.08147598247936355,0.1896524826790128,0.9908887934694082,-0.9327082108753644,1.2545287093359785,-1.409168278009291,2.4770704492840045,1.3357240464364941,1.3508881131739203,1.2779968993303432,0.9719630651801294,1.156954223564074,1.5017358655874646,1.0142616502334818,-1.517917474279983,0.38351138853724087,0.46545666372891303,1.3133444992873238,-0.2031020901958403,-1.1684760671581522,-0.3914918683271373,1.1714418674371152,0.8629022214939817,1.3345162003047484,2.753872609186313,2.2790860167154756,1.3844806117238648,-0.4818579261981713,1.995728955583912,2.0961411452693723,1.800827214441206,2.5844979030867106,-0.41126123300553125,1.5392154633540664,-1.3970901384466523,0.6732628492341731,1.3910748737381227,-1.5099129719218463,0.9804095124029129,1.1187852687351763,0,5.62500000000001,-8.208333333333334,Cephalophus_niger,143
704,-1.488652761204447,0.6532674075907094,0.1896524826790128,1.34406536570373,0.5126118008712671,-0.31026325588024095,-1.3327378118081674,0.3839718121204532,1.491266317650788,1.5026425054898935,1.291848186197491,1.079553182994457,1.156954223564074,1.743482903223332,1.3059234175972252,-1.347946769732512,0.7011866547494383,0.5309065689128561,1.356316852957697,-0.34053742680195453,-0.5079453513018684,-0.5385170224784058,1.2794196919446499,1.1009850581134624,1.3786369329566441,0.6215771002989476,1.5125316923865437,-0.5706533922417305,1.0238877946167726,1.2582699832434663,-0.5609810469631811,-0.048726370803729685,2.6808169388376744,0.3545097000677844,1.2488795731318711,-1.301518558648631,1.0314444912316607,1.3260345391048403,-1.147814925496531,0.9804095124029129,1.177335569839366,0,10.291666666666675,-5.208333333333333,Cephalophus_niger,87
705,-1.3265371075687038,0.9800053647971928,-0.9982587822525633,1.7610381852291739,1.084449028243384,-1.2367848013138238,-0.8845773252997976,-0.3900673250734533,1.6942349144549698,1.700668262904794,1.3980413855122904,1.6055493145311692,1.156954223564074,2.031101937750171,1.0921253382534046,-0.9037538911035853,1.332424419826499,1.1772495720577876,1.5231506966191461,-0.4750793879005716,-0.095113653891691,-0.5453106933651464,1.4211405866107891,1.5046907375986691,1.3247115930487714,-0.5436117023717437,0.03290357798418687,-0.6652566504981302,2.2934381082450583,-0.13284580548964722,-0.703326878689925,-0.8224651199319836,-0.6229259874203835,1.1840948775638762,0.8617650528356108,-0.9719216013572666,1.4670708125799565,1.195953869838275,-0.6336356995725834,1.3681164520704105,1.104147693459129,0,14.791666666666675,-0.29166666666666896,Cephalophus_niger,33
706,0.4472711929581395,0.20400271643179482,0.37240806189925524,1.319722973987042,0.781288065408027,1.0074562808573968,-1.2806261257894398,1.466386838822584,1.4699646629366858,1.4818596042166465,1.2595285168408128,1.079553182994457,1.156954223564074,1.6753523387016656,1.2276229057087071,-0.9612882496178936,0.946787780088848,0.4625432811725716,1.355052960202686,-0.24505603505454884,-0.012547314409655536,0.011251695814538816,1.265922463881208,1.1113364857925703,1.3639300220726789,2.535399708685558,4.988766418994492,-0.6337222310793303,1.4077053312950916,4.402526874404093,-0.6179193796538787,-0.07522427317113564,7.198179715557876,0.32260257785639623,1.1521009430578062,-1.293057493233917,1.089528000744767,1.331037641768939,-1.1116051208539994,0.9520407119394375,1.1578188028046361,0,10.541666666666675,-13.208333333333336,Cephalophus_niger,84
707,0.7343864856649096,-0.3269464640287406,1.46894153722071,1.1752534786936113,1.0636065964017238,0.6780263966729873,-1.3014707803179002,1.1104360624380816,1.3634563893661744,1.3779450978504115,1.190272082505074,0.9719630651801294,1.156954223564074,1.5050262227351838,1.193130031651675,-0.9787762894353936,0.7282146070015029,0.2916353581683718,1.2665804673519176,-0.16693489635212602,-0.26024633285576193,0.3216830689461877,1.184939095500557,0.9664164982850603,1.3149069857927946,1.7751140149429323,2.91193900540564,-0.6021878116605304,0.9943633687184403,2.7901733939688467,-0.5704707690782973,0.2003539114498863,4.881706905747197,0.13115984458806731,1.1521009430578062,-1.3149793445356763,0.9539998118808526,1.3060221284484455,-1.1767827692105561,0.8574780437278526,1.1187852687351763,0,10.458333333333343,-12.375000000000002,Cephalophus_niger,85
708,-0.6602370022466956,0.6532674075907094,-0.17585867576147213,1.0998738498303213,-0.5234409399593145,-0.02201213022929481,-1.3917977160030484,0.9324361260717435,1.420126829265956,1.4332354578415027,1.2272088474841347,0.9719630651801294,1.156954223564074,1.5594144294397316,1.003928222968817,-1.456941576177129,0.48457214153670647,0.7631862245804932,1.3424140326525762,-0.3767046206456688,-0.8382107092300103,-0.5431566017610657,1.2254307796908825,0.9353622152477367,1.3443208075607251,0.8473324308163941,0.8529384365686257,-0.09763710095973166,-0.2161380931131812,0.5208110109030205,0.13176866744030602,0.6455186712223063,1.3612461490494705,-0.2517256219485905,1.7327727235021968,-1.3926673087980517,0.7797492833415343,1.4511121057073066,-1.5171549328503526,1.103340981077973,1.1724563780806836,0,6.958333333333344,-5.958333333333332,Cephalophus_niger,127
709,-0.41203677691620716,0.6532674075907094,0.1896524826790128,1.4456332926561748,0.6566130847479674,-0.3720313629998864,-1.2354626579468657,0.26623997033411384,1.4940797437451034,1.505387416978813,1.4626807242256468,1.211052215878635,1.156954223564074,2.1737500395676332,1.3634116150510092,-1.3070915625044253,0.8308422281307515,0.6155837321212108,1.4397337747884216,-0.34053742680195453,-0.5079453513018684,-0.6207184232462785,1.2794196919446499,1.1527421965090017,1.3590277184446904,0.6055557542622256,1.6105793385216396,-0.6021878116605304,1.2305587759050982,1.3621846566187108,-0.5989399354236461,-0.2819079116369021,-0.5362388552445161,0.6416737999702777,1.1037116280207735,-1.2501752753366158,1.089528000744767,1.2359786911510642,-0.9740078632123796,1.0087783128663883,1.1383020357699063,0,10.791666666666675,-5.875000000000001,Cephalophus_niger,81
710,-0.04556881065425846,0.08147598247936355,0.281030272289134,1.173587257027453,0.6626764427807501,0.6986157605994442,-1.2702037819593508,1.029258628922165,1.23001960889293,1.247757867233091,1.2964652818198736,0.8046006596911756,1.156954223564074,1.7535477161877986,1.0756792638188981,-1.1223342943872558,0.7464288886673458,0.3937917795019842,1.237510933986665,-0.2638629758532803,-0.5905116907839039,3.0352212562779854,1.097207113088185,0.8525507938148738,1.2462747350009566,1.826091025059775,3.2417356333145992,-0.6021878116605304,1.1419854982101014,3.0214673443847135,-0.5894502133085299,0.09966188245374367,-0.3098891212297512,0.3864168222791725,1.1037116280207735,-1.2886346635853163,0.8378327928546404,1.1759414591818802,-1.075395316211468,0.7723716423374264,1.0065638582854797,0,10.958333333333345,-12.625000000000002,Cephalophus_niger,79
711,-0.825352470777871,0.8983208754955719,-1.272392151082927,1.5728997223163161,0.9844059336370622,-1.0308911927298043,-0.9366890113185251,-0.26451287354899256,1.5716499203455134,1.5810685480304483,1.347253333666082,1.42623245150729,1.156954223564074,1.9298740602300037,1.349876515334115,-0.8735784910354204,1.20002690193045,0.8824333937625488,1.4599560588685971,-0.5112465817442858,-0.17767999337372647,-0.58774956540923,1.3334086041984172,1.359770750091159,1.295297771280841,-0.28727016578419157,0.46074785202824187,-0.6652566504981302,2.0867671269567327,0.27946080177342014,-0.6938371565748087,-0.6210810619396984,-0.6181100356328353,0.8650236554499948,0.8133757377985782,-1.0357641858501097,1.3509037935537445,1.1909507671741764,-0.7132972697861527,1.178991115647241,1.1383020357699063,0,14.125000000000009,-3.2916666666666687,Cephalophus_niger,41
712,-1.3771132315591008,0.48989842898746777,0.281030272289134,1.5484103520995731,0.8320676770236978,-0.7014612471842958,-1.0756534742367476,-0.021128162329238972,1.5334677090655189,1.5438161778236847,1.4303610548689685,1.3545057062977384,1.156954223564074,2.0812319657135094,1.2693929944835791,-1.0785081214318477,1.1369618792419915,0.688025340555257,1.4624838443786192,-0.31015698397323455,-0.17767999337372647,-0.529831139730062,1.3064141480715337,1.2666079009791882,1.3345162003047484,0.1919137293141302,1.3164364001163518,-0.6652566504981302,1.7619984420750783,0.9766947392589324,-0.6843474344596925,-0.7270726714093222,-0.6036621802701908,0.896930777661383,0.9585436829096758,-1.1280667176469912,1.2250561896086811,1.1809445618459788,-0.792958839999722,1.0749721806144976,1.0895101181830815,0,12.708333333333346,-6.291666666666668,Cephalophus_niger,58
713,-0.2756142453804404,0.24484496108260523,0.09827469306889156,1.4219280736771738,0.5470962100530405,0.019166597623618997,-1.2841002183116577,0.5112974106517324,1.370288995595226,1.3846113114663587,1.4165097680018208,0.8285095747610262,1.156954223564074,2.1567176199404803,1.3826229822215328,-1.322314042285994,0.7836413343382307,0.6268481593767387,1.3234556413274117,-0.24794941056204597,-0.26024633285576193,-0.4907406466458722,1.191687709532278,0.9767679259641681,1.3051023785368177,1.1080434254139613,1.9314625440546809,-0.5706533922417305,0.9648389428201081,1.9622080932048007,-0.5040427142724835,0.03076733629848818,-0.39657625340561864,0.7693022888158303,1.1037116280207735,-1.2947881657051086,0.9830415666374057,1.1559290485254856,-0.9377980585698482,0.9142156446548035,1.0895101181830815,0,9.791666666666675,-7.791666666666668,Cephalophus_niger,93
714,0.12615112914402576,0.04063373782855314,0.281030272289134,1.1456996322097126,-0.25021715689796775,-0.10436958593512242,-1.3952718250911251,0.7189640030791268,1.346575832800282,1.3614756289168952,1.2041233693722218,0.8404640322959513,1.156954223564074,1.5812859570343363,1.091688736461001,-1.4421091524855587,0.5145377847511526,0.46196066393060564,1.2653165745969066,-0.2913500431745031,-0.6730780302659393,-0.5613511858856706,1.1781904814688362,0.8525507938148738,1.3051023785368177,0.7672257006327841,1.0579471512147354,-0.22377477863493134,0.02005731407347666,0.8023862548875543,0.00840227994379463,0.16855642860899916,1.8813689421046749,0.003531355742514714,1.6359940934281316,-1.3926673087980517,0.7603881135038323,1.3610562577535308,-1.4012835579942517,0.8763905773701697,1.1285436522525414,0,7.791666666666676,-6.458333333333332,Cephalophus_niger,117
715,0.5688670433339916,0.9391631201463824,-1.272392151082927,1.7363366235279556,1.2367875739735725,-1.3191423183807505,-0.8394138243255058,-0.4447267905931465,1.754522616476014,1.75948779481021,1.3518704292884647,1.7011849748105714,1.156954223564074,1.7765805115595175,1.2597873108983173,-0.4947836865359689,1.492241084020366,1.4126364209004059,1.5433729806993217,-0.5372869613117601,-0.095113653891691,-0.5517742839593552,1.4616322708011147,1.587502159031532,1.3345162003047484,-0.6703259846621814,-0.24341251566926533,-0.6652566504981302,2.4115358118383874,-0.34402723847804756,-0.703326878689925,-0.9549546317690134,-0.6229259874203835,0.9607450220841592,0.7649864227615457,-0.9148094098079461,1.5735572466873178,1.255991101807459,-0.6408776605010896,1.4721353871031537,1.1724563780806836,0,16.291666666666675,-7.208333333333332,Cephalophus_niger,15
716,-1.1608570237659197,0.6532674075907094,0.37240806189925524,1.5826040924535896,0.8782994809979576,-1.133838058382913,-0.8880513846902978,-0.34032769462541157,1.507343038189733,1.5183277139980045,1.3056994730646387,1.2469155884834109,1.156954223564074,1.8489689594847087,0.8547498738150248,-0.30969937623671684,1.4842112957733433,0.8909785454268866,1.3866502790779605,-0.2595229125920345,-0.012547314409655536,-0.6155890912059956,1.2929169200080917,1.3080136116956198,1.2364701277449799,-0.40961499006461416,0.2824794045098856,-0.6652566504981302,2.2934381082450583,0.09844814492621984,-0.703326878689925,-0.7164735104623597,-0.6229259874203835,1.0245592665069356,0.7165971077245131,-0.9901898107753994,1.4089873030668505,1.120907329876795,-0.5684580512160267,1.178991115647241,1.0260806253202095,0,14.625000000000009,-4.625000000000001,Cephalophus_niger,35
717,-1.390588285908599,0.6532674075907094,-0.08448088615135091,1.2426932771326338,1.1723656959009647,0.06034535615708228,-1.3014707803179002,0.5879485962770838,1.4494668442495307,1.461860963368805,1.402658481134673,1.0197808953198306,1.156954223564074,2.022779026451376,1.3896088329761815,-0.8501311559308741,0.6951152275274907,0.33067234328590484,1.3778030297928836,-0.3202837982494745,-0.17767999337372647,-0.585830871601274,1.2456766217860453,1.0078222090014917,1.3394185039327366,1.0410450692603965,3.1436879871795034,-0.6652566504981302,2.0867671269567327,2.662794116928224,-0.703326878689925,-0.30840581400430805,-0.6084781320577389,0.2587883334336199,1.055322312983741,-1.3295939120701825,0.9636803967997036,1.2509879991433601,-1.0898792380684805,1.0560596469721808,1.1431812275285886,0,12.291666666666675,-15.375000000000002,Cephalophus_niger,63
718,-0.3041794592383814,0.5715829182890886,0.1896524826790128,1.2818860813412987,0.4546320238708729,-0.33085266582752204,-1.3188413423241427,0.5121829466197072,1.4900605636103672,1.5014661148517852,1.2410601343512826,1.0675987254595316,1.156954223564074,1.6039314170322796,1.2252944368412853,-1.2876075221459669,0.7076498737162162,0.39087839694564275,1.3992892066280702,-0.32317717375697164,-0.5079453513018684,-0.4628405221193099,1.2794196919446499,1.0699307750761389,1.3590277184446904,0.5560352301487212,0.6211894547947625,-0.4760501339853307,0.4038748507517957,0.7185840989397764,-0.5135324363875998,-0.223612526428609,1.905448701042416,0.13115984458806731,1.5876047783910991,-1.3299785059526696,1.0024027364751078,1.4561152083714053,-1.357831792423214,0.942584445118279,1.2163691039088258,0,8.291666666666679,1.7916666666666667,Cephalophus_niger,111
719,1.0812785768265536,0.6941096522415199,0.281030272289134,1.6024535688002146,0.8297937732029923,-0.49556757723917727,-1.1590321917457422,0.14432615566137455,1.5093526282571013,1.5202883650615184,1.4534465329808814,1.1393254706690834,1.156954223564074,2.1406527265691326,1.3335759008050123,-1.0925030902872177,1.1874922557417245,0.7581364800214394,1.4498449168285092,-0.3506642410781945,-0.5905116907839039,-0.5084558165617752,1.2929169200080917,1.2252021902627568,1.3443208075607251,0.5021452480252018,1.4679645805069546,-0.6652566504981302,1.4077053312950916,1.2984950180983996,-0.6938371565748087,-0.47269280868222496,-0.5747664695449016,1.0245592665069356,1.1037116280207735,-1.1751794682516494,1.205695019770979,1.2009569725023737,-0.8364106055707599,1.0087783128663883,1.1187852687351763,0,11.958333333333346,-8.041666666666668,Cephalophus_niger,67
720,0.5894130875856991,0.6941096522415199,2.4740972229320435,1.5498807353843826,0.930973675161255,-0.8249974614235867,-1.1069205057270146,-0.08075669064277763,1.6082244595716135,1.6167523973864004,1.4534465329808814,1.4142779939723646,1.156954223564074,2.1462656192710807,1.174937550047554,-1.1379066413886638,1.113067663249493,0.7334712635076713,1.5421090879443107,-0.3130503594807317,0.2351517040364509,-0.5233768916769564,1.360403060325301,1.3390678947329433,1.3982461474685979,0.006940006890157966,0.8083713246890366,-0.6652566504981302,1.6734251643800817,0.6381340292299096,-0.6938371565748087,-0.6740768666745103,-0.6181100356328353,0.705488044393054,1.0069329979467085,-1.1553728833035686,1.3121814538783403,1.2960159231202482,-0.8943462929988103,1.0938847142568147,1.1529396110459535,0,12.541666666666675,-1.0416666666666692,Cephalophus_niger,60
721,0.45847080036065185,0.8166363861939511,0.5551636411194977,1.7731933271265214,1.0871016751035205,-1.113248587074533,-1.0026971336895596,-0.3084962949925918,1.6484162609189763,1.655965418656678,1.4395952461137338,1.2947334186231119,1.156954223564074,2.0676833494176994,1.4708200975061207,-0.6240770231065818,1.5543267767715176,1.0205193106922013,1.5370535169242667,-0.4707393246393259,1.2259477778208765,-0.5143475066817419,1.3873975164521846,1.4011764608075905,1.3443208075607251,-0.3513555499310796,0.35378678351722814,-0.6652566504981302,2.322962534143391,0.27946080177342014,-0.6843474344596925,-0.9337563098750886,-0.6132940838452872,1.311723366409429,0.9585436829096758,-1.07749262209995,1.4961125673365097,1.2059600751664723,-0.6263937386440771,1.3019225843223012,1.167577186322001,0,15.375000000000009,-13.791666666666668,Cephalophus_niger,26
722,1.6314013542064314,0.4082139396858469,0.281030272289134,1.3291986001086264,0.48002197423712034,0.16329219112964155,-1.3570565919905633,0.7197019497191057,1.3240684240457588,1.3395163370055398,1.3934242898899079,0.7567828295514745,1.156954223564074,2.0645864384536043,1.3117449228800673,-1.401317099196294,0.7530881529313082,0.5796540883519148,1.3019694644922248,-0.3116036717269831,-0.5079453513018684,-0.584130426401428,1.1646932534053942,0.8732536491730895,1.3100046821648061,1.2405836517177524,1.6818867175289822,-0.5391189728229305,0.5810214061417891,1.8080121262608893,-0.39016604889108836,-0.19711462406120303,-0.33396888016749215,0.5778595555475015,1.3456582032059363,-1.3570923746680035,0.8668745476111934,1.210963177830571,-1.1043631599254933,0.8669343105490112,1.094389309941764,0,9.208333333333343,-8.125000000000002,Cephalophus_niger,100
723,-0.22211787010885312,0.24484496108260523,0.1896524826790128,1.7256193581372508,1.2515666477824503,-1.3397316669669326,-0.8498362012873125,-0.45048300898144766,1.7034790287648633,1.7096872577969577,1.347253333666082,1.593594856996244,1.156954223564074,1.8683242100037754,1.3104351175028566,-0.7452888960024523,1.368853282007723,1.3073726582185565,1.5029284125389704,-0.3130503594807317,0.5654170619645927,-0.4823718428946398,1.4278892006425101,1.515042165277777,1.3100046821648061,-0.6834343586922267,-0.25232593804518316,-0.6652566504981302,2.3820113859400553,-0.3674918421434254,-0.703326878689925,-0.944355470822051,-0.6229259874203835,1.0564663887183237,0.8133757377985782,-0.931923837578618,1.4864319824176586,1.2059600751664723,-0.6336356995725834,1.4343103198185199,1.1431812275285886,0,15.875000000000009,-0.7083333333333334,Cephalophus_niger,20
724,-1.0462001936896719,0.28568720573341566,0.281030272289134,1.28956466097171,0.3875577880549527,-0.042601478815476976,-1.3153672498019249,0.5161680086173314,1.3461739147868084,1.3610834987041924,1.3934242898899079,0.8763274049007272,1.156954223564074,2.065941447752028,1.3038858685406112,-1.3602038850230187,0.7291939369388095,0.4874026046514911,1.3196639630623785,-0.2899033554207545,-0.34281267233779744,-0.35806445191470065,1.1781904814688362,0.9353622152477367,1.3149069857927946,0.950742937053418,1.548185381890215,-0.4760501339853307,0.7286435356334502,1.5398452272279999,-0.44710438158178595,-0.44089532584133784,-0.406208156980715,0.45023106670194885,1.1521009430578062,-1.3180560955955725,0.9152774722054485,1.2059600751664723,-1.0609113943544553,0.8669343105490112,1.0992685017004464,0,9.625000000000009,-6.958333333333332,Cephalophus_niger,95
725,1.6356330719300718,0.48989842898746777,0.281030272289134,1.6165200294825364,0.9813742546206708,-0.8455868100097689,-1.0061712593434953,-0.15017569891285973,1.5467310035101487,1.5567564748428762,1.4303610548689685,1.3903690789025143,1.156954223564074,2.230847969531343,1.2939890430683498,-0.9455381333807101,1.0915238988764382,0.7505621595293703,1.465011629888641,-0.31015698397323455,-0.17767999337372647,-0.4883117718315495,1.3131627621032544,1.297662184016512,1.3198092894207831,-0.004711881136548948,0.9064189708241326,-0.6652566504981302,1.850571719770075,0.6917674090364875,-0.6843474344596925,-0.31900497495127045,-0.6132940838452872,1.088373510929712,0.8617650528356108,-1.08518449974969,1.3121814538783403,1.1309135352049924,-0.6553615823581023,1.103340981077973,1.074872542907034,0,13.208333333333346,-5.041666666666667,Cephalophus_niger,52
726,-0.2602862838243002,-0.16357748542549896,-0.17585867576147213,1.5890571864899206,1.3739677246218043,-0.8044081128374045,-1.186825064450356,-0.08803807695252369,1.5342715450924662,1.5446004382490903,1.4442123417361163,1.0436898103896812,1.156954223564074,2.2196221841274473,1.559599274488516,-0.7051678008015839,1.2027688464451856,0.6734593168130848,1.4397337747884216,-0.3116036717269831,0.1525853645544154,-0.612164269104646,1.3064141480715337,1.1837964795463254,1.3345162003047484,0.05209107299364726,1.2094753316053382,-0.6652566504981302,2.2934381082450583,1.0202718603517769,-0.703326878689925,-0.748270993303247,-0.6181100356328353,1.0564663887183237,1.055322312983741,-1.2215230310913339,1.2637785292840853,1.2009569725023737,-0.792958839999722,1.1695348488260824,1.1578188028046361,0,13.458333333333346,-15.708333333333336,Cephalophus_niger,49
727,1.647333564708797,1.102532098749624,-1.272392151082927,1.7308962253169689,1.1568288468964012,-1.277963621208386,-0.8428879499794414,-0.41884840763110043,1.7079001269130731,1.7140006901366882,1.347253333666082,1.593594856996244,1.156954223564074,1.846839870114104,1.3034492667482076,-0.6460216865536971,1.4421024992654634,1.2823192277744855,1.5105117690690362,-0.5011197674680459,0.07001902507237993,-0.6181406205005562,1.4278892006425101,1.5357450206359926,1.3198092894207831,-0.6062406005152934,-0.06514406815090908,-0.6652566504981302,2.500109089533384,-0.21664796143742512,-0.703326878689925,-0.9019588270342015,-0.6229259874203835,1.0564663887183237,0.7649864227615457,-0.9363466672272185,1.5348349070119138,1.2209693831587682,-0.6191517777155707,1.4059415193550444,1.1578188028046361,0,15.875000000000009,-1.9583333333333333,Cephalophus_niger,20
728,1.605649209532878,0.8166363861939511,-0.5413698342019571,1.6880275626103236,1.1678181773763778,-0.9691230242490597,-1.2111438777644696,-0.1920435857391722,1.5173909885265737,1.5281309693155738,1.4672978198480293,0.912190777505503,1.156954223564074,2.2176865409404667,1.8997260615709721,-0.6541203740299365,1.3798210600666656,0.7927064859951404,1.4334143110133666,-0.43891219405685733,-0.6730780302659393,-0.5943142926794195,1.2929169200080917,1.1527421965090017,1.3345162003047484,-0.1532734534770621,0.7370639456816941,-0.6652566504981302,2.2934381082450583,0.6280777705161763,-0.703326878689925,-0.8224651199319836,-0.6132940838452872,1.3755376108322053,1.2004902580948387,-1.2328685506247006,1.2831396991217872,1.1909507671741764,-0.7639909962856969,1.1506223151837656,1.240765062702238,0,13.958333333333346,-15.625000000000002,Cephalophus_niger,43
729,-0.7556126092338429,0.8983208754955719,0.1896524826790128,1.306326591676748,0.21324029224798713,-0.3926207729471675,-1.3084189984940537,0.45265287375055635,1.5338696270789924,1.5442083080363875,1.2641456124631956,1.127371013134158,1.156954223564074,1.624835123033394,1.213505522217814,-1.2798528906069475,0.7485832949896051,0.411853506695952,1.4384698820334105,-0.3304106125257145,-0.34281267233779744,-0.4861004461575997,1.3064141480715337,1.1216879134716782,1.3786369329566441,0.48321092998180304,0.43400758490048846,-0.5391189728229305,0.3448259989551312,0.561036045757954,-0.5325118806178323,-0.223612526428609,1.679098967027651,0.09925272237667916,1.5392154633540664,-1.3190175803017898,1.0604862459882138,1.4811307216918987,-1.3505898314947076,0.9804095124029129,1.240765062702238,0,8.208333333333345,2.2916666666666665,Cephalophus_niger,112
730,-0.005785160106528931,0.8983208754955719,0.1896524826790128,1.2620527586697137,0.3314728827190091,-0.2896739072940588,-1.2806261257894398,0.4442890781194942,1.4406246479531108,1.4532340986893442,1.2041233693722218,1.0197808953198306,1.156954223564074,1.5234136516607601,1.1995338207085162,-1.1551021566425281,0.7487793402867895,0.3100855956391542,1.3348306761225104,-0.3304106125257145,-0.34281267233779744,-0.4789647306560558,1.2389280077543243,1.0388764920388154,1.3296138966767599,0.5939038662355187,0.7014102561780229,-0.4760501339853307,0.31530157305679896,0.648190287943643,-0.4565941036969022,-0.21831294595512782,1.804313713503904,0.16306696679945545,1.3456582032059363,-1.3070951699446927,0.9830415666374057,1.371062463081728,-1.2492023784956192,0.8858468441913281,1.177335569839366,0,8.708333333333345,2.6249999999999987,Cephalophus_niger,106
731,0.8984069587206418,-0.2452619747271198,-1.1810143614728057,1.6787318206231345,1.339104283283776,-1.3809104868614948,-0.7734057019544713,-0.48157642443885407,1.7629628947589602,1.767722529276968,1.3010823774422562,1.7729117200201232,1.156954223564074,1.619802864220003,1.1337497450466811,-0.3105369010883705,1.4041067689544562,1.51537560764924,1.5231506966191461,-0.5372869613117601,-0.4253790118198329,-0.10928578906627465,1.4683808848328357,1.6082050143897477,1.3149069857927946,-0.7577151448624833,-0.4127675408117038,-0.6652566504981302,2.4410602377367194,-0.5049273778977812,-0.703326878689925,-0.7800684761441341,-0.6181100356328353,0.7693022888158303,0.6682077926874805,-0.8600047815535478,1.5735572466873178,1.2659973071356563,-0.6553615823581023,1.5477855216724217,1.1529396110459535,0,16.875000000000007,-7.291666666666668,Cephalophus_niger,8
732,0.8663186930419988,0.9800053647971928,-0.5413698342019571,1.4446040442996169,1.1151439832130805,-0.4132101215333497,-1.1798768462742026,0.2034627070364491,1.5230178407152046,1.5336207922934126,1.4950003935823248,1.378414621367589,1.156954223564074,2.2352998897938616,1.3763646530700957,-1.0984567143225514,0.8817640975257762,0.4928405631408478,1.4978728415189264,-0.39406487369065163,-0.5905116907839039,-0.599711676775821,1.2996655340398127,1.2562564733000803,1.3688323257006674,0.5487528001320294,1.6908001399049,-0.6652566504981302,1.466754183091756,1.3655367428566219,-0.6843474344596925,-0.3243045554247516,-0.5988462284826426,0.6097666777588896,0.9585436829096758,-1.178063922370302,1.21537560468983,1.2609942044715576,-0.9160721757843292,0.9898657792240714,1.1578188028046361,0,10.958333333333345,3.7916666666666665,Cephalophus_niger,79
733,-1.380827769331001,-0.2452619747271198,-0.7241254134221995,1.620326513377445,0.8100884378300967,-0.9279443270766954,-1.117342816425386,-0.15809665148906574,1.6070187055311926,1.6155760067482923,1.4672978198480293,1.342551248762813,1.156954223564074,2.1847826741255902,1.2593507091059137,-1.1150099078083946,1.1937597282608563,0.7983388477961602,1.535789624169256,-0.3723645573844231,0.07001902507237993,-0.6156932403623439,1.360403060325301,1.3390678947329433,1.388441540212621,-0.1241437334102948,0.6301028771706804,-0.6652566504981302,1.732474016176746,0.45376928614479817,-0.6938371565748087,-0.7747688956706529,-0.6181100356328353,0.9288378998727711,1.055322312983741,-1.1474887087125851,1.3315426237160424,1.2760035124638536,-0.8508945274277725,1.103340981077973,1.1431812275285886,0,12.791666666666675,-0.04166666666666904,Cephalophus_niger,57
734,1.6973549489279045,0.9391631201463824,-1.272392151082927,1.709102723979116,1.0495855869053559,-1.0720698899021686,-0.8150950772748276,-0.3052491984026638,1.625105016137506,1.633221866319917,1.3934242898899079,1.557731484391468,1.156954223564074,2.041166750714637,1.4686368664679113,-0.7629546350402747,1.3784499383845286,0.9581765986832393,1.4498449168285092,-0.5083532062367887,-0.095113653891691,-0.3119048835279157,1.3739002883887428,1.4839878822404533,1.2805908603968756,-0.28872665178752993,0.6122760324188448,-0.6652566504981302,2.4115358118383874,0.3733192164349314,-0.703326878689925,-0.7694693151971717,-0.6181100356328353,1.2479091219866525,0.7165971077245131,-0.9230781782814168,1.4864319824176586,1.090888713892203,-0.46707059821693836,1.2830100506799842,1.1236644604938588,0,15.291666666666675,-9.541666666666668,Cephalophus_niger,27
735,1.0132471768378255,0.8983208754955719,0.1896524826790128,1.3500773248118094,0.7414980733891567,-0.33085266582752204,-1.2493590942991726,0.3776252458040275,1.5350753811194133,1.545384698674496,1.2687627080855781,1.211052215878635,1.156954223564074,1.616318765550975,1.3766557949570952,-1.1260280996538243,0.8521902460561603,0.4033080586851025,1.416983705198224,-0.3304106125257145,-0.34281267233779744,-0.5662457382783271,1.3064141480715337,1.1837964795463254,1.3737346293286556,0.590990894228842,1.0936008407184066,-0.6337222310793303,0.8762656651251114,1.1074261025374659,-0.5989399354236461,-0.5733848376783676,2.4640991083980057,0.2906954556450081,1.2488795731318711,-1.2595978254575475,1.128250340420171,1.3910748737381227,-1.16954080828205,0.9709532455817544,1.2358858709435556,0,9.958333333333343,-0.1250000000000012,Cephalophus_niger,91
736,0.7897603910572694,1.0208476094480032,-0.906880992642442,1.2880615714806467,0.36292590200121516,-0.186727103002049,-1.3223154679780782,0.570581476283934,1.5423099053619387,1.5524430425031457,1.2779968993303432,1.175188843273859,1.156954223564074,1.5977378904417745,1.3632661551456051,-1.1977296650384723,0.7489750867344355,0.3846637142491687,1.418247597953235,-0.4475923205793487,-0.7556443697479748,-0.5004458153027387,1.3131627621032544,1.142390768829894,1.388441540212621,0.7439219245793702,1.1025142630943243,-0.5391189728229305,0.49244812844679237,0.9230613594523546,-0.47557354792713474,-0.2819079116369021,2.1992217600828554,0.06734560016529101,1.3456582032059363,-1.324401894656608,1.0508056610693628,1.431099695050912,-1.2854121831381509,0.9993220460452299,1.2554026379782854,0,8.625000000000009,-0.1250000000000012,Cephalophus_niger,107
737,0.8059943968494033,0.8983208754955719,-1.272392151082927,1.6398166203114528,1.0120694987071912,-1.0720698899021686,-0.9714301353310102,-0.2675631906241652,1.632741458393505,1.6406723403612697,1.3888071942675253,1.4979591967168417,1.156954223564074,2.0074885084898946,1.0745151404232829,-0.9638750405532885,1.2037481763824924,0.9478832989464919,1.520622911109124,-0.5112465817442858,-0.17767999337372647,-0.4042053939158723,1.3739002883887428,1.4115278884866984,1.3394185039327366,-0.3134869138442821,0.36270020589314594,-0.6652566504981302,2.0572427010584007,0.24258785315639786,-0.703326878689925,-0.6475789643071043,-0.6229259874203835,0.9288378998727711,0.9101543678726434,-1.0574937402106255,1.3702649633914465,1.2359786911510642,-0.7639909962856969,1.2073599161107165,1.113906076976494,0,14.041666666666675,-2.2916666666666687,Cephalophus_niger,42
738,0.4821814816081265,1.2250588327020553,0.09827469306889156,1.491736878360636,0.7229295453682019,-0.45438888006681294,-1.2076697521105342,0.24129632291066067,1.5804921166419332,1.5896954127099092,1.291848186197491,1.2708245035532615,1.156954223564074,1.749289537446589,1.4293411506182483,-1.1229021197130302,1.0022145074255757,0.5367330376790274,1.4447893458084655,-0.3318573002794631,-0.26024633285576193,-0.5379821986856105,1.3401572182301382,1.2562564733000803,1.388441540212621,0.5021452480252018,1.1292545302220778,-0.6652566504981302,1.1715099241084337,1.1778199135335994,-0.6558782681143437,-0.721773090935841,2.565234095936518,0.5778595555475015,1.2004902580948387,-1.2261381576811778,1.2540979443652343,1.3660593604176294,-1.0391855115689363,0.9993220460452299,1.240765062702238,0,10.541666666666675,0.3749999999999988,Cephalophus_niger,84
739,-0.2704376397862157,0.36737169503503647,-0.08448088615135091,0.6893704774443352,-0.3555655452245625,0.5956689179567476,-1.43001294910361,1.8724215957301622,1.3819446179859611,1.3959830876347392,1.181037891260309,1.0556442679246063,1.156954223564074,1.2038585719125352,0.7715010602284719,-1.529721449557122,0.05506438956328519,0.11606620088193277,1.3285112123474554,-0.3419841145557031,-0.8382107092300103,-0.4610167993993448,1.198436323563999,0.8732536491730895,1.3296138966767599,1.2056279876376317,2.840631626398298,0.09156941555306787,0.6695946838367858,1.6672245042686225,0.6252342174263517,0.30104594044602895,0.609957670191953,-1.1132179216560705,1.7327727235021968,-1.4197811775133855,0.5667764151268119,1.521155543004688,-1.7778655262765795,0.9804095124029129,1.1724563780806836,0,5.291666666666676,-5.875000000000001,Cephalophus_niger,147
740,-0.4655875332762213,1.0208476094480032,-1.272392151082927,1.6389181967799096,1.2273137938849676,-1.3191423183807505,-0.811620951620892,-0.44969583461927476,1.6178704918949807,1.6261635224912672,1.3103165686870213,1.593594856996244,1.156954223564074,1.763805975335889,1.2514914326902662,-0.6444443784231124,1.1825959049047294,1.1838527650310762,1.4270948472383118,-0.5372869613117601,-0.012547314409655536,-0.5661544601843327,1.3671516743570218,1.4529335992031298,1.2511770386289451,-0.6732389566688581,-0.20775882616559407,-0.6652566504981302,2.5591579413300485,-0.32391472105058083,-0.6938371565748087,-0.6793764471479914,-0.6181100356328353,1.0245592665069356,0.7165971077245131,-0.8873109472101252,1.4283484729045526,1.1409197405331897,-0.5829419730730392,1.396485252533886,1.0846309264243992,0,16.375000000000007,-10.708333333333334,Cephalophus_niger,14
741,-0.05439921969341721,0.9391631201463824,-1.272392151082927,1.6262078470885963,1.234892702309122,-1.3191423183807505,-0.811620951620892,-0.45117178420238435,1.6299280322991896,1.6379274288723502,1.3103165686870213,1.6175037720660945,1.156954223564074,1.7502573590400794,1.2386840766527751,-0.6498588134530472,1.1743700713605225,1.185017999515008,1.4372059892783995,-0.5372869613117601,-0.095113653891691,-0.3348702974092253,1.3739002883887428,1.4632850268822377,1.260981645884922,-0.68052138668555,-0.2166722485415119,-0.6652566504981302,2.470584663635052,-0.34067515224013645,-0.6938371565748087,-0.6846760276214726,-0.6181100356328353,0.9607450220841592,0.7165971077245131,-0.8907722921525082,1.4283484729045526,1.1559290485254856,-0.6046678558585581,1.4059415193550444,1.094389309941764,0,16.375000000000007,-10.458333333333334,Cephalophus_niger,14
742,-0.8013476312942082,0.20400271643179482,0.281030272289134,1.142677299552546,0.1961874591768159,-0.2690845587078766,-1.3223154679780782,0.5090834205900578,1.4020405186596425,1.4155895982698778,1.2364430387289,1.0556442679246063,1.156954223564074,1.5150908880308078,1.2004070242933234,-1.345738482337331,0.5689851821505738,0.30173440276671193,1.3297751051024664,-0.3390907390482059,-1.1684760671581522,-0.5021723462469324,1.2119335516274408,0.987119353643276,1.3247115930487714,0.5735130621887816,0.8083713246890366,-0.5075845534041307,0.22672829536180228,0.5241630971409317,-0.36169688254573956,-0.09112301459157922,1.626123497364621,-0.06028288868026159,1.3456582032059363,-1.326324864069043,0.8765551325300445,1.3760655657458267,-1.336105909637695,0.8763905773701697,1.167577186322001,0,8.791666666666679,-2.958333333333333,Cephalophus_niger,105
743,-0.5394034746588519,0.8166363861939511,-0.44999204459183584,1.2244121032614927,-0.17366899643503061,-0.33085266582752204,-1.3987459341792017,0.5749109634274608,1.4896586455968934,1.5010739846390826,1.2872310905751083,1.0436898103896812,1.156954223564074,1.69103004436808,1.07349625485688,-1.4548194077894328,0.6248037012321319,0.8872887350099395,1.4005530993830813,-0.4070850634743888,-0.5905116907839039,-0.3750296848060582,1.2794196919446499,1.0285250643597075,1.3786369329566441,0.5283619960852923,0.44292100727640626,-0.4760501339853307,0.04958173997180889,0.45376928614479817,-0.31424827197015825,0.3169446818664725,0.9567061988954226,-0.06028288868026159,1.684383408465164,-1.3868984005607465,0.9152774722054485,1.4661214136996028,-1.4374933626367832,1.178991115647241,1.1968523368740958,0,7.291666666666676,-4.625000000000001,Cephalophus_niger,123
744,-0.7896082948808923,0.6532674075907094,0.1896524826790128,1.50694666026523,0.822214864778838,-0.5161569871864584,-1.1972474082804452,0.14245666581647148,1.4976970058663661,1.508916588893138,1.4719149154704119,1.2230066734135603,1.156954223564074,2.186911763496195,1.3475478243905015,-1.2904065299201315,0.9416953839546687,0.6699636133612891,1.4485810240734984,-0.36802449412317734,-0.17767999337372647,-0.46968703950556906,1.2794196919446499,1.1837964795463254,1.3590277184446904,0.41766905983157665,1.3342632448681875,-0.6337222310793303,1.3191320536000948,1.1275386199649327,-0.6653679902294599,-0.32960413589823284,-0.584398373119998,0.8012094110272184,1.1037116280207735,-1.2234460005037688,1.1185697555013199,1.2159662804946696,-0.9233141367128356,1.0087783128663883,1.1187852687351763,0,11.291666666666675,-4.541666666666667,Cephalophus_niger,75
745,-1.4600789227428934,0.36737169503503647,0.1896524826790128,1.4062444506380745,1.2144293026237165,-0.2896739072940588,-1.1451357222617176,0.25398953061438095,1.4892567275834199,1.5006818544263798,1.4395952461137338,1.2947334186231119,1.156954223564074,2.0028431420437522,1.4364726833544925,-0.8998134213952533,1.1052336214501164,0.47963417719427065,1.4549004878485532,-0.3318573002794631,0.31771804351848637,-0.30827692535696744,1.2794196919446499,1.2355536179418647,1.3443208075607251,0.6914884284591891,1.9403759664305986,-0.6652566504981302,1.7619984420750783,1.8080121262608893,-0.703326878689925,-0.7800684761441341,-0.584398373119998,0.6097666777588896,0.9101543678726434,-1.1601803068346563,1.205695019770979,1.2259724858228669,-0.8726204102132914,0.9804095124029129,1.2114899121501432,0,12.791666666666675,-10.875000000000002,Cephalophus_niger,57
746,0.14390543529203598,0.6532674075907094,-0.17585867576147213,1.1748614030747404,0.272735619639753,-0.042601478815476976,-1.3917977160030484,0.682262005480708,1.3409489806116512,1.3559858059390564,1.2087404649946045,0.8404640322959513,1.156954223564074,1.5898021668479128,1.2423225729735994,-1.4080966955334968,0.5537085914471125,0.4637085156565035,1.24383039776172,-0.3767046206456688,-0.8382107092300103,-0.5224316515209063,1.1714418674371152,0.8732536491730895,1.3051023785368177,0.8517018888264092,1.1470813749739133,-0.3183780368913311,0.1676794435651378,0.9800468254968435,-0.04853605274690294,0.020168175351525798,2.2329334225956927,0.09925272237667916,1.4424368332800015,-1.382860164794633,0.7894298682603853,1.3160283337766427,-1.314380026852176,0.8763905773701697,1.1334228440112237,0,8.125000000000009,-6.875000000000001,Cephalophus_niger,113
747,-0.8427415150873916,0.1631604717809844,-0.7241254134221995,1.5594379275935144,0.8779207379585267,-0.9691230242490597,-1.0165935700418665,-0.19765220541561895,1.6038033614234037,1.61243896504667,1.3934242898899079,1.4620958241120658,1.156954223564074,2.002456249676504,1.122252194386401,-0.9893472225655279,1.1091506423498048,0.8162064680249767,1.5168312328440912,-0.42299862876562305,-0.26024633285576193,-0.6216314784093699,1.35365444629358,1.3701221777702668,1.3443208075607251,-0.19551154757387465,0.5677089205392556,-0.6652566504981302,2.027718275160068,0.4168963375277759,-0.6938371565748087,-0.5309881938905181,-0.6181100356328353,0.7693022888158303,0.9101543678726434,-1.0846076089259595,1.3121814538783403,1.2509879991433601,-0.8291686446422536,1.1506223151837656,1.0992685017004464,0,13.541666666666675,-3.3750000000000013,Cephalophus_niger,48
748,1.0655370293170263,1.3475855666544865,2.382719433321922,1.5100016991286502,1.0132063060591319,-0.6808718985981136,-1.1937733157582273,0.07539916186519097,1.6182724099084542,1.62655565270397,1.3195507599317864,1.3903690789025143,1.156954223564074,1.8505174149667563,1.2985009650501727,-1.1805284085174423,1.021016327283895,0.6383066935974179,1.4877616994788387,-0.402745000213143,0.5654170619645927,-0.4429423280702026,1.3671516743570218,1.3287164670538354,1.4129530583525631,0.18317481329410001,1.0579471512147354,-0.6652566504981302,1.466754183091756,0.8426112897424877,-0.6653679902294599,-0.4779923891557062,2.083638917181699,0.5459524333361133,1.2004902580948387,-1.2146003412065676,1.2734591142029363,1.3910748737381227,-1.0609113943544553,1.0466033801510222,1.231006679184873,0,11.541666666666675,-0.1250000000000012,Cephalophus_niger,72
749,0.7803839326871026,0.4082139396858469,0.0068969034587703275,1.3128287450224594,0.6441076256429712,-0.20731645158823117,-1.3396860299843207,0.45388283486443387,1.4591128765728976,1.4712720884736716,1.2733798037079607,1.0436898103896812,1.156954223564074,1.702836758998218,1.3145102156160842,-1.3420504883533815,0.758375996663595,0.49012158389616944,1.3259834268374335,-0.3058169207119888,-0.26024633285576193,-0.49367664046094345,1.2524252358177663,1.059579347397031,1.3639300220726789,0.746834896586047,1.6016659161457218,-0.5391189728229305,0.9057900910234437,1.3621846566187108,-0.5040427142724835,-0.5044902915231121,2.8301114442516684,0.32260257785639623,1.2004902580948387,-1.3101719210045888,1.0120833213939588,1.311025231112544,-1.1405729645680247,0.9520407119394375,1.167577186322001,0,9.958333333333343,-5.708333333333332,Cephalophus_niger,91
750,0.2913007010696383,0.4082139396858469,0.1896524826790128,1.082131730078106,-0.12971066260624028,-0.3514420144137042,-1.3744271539968058,0.6475279156361458,1.5334677090655189,1.5438161778236847,1.2826139949527258,1.163234385738934,1.156954223564074,1.5603822510332221,1.1149752017447525,-1.5250067489668653,0.43521684142192635,0.6668561238397963,1.4574282733585753,-0.3506642410781945,0.4002843830005218,-0.542884024564456,1.3064141480715337,1.0802822027552468,1.3933438438406094,0.4278644618549452,0.46074785202824187,-0.4760501339853307,0.02005731407347666,0.4303046824794204,-0.17190244024341433,0.18445517002944273,0.6677490916425313,-0.4750754774283075,1.684383408465164,-1.3667072217301788,0.8959163023677466,1.5461710563251814,-1.5678486593498966,1.178991115647241,1.2651610214956504,0,6.708333333333344,1.6249999999999991,Cephalophus_niger,130
751,-0.6715471494161193,-0.2452619747271198,-1.1810143614728057,1.628168424611038,1.3932943169552692,-1.4014998354476769,-0.69350114323113,-0.5064216351856365,1.7111154710208623,1.7171377318383103,1.2595285168408128,1.7848661775550483,1.156954223564074,1.5582531616626174,1.0817921330649312,-0.3209815263408603,1.3631733476810675,1.4800285811219098,1.4549004878485532,-0.473632700146823,-0.4253790118198329,-0.6164864930270676,1.4346378146742311,1.6082050143897477,1.260981645884922,-0.8043226969693109,-0.5019017645708819,-0.6652566504981302,2.2639136823467263,-0.5954337063213813,-0.6938371565748087,-0.8542626027728708,-0.6181100356328353,0.7693022888158303,0.5714291626134155,-0.7773170968188413,1.5735572466873178,1.2009569725023737,-0.5612160902875203,1.6045231225993724,1.094389309941764,0,17.375000000000007,-9.791666666666668,Cephalophus_niger,2
752,-1.286044132751348,0.8983208754955719,0.1896524826790128,1.3938446104780846,0.9029313670516952,-0.3720313629998864,-1.2493590942991726,0.23485133868528146,1.4904624816238408,1.501858245064488,1.2502943255960477,1.2708245035532615,1.156954223564074,1.6066411402914416,1.4532096775998073,-1.0007152116153433,0.7820744662084477,0.39359737619032104,1.3285112123474554,-0.3304106125257145,-0.34281267233779744,-0.4004792559098318,1.2794196919446499,1.1630936241881096,1.3688323257006674,0.5560352301487212,0.9955531945833107,-0.6652566504981302,1.0534122205151049,1.1208344474891103,-0.6653679902294599,-0.08582343411809802,2.4833629155481987,0.5459524333361133,1.0069329979467085,-1.2472908212179632,1.137930925339022,1.255991101807459,-0.9667659022838734,0.9614969787605959,1.177335569839366,0,10.125000000000009,4.291666666666667,Cephalophus_niger,89
753,-1.166300202032106,0.5307406736382781,0.4637858515093765,0.7563200816457256,-0.6530421821833919,0.5339008108371022,-1.4404352763678403,1.7610854916792908,1.35742761916407,1.37206314465987,1.1764207956379265,0.9600086076452042,1.156954223564074,1.2479885194689926,0.8551864756074283,-1.5031710995804441,0.12909719031068623,0.39107280025730584,1.3070250355122688,-0.3347506757869602,-1.0033433881940812,-0.42191441047224226,1.184939095500557,0.8525507938148738,1.3198092894207831,1.2085409596443084,1.3788303567477764,0.24924151264706748,-0.3047113708081779,1.0102156016380435,0.6726828280019329,0.5448266422261637,1.1493442703973502,-0.9536823105991298,1.7811620385392293,-1.420742662219603,0.5764570000456629,1.5011431323482933,-1.741655721634048,1.0276908465087053,1.1626979945633185,0,5.458333333333344,-6.708333333333332,Cephalophus_niger,145
754,1.04137523521495,0.9391631201463824,-1.272392151082927,1.7376109690033297,1.2295874085888492,-1.3191423183807505,-0.8324656392810701,-0.4481706760816884,1.6825792920642346,1.6892964867364135,1.3657217161556123,1.5816403994613186,1.156954223564074,1.8985183535594898,1.3458014172208872,-0.6773327372734103,1.457966628161401,1.2357077739916276,1.4928172704988827,-0.5083532062367887,-0.095113653891691,-0.6068620285174782,1.4143919725790683,1.5253935929568847,1.3002000749088294,-0.664500040648828,-0.26123936042110096,-0.6652566504981302,2.3820113859400553,-0.3138584623368475,-0.703326878689925,-0.970853373189457,-0.6229259874203835,1.1202806331411,0.7649864227615457,-0.9178861608678422,1.5251543220930628,1.1759414591818802,-0.5612160902875203,1.3870289857127274,1.1383020357699063,0,15.875000000000009,-8.291666666666668,Cephalophus_niger,20
755,-1.1954272331032323,0.8983208754955719,0.1896524826790128,1.2273199641967711,0.2124823724938893,-0.2690845587078766,-1.3292636861542317,0.6461502901234037,1.52583126680952,1.536365703782332,1.2687627080855781,1.0915076405293822,1.156954223564074,1.6232866675513464,1.127055036179032,-1.3951857059251844,0.6363590174835508,0.41029976193520556,1.4485810240734984,-0.3304106125257145,-0.34281267233779744,-0.2797282523880535,1.2996655340398127,1.0906336304343547,1.3737346293286556,0.6055557542622256,0.4785746967800775,-0.5391189728229305,0.1676794435651378,0.5442756145683983,-0.37118660466085585,-0.027528048909804922,1.65501920808991,-0.09219001089164974,1.684383408465164,-1.3313245845413741,0.9927221515562566,1.5161524403405893,-1.4519772844937957,0.9709532455817544,1.2456442544609205,0,7.541666666666676,2.2916666666666665,Cephalophus_niger,120
756,-1.198376584192031,0.8983208754955719,0.1896524826790128,1.459519869204101,1.052996008961178,-0.4132101215333497,-1.2076697521105342,0.19977282369481653,1.5005104319606815,1.5116615003820573,1.2641456124631956,1.3186423336929625,1.156954223564074,2.2296867017542286,1.2931158394835427,-1.1204587904413232,0.8772595384336116,0.5060472454339366,1.356316852957697,-0.3304106125257145,-0.34281267233779744,-0.5043357950662648,1.2861683059763709,1.2148507625836489,1.3688323257006674,0.5341879400986458,1.4233974686273656,-0.6652566504981302,1.3191320536000948,1.2616220694813773,-0.6843474344596925,-0.18121588264075947,-0.6132940838452872,0.6735809221816659,1.055322312983741,-1.197485913435896,1.205695019770979,1.2609942044715576,-0.9233141367128356,0.9709532455817544,1.1236644604938588,0,10.791666666666675,3.1249999999999987,Cephalophus_niger,81
757,-1.0745676341945445,0.28568720573341566,0.646541430729619,1.410296031651799,0.644865689955481,0.6986157605994442,-1.3362119043303853,0.9715487994080062,1.301159097277762,1.3171649148814817,1.3980413855122904,0.7687372870863998,1.156954223564074,2.1170392973088568,1.3917918419381996,-1.077802645725004,0.8786303612662103,0.5384808894049252,1.2665804673519176,-0.27977654114451456,-1.2510424066401875,-0.5372495575905633,1.1444474113102316,0.8732536491730895,1.2903954676528524,2.0329120375338228,2.350393395722818,-0.41298129514773085,0.5219725543451246,2.454964770177735,-0.38067632677597213,0.7515102806919302,-0.020932013976859842,0.896930777661383,1.1521009430578062,-1.3465160428996108,0.9733609817185547,1.135916637869091,-0.9160721757843292,0.8574780437278526,1.0602349676309868,0,9.375000000000009,-11.125000000000002,Cephalophus_niger,98
758,-0.8770353750074259,0.1631604717809844,0.9206747995599827,0.7920003589595918,-0.6970005160121823,0.4103646042679486,-1.4161164961854442,1.5590766903473856,1.382346535999435,1.396375217847442,1.190272082505074,1.0197808953198306,1.156954223564074,1.3023767261735406,0.8436889249471481,-1.5157838233579555,0.1688555351991224,0.46798123966192823,1.3285112123474554,-0.30292354520449166,-0.6730780302659393,-0.29330712228656547,1.198436323563999,0.8836050768521974,1.3296138966767599,1.094935051383916,1.3788303567477764,0.12310383497186779,-0.18661366721484896,1.0437364640171547,0.8150286597286769,0.7886073440062985,0.687012898792724,-0.9217751883877416,1.684383408465164,-1.4120892998636454,0.615179339721067,1.5011431323482933,-1.7126878779200227,1.0560596469721808,1.167577186322001,0,5.708333333333344,-5.458333333333332,Cephalophus_niger,142
759,-0.07583340060720542,-0.0410507514730677,0.281030272289134,0.9679840788312759,-0.45447183247894374,0.47213270755252534,-1.419590605273521,1.4035112326868346,1.395207912430591,1.4089233846539306,1.2225917518617522,0.9719630651801294,1.156954223564074,1.4330246671772409,1.0298342990069898,-1.4597865140886188,0.358638141456974,0.5670303196473035,1.3221917485724006,-0.27398979012952024,-0.5905116907839039,-0.32838543908270373,1.2119335516274408,0.8939565045313052,1.3394185039327366,1.314864437888009,1.0846874183424888,0.09156941555306787,-0.36376022260484236,0.9800468254968435,0.530336996275189,0.8787002120554788,1.4190375705000489,-0.5069825996396957,1.5876047783910991,-1.4230502255145252,0.7119851889095772,1.446109003043208,-1.5606066984213904,1.0655159137933392,1.167577186322001,0,6.37500000000001,-1.125000000000001,Cephalophus_niger,134
760,-0.974316690209591,0.20400271643179482,-0.26723646537159335,0.8209987982214377,-0.10507877655250272,0.38977523267135433,-1.3570565919905633,1.5013668608332267,1.4699646629366858,1.4818596042166465,1.2087404649946045,1.2349611309484856,1.156954223564074,1.2628919973943833,0.9509517254206642,-1.4978081959240939,0.16297985442482074,0.22812741167547795,1.4056086704031252,-0.3607910553544345,-0.26024633285576193,-0.32930728864631614,1.265922463881208,1.0078222090014917,1.3590277184446904,1.1007609953972695,1.1738216421016667,-0.25530919805373126,0.10863059176847335,1.1543553098682215,-0.12445382966783304,0.2533497161846982,1.7657860992035184,-0.9217751883877416,1.5876047783910991,-1.3628612829053086,0.7216657738284282,1.5411679536610827,-1.6909619951345038,1.0371471133298638,1.2261274874261907,0,6.958333333333344,3.7083333333333313,Cephalophus_niger,127
761,1.359424808469677,0.5307406736382781,0.4637858515093765,0.7498504350781809,-0.7769592430893537,1.1309924950966874,-1.4334870581916868,2.706532066757029,1.3739062577164887,1.3881404833806836,1.190272082505074,0.99587198024998,1.156954223564074,1.2148910588016495,0.8693038590983215,-1.4994600705123788,0.11793336695455924,0.35572577372997577,1.3171361775523567,-0.3347506757869602,-1.0033433881940812,-0.32394592224699026,1.198436323563999,0.8421993661357658,1.3247115930487714,2.1334095717641697,1.7888477860399958,1.3844806117238648,-0.5409067779948358,1.5398452272279999,1.7450214270100706,1.3980590984566355,2.0788229653941506,-0.9855894328105179,1.7327727235021968,-1.417665911159707,0.5667764151268119,1.491136927020096,-1.7344137607055417,0.9993220460452299,1.177335569839366,0,5.12500000000001,-7.375000000000001,Cephalophus_niger,149
762,0.7295767219892256,0.08147598247936355,-1.1810143614728057,1.625211304938292,0.9916060990217856,-1.0308911927298043,-1.033964132048109,-0.24311155767461057,1.6102340496389818,1.6187130484499144,1.3980413855122904,1.42623245150729,1.156954223564074,2.0328438394158423,1.1451018358015574,-1.0342573747679937,1.1383330009241286,0.9166148894594353,1.5105117690690362,-0.4852062021768116,-0.34281267233779744,-0.5886290115755518,1.360403060325301,1.3494193224120512,1.3492231111887136,-0.277074763760823,0.5053149639078309,-0.6652566504981302,2.027718275160068,0.2694045430596868,-0.703326878689925,-0.557486096257924,-0.6229259874203835,0.9288378998727711,1.0069329979467085,-1.1013374428141443,1.3315426237160424,1.2409817938151628,-0.8002008009282284,1.160078582004924,1.104147693459129,0,13.791666666666675,-1.2083333333333333,Cephalophus_niger,45
763,1.7598073496027165,0.6532674075907094,-0.44999204459183584,1.6933044297900415,1.0245746686953634,-1.0308911927298043,-0.9262666343567184,-0.2840938709975139,1.4792087772465792,1.4908785991088105,1.3841900986451428,1.211052215878635,1.156954223564074,2.0926514926387143,1.5264162058086947,-0.615060573069276,1.4274134467544783,0.9170033997362498,1.3866502790779605,-0.37381124513817166,-0.095113653891691,-0.6171209402242971,1.2726710779129289,1.2666079009791882,1.2413724313729682,-0.2523145017040708,0.7370639456816941,-0.6652566504981302,2.470584663635052,0.4370088549552426,-0.703326878689925,-0.7111739299888786,-0.6181100356328353,1.4393518552549815,0.8617650528356108,-1.025572447964204,1.3605843784725955,1.0508638925794138,-0.5032804028594698,1.1222535147202901,1.0797517346657166,0,14.291666666666675,-5.708333333333332,Cephalophus_niger,39
764,-1.662441630664074,0.48989842898746777,0.281030272289134,1.6138243600317335,0.9332475789819604,-0.8044081128374045,-1.013119444387931,-0.12690481812270588,1.537888807213729,1.5481296101634152,1.4349781504913512,1.378414621367589,1.156954223564074,2.247493496791248,1.3065054792950328,-0.9687388740589461,1.064887738369204,0.7455127113168282,1.4599560588685971,-0.31015698397323455,-0.17767999337372647,-0.5164020341894044,1.3131627621032544,1.287310756337404,1.3149069857927946,0.05209107299364726,0.977726349831475,-0.6652566504981302,1.732474016176746,0.7521049613188876,-0.6748577123445763,-0.25011042879601497,-0.6084781320577389,1.088373510929712,0.8617650528356108,-1.08518449974969,1.3025008689594892,1.120907329876795,-0.648119621429596,1.103340981077973,1.0699933511483517,0,13.125000000000009,-5.208333333333333,Cephalophus_niger,53
765,1.0802112327520055,0.36737169503503647,0.09827469306889156,1.2953969353734809,1.2557351341507823,-0.042601478815476976,-1.3188413423241427,0.5061807303783153,1.4534860243842669,1.465782265495833,1.4211268636242034,0.9839175227150547,1.156954223564074,2.071554340453976,1.4318153014672657,-0.8383672995084414,0.7438829894497945,0.3782546282410315,1.3790669225478946,-0.28845666766700595,-0.5079453513018684,-0.5932189579971774,1.2524252358177663,0.9974707813223839,1.3394185039327366,0.9376345630233727,3.072380608172161,-0.6652566504981302,2.2048648305500618,2.5421190123634236,-0.703326878689925,-0.41969700394741305,-0.6084781320577389,0.3864168222791725,1.1037116280207735,-1.3397856499560883,0.9830415666374057,1.2409817938151628,-1.0609113943544553,1.0655159137933392,1.1383020357699063,0,12.375000000000009,-15.625000000000002,Cephalophus_niger,62
766,0.41640709429912076,0.9391631201463824,-1.272392151082927,1.6568402006665204,1.2743036621717374,-1.3397316669669326,-0.7838280126528427,-0.46416017056209624,1.672531341727394,1.6794932314188442,1.3149336643094038,1.689230517275646,1.156954223564074,1.743482903223332,1.2363553857091618,-0.5956739942217275,1.2372393476013348,1.258042521537532,1.4599560588685971,-0.5372869613117601,-0.095113653891691,-0.4316995238892098,1.4076433585473473,1.5253935929568847,1.2707862531408987,-0.7081946207489789,-0.27015278279701876,-0.6652566504981302,2.588682367228381,-0.3909564458088032,-0.6938371565748087,-0.7270726714093222,-0.6181100356328353,0.9607450220841592,0.7165971077245131,-0.8648122050846353,1.4767513974988076,1.1709383565177816,-0.5901839340015456,1.4721353871031537,1.104147693459129,0,16.541666666666675,-10.458333333333334,Cephalophus_niger,12
767,-1.5354843423611395,0.8983208754955719,0.1896524826790128,1.5075184205904095,0.9487844279865241,-0.5985143815311871,-1.1590321917457422,0.07633394432307689,1.5531616917257267,1.5630305582461206,1.4765320110927944,1.378414621367589,1.156954223564074,2.169879048531357,1.3060688775026292,-1.1411989080309022,0.9853710485923316,0.5984928360995116,1.5130395545790583,-0.3304106125257145,-0.34281267233779744,-0.5459918575478526,1.3199113761349754,1.297662184016512,1.3786369329566441,0.30697612357786097,1.254042443484927,-0.6652566504981302,1.5553274607867527,1.0370322915413326,-0.6843474344596925,-0.4567940672617814,-0.6084781320577389,0.705488044393054,1.0069329979467085,-1.1651800273069874,1.2637785292840853,1.2810066151279522,-0.9088302148558229,1.0182345796875467,1.1626979945633185,0,11.458333333333346,2.4583333333333313,Cephalophus_niger,73
768,0.9073928739715007,-0.3269464640287406,0.281030272289134,1.45821301695056,1.3091671035097656,0.12211343259617825,-1.16250628426796,0.5400292842549028,1.4928739897046825,1.5042110263407047,1.4165097680018208,1.1393254706690834,1.156954223564074,1.9813588021540807,1.495416368167083,-0.9084226615565169,1.158897734209415,0.5967449843736138,1.4409976675434324,-0.16693489635212602,-0.26024633285576193,0.20979468361523793,1.2794196919446499,1.204499334904541,1.3394185039327366,1.2697133717845197,2.6712766012558595,-0.6652566504981302,1.5258030348884204,2.5622315297908904,-0.703326878689925,-0.6316802228866607,-0.483263385581486,0.6735809221816659,0.9585436829096758,-1.1869095816675033,1.2250561896086811,1.2359786911510642,-0.8726204102132914,1.0182345796875467,1.1870939533567308,0,12.041666666666675,-12.958333333333336,Cephalophus_niger,66
769,0.25091662010247384,0.20400271643179482,0.5551636411194977,0.9937150883171392,-0.04747817626677541,-0.10436958593512242,-1.3674789192547936,0.7410049602908375,1.387571470174592,1.401472910612578,1.190272082505074,0.9839175227150547,1.156954223564074,1.3817332237679456,1.0895057274989832,-1.3090359616563456,0.44520558839310065,0.635199204075925,1.3184000703073677,-0.29858348194324597,-0.9207770487120457,-0.5493994393591831,1.2051849375957198,0.9353622152477367,1.3198092894207831,0.6725541104157904,0.6033626100429269,-0.4445157145665308,-0.009467111824855575,0.534219355854665,-0.12445382966783304,0.3699404866012844,0.9518902471078744,-0.4431683552169194,1.3940475182429688,-1.3678610033776397,0.8087910380980874,1.4411059003791094,-1.480945128207821,1.0560596469721808,1.177335569839366,0,7.37500000000001,-2.8750000000000013,Cephalophus_niger,122
770,0.5343099025754354,0.48989842898746777,0.281030272289134,1.4864109518715372,0.9567423685669333,-0.5779250329450049,-1.0721793817145295,0.04145226515051886,1.4812183673139474,1.4928392501723242,1.4072755767570557,1.3186423336929625,1.156954223564074,2.178782593718709,1.2548390092002824,-1.192418432786613,1.0051521983879574,0.6451042898823696,1.4157198124432129,-0.31015698397323455,-0.17767999337372647,-0.49745528256970817,1.2726710779129289,1.204499334904541,1.295297771280841,0.32008449760790625,1.3164364001163518,-0.6652566504981302,1.5553274607867527,1.0906656713479104,-0.6748577123445763,-0.5945831595722924,-0.6084781320577389,0.8331165332386067,0.9101543678726434,-1.121528621644712,1.137930925339022,1.135916637869091,-0.792958839999722,1.0371471133298638,1.0504765841136219,0,12.375000000000009,-5.875000000000001,Cephalophus_niger,62
771,1.6150153973827124,0.28568720573341566,0.1896524826790128,1.468946436016305,1.3743467567780592,0.10152408400999609,-1.1555580660918066,0.4957015127362696,1.4808164493004736,1.4924471199596214,1.402658481134673,1.0675987254595316,1.156954223564074,1.9662617303762233,1.524378656752081,-0.8046530383717276,1.2186329753411234,0.5835385984270367,1.413192026933191,-0.29569010643574883,0.4002843830005218,-0.37374242938350133,1.2726710779129289,1.1837964795463254,1.3296138966767599,1.2653439137745046,2.8228047816464623,-0.6652566504981302,1.6143763125834172,2.632625340787024,-0.703326878689925,-0.748270993303247,-0.47363148200638966,0.7373951666044422,0.8617650528356108,-1.1844097214313376,1.2347367745275322,1.195953869838275,-0.8074427618567347,1.0276908465087053,1.1724563780806836,0,12.125000000000009,-13.541666666666668,Cephalophus_niger,65
772,0.6326272235978009,0.48989842898746777,0.281030272289134,1.5414997700318638,1.0745962159985243,-0.6602825500119315,-1.0756534742367476,-0.0076970079855396825,1.5334677090655189,1.5438161778236847,1.4303610548689685,1.3664601638326637,1.156954223564074,2.0866514122318334,1.2747778979740176,-1.096357511003518,1.1156138613165827,0.6820047648239344,1.4599560588685971,-0.31015698397323455,-0.17767999337372647,-0.5484730212440573,1.3064141480715337,1.2562564733000803,1.3345162003047484,0.22541290739091258,1.3431766672441052,-0.6652566504981302,1.732474016176746,1.0169197741138658,-0.6843474344596925,-0.6952751885684351,-0.5988462284826426,0.896930777661383,0.9585436829096758,-1.1315280625893742,1.2250561896086811,1.1759414591818802,-0.7857168790712158,1.0844284474356563,1.0895101181830815,0,12.625000000000009,-6.208333333333332,Cephalophus_niger,59
773,1.393288557432456,0.04063373782855314,0.281030272289134,0.8394107969175938,-0.7000321950285736,0.5544901785986277,-1.4334870581916868,1.7042121017849332,1.3996290105788007,1.413236816993661,1.1995062737498392,1.0197808953198306,1.156954223564074,1.3002476368029359,0.9337779073067544,-1.5122104446709594,0.1745351706762397,0.4433163194946718,1.3272473195924446,-0.33330398803321165,-1.333608746122223,-0.5038512155573508,1.2119335516274408,0.8836050768521974,1.3443208075607251,1.298843091851287,1.1827350644775847,0.2807759320658674,-0.39328464850317457,1.0102156016380435,0.7960492154984443,0.857501890161554,1.067473090009031,-0.8260538217535772,1.7327727235021968,-1.4307421031642653,0.624859924639918,1.491136927020096,-1.6909619951345038,1.0655159137933392,1.1724563780806836,0,5.87500000000001,-0.9583333333333334,Cephalophus_niger,140
774,-0.4024237015583815,0.36737169503503647,0.1896524826790128,1.4056726903128949,1.062091046010352,-0.5367463357726405,-1.2354626579468657,0.14831129272986748,1.5177929065400475,1.5285230995282766,1.4719149154704119,1.2588700460183362,1.156954223564074,2.0071013207849617,1.4404023215623163,-0.902405953597814,1.101512346998074,0.46701040848965947,1.4801783429487727,-0.3318573002794631,0.31771804351848637,-0.5506675205612556,1.2929169200080917,1.204499334904541,1.3835392365846326,0.36086610570138045,1.5214451147624615,-0.6652566504981302,1.9096205715667394,1.338720052953333,-0.703326878689925,-0.8860600856137579,-0.6036621802701908,0.5778595555475015,1.1037116280207735,-1.233060847565944,1.166972680095575,1.2960159231202482,-1.002975706926405,1.0087783128663883,1.2212482956675081,0,13.375000000000009,-11.208333333333336,Cephalophus_niger,50
775,0.2521166909013181,0.1631604717809844,0.1896524826790128,1.0103300405221223,-0.09219442984966356,1.5427798349869246,-1.4612799640280183,4.007388007113723,1.3658678974470162,1.3802978791266283,1.2364430387289,0.9002363199705777,1.156954223564074,1.5975444442581503,0.9209705512692634,-1.631133792462236,0.31163299411209916,0.39845271743771177,1.3120806065323127,-0.30292354520449166,-1.0859097276761167,-0.3988233467501669,1.191687709532278,0.831847938456658,1.3296138966767599,3.908866009833636,4.124164448530463,0.21770709322826756,0.3743504248534634,4.24162673498436,0.7675800491530955,0.5978224469609756,6.923670463667629,-0.41126123300553125,2.023108613724392,-1.446318155404989,0.624859924639918,1.4561152083714053,-1.6402682686349597,0.8953031110124866,1.1578188028046361,0,6.791666666666676,-10.708333333333334,Cephalophus_niger,129
776,-0.4171475458416341,1.2250588327020553,0.09827469306889156,1.3068983520019275,0.5512646964213727,-0.33085266582752204,-1.2841002183116577,0.45157050196467463,1.5989803452617202,1.6077334024942367,1.3056994730646387,1.2947334186231119,1.156954223564074,1.6319967665550743,1.3529327278809402,-1.218332132246982,0.7850121571708293,0.4190396132577182,1.4827061284587948,-0.3318573002794631,-0.26024633285576193,-0.48485755557682675,1.35365444629358,1.2355536179418647,1.4080507547245746,0.5676871181754282,0.9509860827037216,-0.6021878116605304,0.5810214061417891,0.8090904273633766,-0.5704707690782973,-0.3561020382656388,2.035479399306217,0.03543847795390286,1.2972688881689038,-1.285750209466664,1.128250340420171,1.4711245163637015,-1.2854121831381509,1.0371471133298638,1.2846777885303802,0,9.208333333333343,-1.0416666666666692,Cephalophus_niger,100
777,1.5397717220005351,0.4082139396858469,0.09827469306889156,1.1637195552869977,0.9044472065598909,-0.1661376930547679,-1.3084189984940537,0.5983294710810448,1.4333901237105855,1.4461757548606942,1.2179746562393696,1.0675987254595316,1.156954223564074,1.5040584011416935,1.24363237835081,-1.2412461596442013,0.6347921493537679,0.29066423064959135,1.3398862471425543,-0.30292354520449166,-0.012547314409655536,-0.2788930389961805,1.2389280077543243,1.0285250643597075,1.3345162003047484,0.714792204512603,0.9866397722073929,-0.4445157145665308,0.3743504248534634,0.7588091337947098,-0.43761465946666966,-0.23951126784905258,1.9632401224929943,-0.06028288868026159,1.3456582032059363,-1.3190175803017898,0.9055968872865975,1.386071771074024,-1.3288639487091887,0.8953031110124866,1.1870939533567308,0,8.291666666666679,5.374999999999999,Cephalophus_niger,111
778,-1.4190839104076207,-0.08189299612387813,-0.5413698342019571,1.5477079663774655,0.9692478276719295,-0.8455868100097689,-1.0964981618969256,-0.10363397486798642,1.5861189688305641,1.595185235687748,1.4303610548689685,1.3664601638326637,1.156954223564074,2.115103654121876,1.1445197741037496,-1.1360540324959405,1.1109132569272337,0.7548348835347951,1.5180951255991022,-0.3810446839069145,-0.095113653891691,-0.5685594161368778,1.346905832261859,1.3183650393747275,1.3786369329566441,-0.030928629196639502,0.7727176351853653,-0.6652566504981302,1.7029495902784137,0.5945569081370651,-0.6938371565748087,-0.7164735104623597,-0.6181100356328353,0.7693022888158303,1.0069329979467085,-1.1517192414199422,1.2928202840406382,1.2760035124638536,-0.8798623711417978,1.0844284474356563,1.1383020357699063,0,12.875000000000009,-1.541666666666669,Cephalophus_niger,56
779,1.3257001065513987,0.20400271643179482,0.5551636411194977,1.1074379577388447,0.0423332184968438,-0.20731645158823117,-1.3779012630848826,0.6886577432161761,1.4767972691657374,1.4885258178325937,1.2456772299736651,1.0675987254595316,1.156954223564074,1.5098650353649505,1.0388576988182525,-1.3638058300149365,0.532752365266534,0.7538637560160146,1.3853863863229494,-0.29858348194324597,-0.9207770487120457,-0.3271435756923139,1.265922463881208,1.0181736366805996,1.3639300220726789,0.6215771002989476,0.6301028771706804,-0.4760501339853307,0.02005731407347666,0.5945569081370651,-0.15292299601318182,0.4282358718095775,0.7977797899063324,-0.3155398663713668,1.5392154633540664,-1.3717069422025099,0.8862357174488955,1.4761276190278,-1.4737031672793148,1.1506223151837656,1.2017315286327783,0,7.208333333333344,-3.5416666666666687,Cephalophus_niger,124
780,-1.6769323925658237,0.5715829182890886,1.5603193268308313,1.7236916862491496,1.0821754135395028,-1.0720698899021686,-1.013119444387931,-0.277698058191177,1.696244504522338,1.7026289139683077,1.490383297959942,1.5218681117866923,1.156954223564074,2.169685602347733,1.5603270181679192,-0.7526878490390139,1.3504429550446957,0.8721397976792897,1.5964564764097828,-0.3506642410781945,0.1525853645544154,-0.604546073720245,1.4211405866107891,1.4736364545613454,1.388441540212621,-0.3105739418376054,0.6122760324188448,-0.6652566504981302,2.4115358118383874,0.32303792286626465,-0.703326878689925,-0.7959672175645777,-0.6229259874203835,1.088373510929712,0.9585436829096758,-1.0896073293982906,1.4767513974988076,1.2509879991433601,-0.7060553088576464,1.2830100506799842,1.2261274874261907,0,14.708333333333346,-12.125000000000002,Cephalophus_niger,34
781,0.7370296962437992,0.8983208754955719,0.1896524826790128,1.140635155942557,0.07378623777904987,-0.20731645158823117,-1.325789560500296,0.6907732402980284,1.492472071691209,1.503818896128002,1.2410601343512826,1.127371013134158,1.156954223564074,1.5061874905122983,1.1976417315573065,-1.3243788680174868,0.5791696755693941,0.5151753106867522,1.414455919688202,-0.3304106125257145,-0.34281267233779744,-0.5335664050563637,1.2794196919446499,1.059579347397031,1.3639300220726789,0.6259465583089627,0.5231418086596665,-0.4445157145665308,0.10863059176847335,0.477233889810176,-0.32373799408527454,0.08906272150678128,1.3853259079872116,-0.2517256219485905,1.5876047783910991,-1.3382472744261402,0.9152774722054485,1.491136927020096,-1.4737031672793148,1.0560596469721808,1.240765062702238,0,7.708333333333344,3.2916666666666665,Cephalophus_niger,118
782,0.38087636088238436,1.1433743434004344,0.09827469306889156,1.539555545612549,0.9919848420612165,-0.6602825500119315,-1.2146179702866877,0.08523885077621114,1.6182724099084542,1.62655565270397,1.3241678555541692,1.378414621367589,1.156954223564074,1.8478076917075943,1.3602097205225885,-1.163946578711224,1.0141616154218251,0.6355877143527395,1.4776505574387508,-0.3390907390482059,-0.095113653891691,-0.5797446683081209,1.3671516743570218,1.3183650393747275,1.4178553619805516,0.22541290739091258,1.031206884086982,-0.6652566504981302,1.4077053312950916,0.8995967557869767,-0.6843474344596925,-0.4567940672617814,2.165510097570018,0.6416737999702777,1.2004902580948387,-1.2224845157975512,1.2928202840406382,1.3810686684099254,-1.0319435506404302,1.0560596469721808,1.2358858709435556,0,11.458333333333346,0.3749999999999988,Cephalophus_niger,73
783,-0.04959287952451077,-0.0410507514730677,0.281030272289134,1.0136465296074855,-0.25741717772427913,0.32800713322184627,-1.4056941523553552,1.2639351193649537,1.3819446179859611,1.3959830876347392,1.2179746562393696,0.9360996925753536,1.156954223564074,1.4868322399932317,1.0637451113662142,-1.4634516130193589,0.4030967918852208,0.6105342839086686,1.3196639630623785,-0.27398979012952024,-0.5905116907839039,-0.445654228074746,1.198436323563999,0.8836050768521974,1.3247115930487714,1.1852371835908946,0.9955531945833107,0.028500576715468028,-0.3047113708081779,0.84931546221831,0.44492949723914266,0.7833077635328174,1.3371663901117297,-0.41126123300553125,1.684383408465164,-1.4057435008026098,0.7313463587472792,1.446109003043208,-1.5461227765643777,1.0560596469721808,1.167577186322001,0,6.62500000000001,-0.9583333333333334,Cephalophus_niger,131
784,-0.11661381832053196,0.04063373782855314,0.281030272289134,0.7190876555314156,-0.8641179909928365,0.3691858687448974,-1.419590605273521,1.6537344496260438,1.4289690255623757,1.4418623225209637,1.190272082505074,1.127371013134158,1.156954223564074,1.1674706064286307,0.8311724887204652,-1.5135296758409023,0.03489144802282894,0.33008957787068305,1.36010853122273,-0.33330398803321165,-1.333608746122223,-0.48020101787008035,1.2321793937226035,0.914659359889521,1.3492231111887136,0.9900680591435538,1.0846874183424888,0.3753791903222672,-0.27518694490984563,0.8526675484562211,0.7296211606926305,0.6879153150101559,0.5858779112542121,-1.1132179216560705,1.7811620385392293,-1.414204566217324,0.5958181698833649,1.5411679536610827,-1.7851074872050858,1.0938847142568147,1.1919731451154134,0,5.541666666666676,-0.8750000000000012,Cephalophus_niger,144
785,-1.4852324145870694,-0.08189299612387813,0.281030272289134,1.2579032584653147,-0.027393808737624835,0.5750795463601533,-1.4334870581916868,1.046576427354535,1.1773683491278848,1.1963888093690276,1.1948891781274567,0.5057392213180436,1.156954223564074,1.7425150816298418,1.281909430710262,-1.419963754734005,0.6676957823801342,0.5299354413940757,1.1073299802205343,-0.2334825330245603,-0.012547314409655536,0.8740176990333248,1.0567154288978595,0.6869279509491479,1.2462747350009566,1.7066591727860292,1.7621075189122424,-0.22377477863493134,0.04958173997180889,1.831476729926267,0.1412583895554223,0.5236283203322389,3.504344694508415,0.6416737999702777,1.490826148317034,-1.4057435008026098,0.7410269436661302,1.1759414591818802,-1.147814925496531,0.725090308231634,1.040718200596257,0,8.291666666666679,-8.625000000000002,Cephalophus_niger,111
786,0.7539428731112502,0.8166363861939511,0.5551636411194977,1.7145427233339288,1.1420497730875234,-0.9691230242490597,-1.0165935700418665,-0.21634759182529667,1.6146551477871915,1.6230264807896448,1.448829437358499,1.3305967912278878,1.156954223564074,2.1027163056031806,1.501383333355329,-0.6929909932359433,1.4246715022397427,0.9003010139913652,1.529470160394201,-0.4707393246393259,1.2259477778208765,-0.6009677105021147,1.3671516743570218,1.3804736054493747,1.3492231111887136,-0.15472993948040045,0.647929721922516,-0.6652566504981302,2.1753404046517297,0.591204821899154,-0.6938371565748087,-0.7588701542502093,-0.6132940838452872,1.2479091219866525,0.9585436829096758,-1.0976838009305177,1.4477096427422547,1.2059600751664723,-0.6626035432866085,1.2168161829318749,1.177335569839366,0,15.041666666666675,-13.125000000000002,Cephalophus_niger,30
787,-0.6696410461810887,0.9391631201463824,-1.272392151082927,1.7717881568261324,0.9472685884783284,-1.1750167555552773,-0.8949996359981689,-0.3560711818688701,1.563611560076041,1.5732259437763927,1.402658481134673,1.378414621367589,1.156954223564074,2.0912967786779757,1.4923599335440663,-0.7458910289003139,1.4681511215802212,1.0399406756817642,1.4397337747884216,-0.5083532062367887,-0.095113653891691,-0.6165661259615166,1.3266599901666962,1.3908250331284826,1.2805908603968756,-0.43000579411135126,0.22899887025437876,-0.6652566504981302,2.3820113859400553,0.10850440363995319,-0.703326878689925,-0.833064280878946,-0.6229259874203835,1.5031660996777578,0.9101543678726434,-0.9921127801878344,1.4380290578234036,1.0958918165563016,-0.5105223637879762,1.1884473824683994,1.1187852687351763,0,15.041666666666675,-7.958333333333332,Cephalophus_niger,30
788,0.984450744599067,0.48989842898746777,0.281030272289134,1.4085643975731335,0.8252465437952293,-0.5573356843588227,-1.2389367504690836,0.17901107408689443,1.5612000519951992,1.5708731625001762,1.2826139949527258,1.1990977583437097,1.156954223564074,1.7129015719626846,1.3088341702386461,-1.1712538115040416,0.8686419131445743,0.5002207766677654,1.4334143110133666,-0.2913500431745031,-0.095113653891691,-0.21218616071753443,1.3266599901666962,1.2252021902627568,1.3835392365846326,0.31134558158787606,1.0846874183424888,-0.6337222310793303,1.2305587759050982,0.9130051007386212,-0.6368988238841111,-0.30840581400430805,2.184773904720211,0.41832394449056065,1.2488795731318711,-1.2445986640405542,1.1863338499332772,1.386071771074024,-1.1188470817825058,0.9898657792240714,1.2212482956675081,0,11.041666666666675,-0.5416666666666691,Cephalophus_niger,78
789,-1.710257803317425,0.8166363861939511,0.1896524826790128,1.7831096893201837,0.9601530797395795,-1.1750167555552773,-0.8915255103442333,-0.3476090621674404,1.6781581939160248,1.684983054396683,1.4118926723794383,1.5816403994613186,1.156954223564074,2.1025228594195564,1.1507778811789955,-0.9214713015458986,1.3414335380108282,1.1207333288149968,1.5180951255991022,-0.3578976798469374,-0.6730780302659393,-0.5943217960605989,1.4076433585473473,1.4943393099195612,1.3247115930487714,-0.43874471013138144,0.23791229263029656,-0.6652566504981302,2.2048648305500618,0.02470224769217527,-0.703326878689925,-0.7058743495153974,-0.6229259874203835,1.2479091219866525,0.9101543678726434,-0.9799980728894937,1.4670708125799565,1.1809445618459788,-0.6119098167870645,1.3113788511434596,1.0992685017004464,0,14.291666666666675,-0.29166666666666896,Cephalophus_niger,39
790,-1.3668017608186693,0.8574786308447615,-0.5413698342019571,1.491851150654437,0.7828039049162226,-0.7220505957704779,-1.1659804099218956,0.007702091647450518,1.5628077240490936,1.572441683350987,1.4719149154704119,1.342551248762813,1.156954223564074,2.1329104491588953,1.2203459130670586,-1.1428909714893467,1.0200369973465884,0.6223813284061624,1.5155673400890801,-0.36657780636942877,-0.095113653891691,-0.5285879165352603,1.3266599901666962,1.276959328658296,1.3933438438406094,0.1438496912039642,1.0579471512147354,-0.6652566504981302,1.5258030348884204,0.7889779099359099,-0.6653679902294599,-0.5415873548374804,-0.6036621802701908,0.6416737999702777,1.055322312983741,-1.1880633633149642,1.2347367745275322,1.2910128204561495,-0.9450400194983545,1.0371471133298638,1.1480604192872712,0,11.958333333333346,-1.291666666666669,Cephalophus_niger,67
791,0.07135395297033378,0.7757941415431406,0.281030272289134,1.1329077164308519,-0.052404582389205326,-0.2896739072940588,-1.3674789192547936,0.5687119864390309,1.4776011051926847,1.4893100782579993,1.2456772299736651,0.9839175227150547,1.156954223564074,1.5102520754010411,1.0793177601397224,-1.333521555916984,0.5640888313135788,0.7684297797581868,1.3841224935679386,-0.32317717375697164,-1.0033433881940812,-0.43405400077150014,1.265922463881208,1.0285250643597075,1.3590277184446904,0.5414703701153376,0.4161807401486528,-0.5391189728229305,-0.009467111824855575,0.4269525962415093,-0.2573099392794607,0.23215139429077344,1.0289454757086454,-0.21981849973720233,1.4424368332800015,-1.3582461563154646,0.9346386420431506,1.4661214136996028,-1.4230094407797707,1.1506223151837656,1.2017315286327783,0,7.708333333333344,-3.3750000000000013,Cephalophus_niger,118
792,1.2075367167399829,0.9391631201463824,-1.272392151082927,1.6397350542239053,0.9332475789819604,-0.9897124955574398,-0.9610077583692034,-0.2425703717816697,1.5877266408844586,1.596753756538559,1.4303610548689685,1.4501413665771405,1.156954223564074,2.063812358381423,1.4776604883553655,-0.8061384862276617,1.265638122685998,0.8247519160358261,1.4978728415189264,-0.5372869613117601,-0.095113653891691,-0.5501175383732355,1.346905832261859,1.3804736054493747,1.3198092894207831,-0.2100764076072583,0.6301028771706804,-0.6652566504981302,2.1458159787533972,0.46047345862062045,-0.703326878689925,-0.6634777057275478,-0.6181100356328353,1.1202806331411,0.8617650528356108,-1.0578783340931126,1.3896261332291484,1.165935253853683,-0.648119621429596,1.1695348488260824,1.1578188028046361,0,15.041666666666675,-10.125000000000002,Cephalophus_niger,30
793,-1.0169236804620405,0.48989842898746777,0.281030272289134,1.6336086233939378,1.0639856285579787,-0.9073549784905133,-0.964481884023139,-0.19755378750666552,1.5298504469442562,1.5402870059093599,1.4118926723794383,1.342551248762813,1.156954223564074,2.1927183977194518,1.2653178963703513,-0.7606890750043436,1.224312909667779,0.783190206812022,1.4372059892783995,-0.31015698397323455,-0.17767999337372647,-0.6202856055727524,1.3064141480715337,1.297662184016512,1.2903954676528524,-0.07753618130346715,0.8440250141927078,-0.6652566504981302,1.968669423363404,0.6146694255645317,-0.6938371565748087,-0.41969700394741305,-0.6181100356328353,1.1521877553524882,0.8133757377985782,-1.0578783340931126,1.3412232086348934,1.0958918165563016,-0.5829419730730392,1.1222535147202901,1.0455973923549393,0,13.541666666666675,-5.041666666666667,Cephalophus_niger,48
794,1.0299715341391646,0.12231822713017397,-0.08448088615135091,1.5126646623731996,0.9112683397883593,-0.3720313629998864,-1.1312392859094107,0.2149751250453342,1.6170666558680333,1.6253792620658616,1.4950003935823248,1.4023235364374396,1.156954223564074,2.0789094301592805,1.5345666241113418,-0.8925119298696014,1.2131490863116519,0.5984928360995116,1.5635952647794973,-0.463505885870583,0.4002843830005218,-0.46224659085704195,1.3671516743570218,1.3908250331284826,1.4080507547245746,0.6215771002989476,1.7175404070326534,-0.6652566504981302,1.7619984420750783,1.7074495391235558,-0.703326878689925,-0.8277647004054648,-0.5940302766950943,0.6097666777588896,0.9101543678726434,-1.1369123769441924,1.3605843784725955,1.3060221284484455,-0.8726204102132914,1.0749721806144976,1.2846777885303802,0,12.708333333333346,-12.041666666666668,Cephalophus_niger,58
795,0.7461830999800794,-0.16357748542549896,1.46894153722071,1.4437383269743274,-0.2521118840040063,0.5956689179567476,-1.4265388400155334,1.32543317505883,1.3554180290967017,1.3701024935963562,1.2964652818198736,0.7687372870863998,1.156954223564074,1.9529065602640379,1.368068996938236,-1.5164605927289707,0.700403370109316,0.8432021535066085,1.2817471804120493,-0.16982827185962318,-0.8382107092300103,-0.37110442838994717,1.184939095500557,0.8525507938148738,1.3198092894207831,1.917849643270092,2.394960507602407,-0.19224035921613142,0.02005731407347666,1.7342662290268447,0.2646247770519337,1.519949449346703,3.3165225747940354,0.7373951666044422,1.8779406686132945,-1.422665631632038,0.8475133777734914,1.311025231112544,-1.263686300352632,0.9236719114759621,1.1285436522525414,0,6.87500000000001,-8.791666666666668,Cephalophus_niger,128
796,1.3176472285707408,0.9391631201463824,-1.272392151082927,1.7995776630251117,1.1105967538053174,-1.257374272622204,-0.8880513846902978,-0.4064012071643294,1.5985784272482466,1.607341272281534,1.3749559074003774,1.378414621367589,1.156954223564074,1.965100462599109,1.4107120672217237,-0.5960754628306041,1.5754790482492804,1.2236666225289823,1.4574282733585753,-0.5372869613117601,-0.095113653891691,-0.6190489655677451,1.35365444629358,1.421879316165806,1.2805908603968756,-0.5596330484084657,0.01507673323235124,-0.6652566504981302,2.4115358118383874,-0.12614163301382497,-0.703326878689925,-0.8966592465607203,-0.6229259874203835,1.4712589774663696,0.9101543678726434,-0.970190928886075,1.4864319824176586,1.1409197405331897,-0.5394902075020014,1.2640975170376672,1.1187852687351763,0,15.541666666666675,-6.875000000000001,Cephalophus_niger,24
797,-1.6726210947687743,0.5715829182890886,0.37240806189925524,1.5991861390242321,1.3178831084026847,-0.8455868100097689,-1.082601692412901,-0.10604468814126473,1.6230954260701378,1.6312612152564032,1.4857662023375595,1.4620958241120658,1.156954223564074,2.0578122779745422,1.5283082949599047,-0.7875435020944416,1.1714323803981408,0.6771494235765436,1.5635952647794973,-0.41576518999688017,0.4002843830005218,-0.4868480059701157,1.3739002883887428,1.3804736054493747,1.3933438438406094,0.005483520886819602,0.9420726603278038,-0.6652566504981302,2.116291552855065,0.8325550310287544,-0.703326878689925,-0.58398399862533,-0.6132940838452872,0.896930777661383,1.0069329979467085,-1.1321049534131047,1.3799455483102974,1.2760035124638536,-0.814684722785241,1.141166048362607,1.231006679184873,0,14.041666666666675,-12.375000000000002,Cephalophus_niger,42
798,0.47530905509901106,0.08147598247936355,0.281030272289134,1.33377288213815,0.3568628330852565,-0.186727103002049,-1.3049449059718357,0.41314645370761105,1.3855618801072238,1.399512259549064,1.4165097680018208,0.912190777505503,1.156954223564074,2.103103493308114,1.3277543955221702,-1.3407829285879294,0.6643662996729222,0.5211958864180747,1.351261281937653,-0.2826699166520117,-0.6730780302659393,-0.500867061187461,1.2051849375957198,0.9767679259641681,1.3296138966767599,0.7876165046795212,1.4679645805069546,-0.4445157145665308,0.8762656651251114,1.4459868125664888,-0.47557354792713474,-0.5998827400457736,-0.4351038677060041,0.5140453111247252,1.1521009430578062,-1.3024800433548487,0.9539998118808526,1.2159662804946696,-1.0464274724974427,0.904759377833645,1.113906076976494,0,9.875000000000009,-6.875000000000001,Cephalophus_niger,92
799,0.7599714051997168,0.08147598247936355,0.281030272289134,1.218203906915891,0.9453740059307018,0.739794488452358,-1.3223154679780782,1.1850700187487966,1.4353997137779537,1.4481364059242081,1.2179746562393696,1.0436898103896812,1.156954223564074,1.5052198165876505,1.2544024074078788,-0.9483486937046592,0.7485832949896051,0.2918296133067791,1.3120806065323127,-0.2638629758532803,-0.5905116907839039,0.6102613482054609,1.2389280077543243,1.0285250643597075,1.354125414816702,1.9207626152767687,2.75149740263912,-0.5706533922417305,0.8467412392267791,2.780117135255113,-0.5325118806178323,0.31164510139299134,4.867259050384552,0.13115984458806731,1.1037116280207735,-1.324401894656608,1.0314444912316607,1.3410438470971362,-1.16954080828205,0.9331281782971205,1.1626979945633185,0,10.041666666666675,-12.125000000000002,Cephalophus_niger,90
800,0.7755897064652549,-0.08189299612387813,0.281030272289134,1.339686922055555,-0.02587796922942917,0.6986157605994442,-1.4334870581916868,1.1039910782127023,1.1721434149527277,1.1912911166038915,1.3657217161556123,0.4101035610386414,1.156954223564074,2.069812438788304,1.3312474319375904,-1.3920884323202185,0.6725921332171291,0.6091746461130736,1.1755801889911273,-0.2334825330245603,-0.012547314409655536,-0.11308631522158193,1.0567154288978595,0.67657652327004,1.2511770386289451,1.993586915443687,2.0384236125656945,-0.3183780368913311,0.13815501766680557,2.287360458282179,0.0653406126344922,1.2973670694604928,0.056123214623911184,0.896930777661383,1.4424368332800015,-1.4117047059811585,0.7700686984226832,1.1259104325408937,-1.053669433425949,0.7345465750527924,1.0260806253202095,0,8.791666666666679,-8.958333333333334,Cephalophus_niger,105
801,-1.1096409344364746,0.6532674075907094,0.281030272289134,1.6166343017763376,1.0810386061875619,-0.8661762813181489,-0.9575336327152678,-0.16872349599454164,1.5334677090655189,1.5438161778236847,1.4165097680018208,1.3903690789025143,1.156954223564074,2.0994259484554614,1.4862472863742247,-0.8108531868179186,1.2227460415379958,0.7455127113168282,1.4574282733585753,-0.3304106125257145,-0.5905116907839039,-0.46940823068730186,1.3064141480715337,1.3287164670538354,1.3002000749088294,-0.030928629196639502,0.9955531945833107,-0.6652566504981302,2.2048648305500618,0.7990341686496432,-0.703326878689925,-0.5786844181518488,-0.6181100356328353,1.1521877553524882,0.8617650528356108,-1.056532255504408,1.3509037935537445,1.1309135352049924,-0.6263937386440771,1.103340981077973,1.1383020357699063,0,14.541666666666675,-9.458333333333334,Cephalophus_niger,36
802,-0.6894963979404395,0.8983208754955719,0.1896524826790128,1.284026343570049,0.3379152729080467,-0.31026325588024095,-1.3153672498019249,0.5380121300111351,1.5198024966074155,1.5304837505917905,1.2641456124631956,1.0556442679246063,1.156954223564074,1.62560949844326,1.1788671882553778,-1.3041606456163568,0.7268434853193658,0.4126305272495811,1.4334143110133666,-0.3304106125257145,-0.34281267233779744,-0.5573771574918939,1.2996655340398127,1.1009850581134624,1.3688323257006674,0.5851649502154885,0.5587954981633378,-0.5075845534041307,0.28577714715846675,0.6180215118024429,-0.4565941036969022,-0.1547179802733535,1.7609701474159702,0.06734560016529101,1.5876047783910991,-1.3197867680667639,1.0411250761505118,1.4811307216918987,-1.36507375335172,0.9614969787605959,1.231006679184873,0,8.041666666666679,2.6249999999999987,Cephalophus_niger,114
803,-0.37909421462324544,0.48989842898746777,0.281030272289134,1.5603038443468908,1.008658787534545,-0.5985143815311871,-1.1208169420793217,0.05011116436670386,1.5157833164726793,1.5265624484647626,1.4442123417361163,1.1990977583437097,1.156954223564074,2.095554957419185,1.2893318832573144,-1.0362018439353673,1.172411411485909,0.6862774888293591,1.4561643806035642,-0.31015698397323455,-0.17767999337372647,-0.5718883640786914,1.2929169200080917,1.2459050456209726,1.3345162003047484,0.33173638563461316,1.441224313379201,-0.6652566504981302,1.6439007384817494,1.164411568581955,-0.6938371565748087,-0.6369798033601419,-0.5988462284826426,0.9288378998727711,1.0069329979467085,-1.146334927065124,1.2347367745275322,1.195953869838275,-0.8074427618567347,1.0371471133298638,1.0992685017004464,0,12.375000000000009,-7.375000000000001,Cephalophus_niger,62
804,1.701743094576608,0.08147598247936355,-1.1810143614728057,1.6927982813054563,0.935521193685842,-1.1544274069690952,-0.929740760010654,-0.32876604889433253,1.7030771107513896,1.709295127584255,1.3934242898899079,1.6055493145311692,1.156954223564074,1.9780684450063615,1.051519817026531,-0.8992054071993195,1.2942326442183072,1.0867459400832618,1.5560119082494315,-0.4852062021768116,-0.34281267233779744,-0.5013083323932708,1.4278892006425101,1.5046907375986691,1.3590277184446904,-0.43437525212136635,0.2022586031266253,-0.6652566504981302,2.2048648305500618,0.05487102383337532,-0.703326878689925,-0.7588701542502093,-0.6229259874203835,0.9288378998727711,0.8617650528356108,-1.0284569020828565,1.4573902276611057,1.2609942044715576,-0.7350231525716716,1.3113788511434596,1.1383020357699063,0,14.625000000000009,-1.6250000000000009,Cephalophus_niger,35
805,-0.3770922531984453,0.08147598247936355,0.281030272289134,1.243951269504881,0.20679804661736156,0.019166597623618997,-1.3744271539968058,0.6350314686794637,1.3630544713527006,1.3775529676377087,1.2318259431065173,0.8882818624356525,1.156954223564074,1.6606424546287413,1.2835103779744723,-1.3978929234401518,0.6481103790321542,0.447783150465248,1.247622076026753,-0.2826699166520117,-0.6730780302659393,-0.5705302569766152,1.184939095500557,0.9250107875686288,1.3247115930487714,0.9798726571201852,1.361003511995941,-0.5391189728229305,0.5219725543451246,1.4124659501873775,-0.34271743831550705,-0.18651546311424066,2.902350721064891,0.2906954556450081,1.2972688881689038,-1.354977108314325,0.8862357174488955,1.2760035124638536,-1.1840247301390625,0.8763905773701697,1.1285436522525414,0,8.958333333333346,-6.875000000000001,Cephalophus_niger,103
806,0.8798784133475708,0.48989842898746777,0.37240806189925524,1.0218478102536959,-0.3752710251558702,-0.08378023734894026,-1.409168278009291,0.8373846951572717,1.4197249112524821,1.4328433276288,1.2456772299736651,1.031735352854756,1.156954223564074,1.5210911161065315,0.9035058133445456,-1.4647592916395173,0.42385757046769174,0.6957940643589892,1.346205710917609,-0.31449704723448024,-0.5905116907839039,-0.4210613533160002,1.2254307796908825,0.9664164982850603,1.354125414816702,0.7177051765192797,0.6568431442984338,-0.0030338427033318937,-0.18661366721484896,0.6548944604194652,0.19819672224611987,0.6402190907488252,0.7977797899063324,-0.4431683552169194,1.5392154633540664,-1.3899751516206427,0.7700686984226832,1.4511121057073066,-1.5243968937788588,1.103340981077973,1.1480604192872712,0,6.458333333333344,-5.291666666666667,Cephalophus_niger,133
807,-0.17020289162178634,0.28568720573341566,0.1896524826790128,1.2607947662974663,0.15222912534802557,-0.2896739072940588,-1.36053070107864,0.5128717218406438,1.463132056707634,1.4751933906006995,1.2641456124631956,1.031735352854756,1.156954223564074,1.6736104370359939,1.276524305143632,-1.403777722284951,0.6674997370829497,0.46079542944667373,1.3639002094877628,-0.29424341868200027,-0.17767999337372647,-0.5510676307810001,1.259173849849487,1.0285250643597075,1.3590277184446904,0.6128381842789175,0.977726349831475,-0.4760501339853307,0.3448259989551312,0.8292029447908432,-0.29526882773992574,-0.14411881932639112,2.064375110031506,0.13115984458806731,1.490826148317034,-1.3593999379629256,0.9636803967997036,1.4060841817304188,-1.314380026852176,0.942584445118279,1.2017315286327783,0,8.708333333333345,-5.541666666666668,Cephalophus_niger,106
808,0.494221954944523,0.5715829182890886,0.281030272289134,1.0837490918629704,-0.3002387042011287,0.12211343259617825,-1.3987459341792017,1.066698573160563,1.4153038131042723,1.4285298952890695,1.2318259431065173,0.912190777505503,1.156954223564074,1.5623177465513602,1.1125010508957351,-1.5353309476397827,0.43345422684449736,0.6831699993078663,1.349997389182642,-0.32896392477196595,-0.34281267233779744,-0.12134285195532543,1.2254307796908825,0.9353622152477367,1.3394185039327366,0.998806975163584,0.7103236785539406,0.15463825439066772,-0.24566251901151342,0.6716548916090208,0.25513505493681743,0.5448266422261637,1.606859690214428,-0.28363274415997863,1.7327727235021968,-1.3963209506816783,0.7991104531792363,1.4661214136996028,-1.5243968937788588,1.0749721806144976,1.1919731451154134,0,7.041666666666676,0.7916666666666666,Cephalophus_niger,126
809,-1.416104603634519,0.4082139396858469,0.09827469306889156,1.074387937463274,0.7183823159604388,-0.042601478815476976,-1.3118931241479892,0.6987926107831879,1.3128147196684974,1.3285366910498622,1.157952413148396,0.912190777505503,1.156954223564074,1.4320568455837506,1.172026797406133,-1.2829616467462448,0.526484892747402,0.3067839991525099,1.2501498615367748,-0.30292354520449166,-0.012547314409655536,-0.12379441300296606,1.1511960253419524,0.8836050768521974,1.2707862531408987,0.7963554206995513,1.0490337288388176,-0.38144687572893093,0.28577714715846675,0.7487528750809764,-0.3332277162003908,-0.1017221755385416,1.9198965564050605,-0.09219001089164974,1.3940475182429688,-1.328247833481478,0.7700686984226832,1.3410438470971362,-1.36507375335172,0.8007404428009018,1.1285436522525414,0,8.208333333333345,5.124999999999999,Cephalophus_niger,112
810,0.7833597501167581,0.1631604717809844,1.9258304852713162,1.028938077027714,0.2488616533401133,-0.12495899588240354,-1.3431601225065386,0.8678876406963917,1.5206063326343628,1.5312680110171961,1.2502943255960477,1.2349611309484856,1.156954223564074,1.4744448914745363,1.0928530819328077,-1.4968446432566087,0.3846867637717319,0.4202048477416501,1.4435254530534545,-0.308710296219486,-0.012547314409655536,-0.5425200959031101,1.2996655340398127,1.0802822027552468,1.3786369329566441,0.671097624412452,0.6301028771706804,-0.38144687572893093,0.04958173997180889,0.621373598040354,-0.18139216235853062,0.21095307239684868,1.1252645114596092,-0.5388897218510839,1.6359940934281316,-1.3417086193685233,0.8668745476111934,1.536164850996984,-1.575090620278403,1.0749721806144976,1.2651610214956504,0,7.041666666666676,2.9583333333333313,Cephalophus_niger,126
811,0.9947136278779258,0.5307406736382781,0.4637858515093765,0.7086481934657807,-0.41581879237042624,1.0074562808573968,-1.4439094020217758,2.480711086135726,1.3329106203421786,1.3481432016850008,1.1764207956379265,0.9600086076452042,1.156954223564074,1.1794709149112352,0.8327734359846756,-1.5129733330494595,0.0691659038817938,0.3203788953759016,1.2880666441871043,-0.3347506757869602,-1.0033433881940812,-0.44467820155549975,1.1646932534053942,0.8111450830984422,1.3051023785368177,1.8319169690731285,1.7086269846567357,1.0060675786982656,-0.45233350029983904,1.4091138639494665,1.3464530981751874,1.0694851091008017,1.9776879778556387,-1.0174965550219062,1.7811620385392293,-1.4230502255145252,0.5183734905325568,1.4811307216918987,-1.7561396434910606,0.9709532455817544,1.1578188028046361,0,5.12500000000001,-7.208333333333332,Cephalophus_niger,149
812,0.465103186375331,-0.08189299612387813,1.9258304852713162,0.7893210426119155,-2.104046375248139,1.5839585321592888,-1.4126423870973674,3.968767348251358,1.3148243097358654,1.3304973421133761,1.1764207956379265,0.9241452350404283,1.156954223564074,1.2743116719884309,0.8799282061737946,-1.5277656378863236,0.1545582744329678,0.3664075837435377,1.2766916093920053,-0.21901565548707458,-1.5813077645683296,-0.5032174390909845,1.1511960253419524,0.7904422277402265,1.295297771280841,3.6991320253529114,2.8584584711501333,3.781096487552659,-0.7475777592831614,2.491837718794757,4.383164175012392,2.489772675993761,3.152780214017397,-0.8260538217535772,1.6359940934281316,-1.411127815157428,0.5667764151268119,1.446109003043208,-1.669236112348985,0.9331281782971205,1.1334228440112237,0,5.041666666666676,-8.041666666666668,Cephalophus_niger,150
813,-1.4365530121063994,0.8983208754955719,0.1896524826790128,1.2635231419545232,-0.052404582389205326,-0.22790580017441334,-1.3223154679780782,0.5969518455683027,1.5563770358335156,1.566167599947743,1.2964652818198736,1.1990977583437097,1.156954223564074,1.6693522582947844,1.279435057785053,-1.3181499432200143,0.7127422698503956,0.5606212336391664,1.4561643806035642,-0.31883711049572594,-0.26024633285576193,-0.5902681506293671,1.3199113761349754,1.1527421965090017,1.4031484510965864,0.6798365404324822,0.8618518589445435,-0.5391189728229305,0.2562527212601345,0.5710923044716872,-0.48506327004225097,-0.05932553175069207,1.6887308706027473,-0.028375766468873437,1.4424368332800015,-1.3311322876001306,1.0508056610693628,1.4811307216918987,-1.357831792423214,1.0560596469721808,1.2651610214956504,0,8.375000000000009,-1.4583333333333333,Cephalophus_niger,110
814,0.12863303988436103,0.7757941415431406,-0.3586142549817146,0.5586732864050296,-1.9134339119146957,1.5016011378145602,-1.3987459341792017,3.307884558463315,1.2762401804423973,1.2928528416939098,1.1394840306588658,0.99587198024998,1.156954223564074,1.0418550719071635,0.8126888652293447,-1.4742805530946816,-0.05500578047004809,0.17685501995689246,1.238774826741676,-0.39261818593690306,-0.6730780302659393,-0.5206838821926965,1.1242015692150689,0.7800908000611187,1.2805908603968756,2.902434181526826,3.2060819438109283,2.9927360020826606,-0.3047113708081779,2.4750772876052016,2.9027675250542546,1.191375459990869,2.926430480002632,-1.2727535327130113,1.1521009430578062,-1.380552601499711,0.4893317357760037,1.4210934897227148,-1.6909619951345038,0.9331281782971205,1.113906076976494,0,4.458333333333344,-7.708333333333332,Cephalophus_niger,157
815,1.327826630953564,0.8983208754955719,-1.272392151082927,1.7137095127868063,1.2538402624863318,-1.3397316669669326,-0.9818524460293815,-0.44069251025718703,1.6998617666436007,1.7061580858826328,1.4118926723794383,1.5218681117866923,1.156954223564074,2.014843598195199,1.407510172693303,-0.9501553724600572,1.2685758136483798,1.1316092457937101,1.5635952647794973,-0.5112465817442858,-0.17767999337372647,-0.5291490657501594,1.4278892006425101,1.4529335992031298,1.3639300220726789,-0.6863473306989034,-0.1542782919100872,-0.6652566504981302,2.8248777744150386,-0.3507314109538698,-0.703326878689925,-0.9602542122424946,-0.6229259874203835,1.0245592665069356,1.0069329979467085,-1.0663393995078267,1.4089873030668505,1.255991101807459,-0.7639909962856969,1.3681164520704105,1.1870939533567308,0,15.041666666666675,1.2916666666666667,Cephalophus_niger,30
816,0.4910567912554053,0.04063373782855314,0.37240806189925524,0.6330561736899284,-1.6227783539749303,1.3986542721614514,-1.4265388400155334,3.41134903149876,1.3441643247194401,1.3591228476406785,1.1671866043931614,1.0078264377849053,1.156954223564074,1.10379181450064,0.7668437893793407,-1.4889924801912264,0.004337967766368008,0.25298688332765334,1.294386107962159,-0.20454877794958887,-1.2510424066401875,-0.46436198673197676,1.1714418674371152,0.8214965107775501,1.3100046821648061,2.662113990975996,2.3414799733469005,2.7719950661510615,-0.6294800556898325,1.945447662015245,3.01664419043565,1.631240639289808,2.5315224334236803,-1.208939288290235,1.5392154633540664,-1.412281596804889,0.5183734905325568,1.4861338243559974,-1.763381604419567,0.9804095124029129,1.1529396110459535,0,4.708333333333344,-7.541666666666668,Cephalophus_niger,154
817,-0.6889057771846554,0.9391631201463824,-1.272392151082927,1.7343925985367277,1.0435222288725732,-1.2161954527276417,-0.8880513846902978,-0.37201148616251833,1.7501015183278041,1.7551743624704794,1.3980413855122904,1.6772760597407208,1.156954223564074,1.9678101858582708,1.3791299458061126,-0.8448427487167709,1.3563183369694591,1.185212402826671,1.571178621309563,-0.5083532062367887,-0.095113653891691,-0.6032311440767838,1.4616322708011147,1.5667993036733163,1.3639300220726789,-0.5144819823049764,0.09529753461561155,-0.6652566504981302,2.4115358118383874,-0.06915616696933599,-0.703326878689925,-0.8224651199319836,-0.6229259874203835,0.9607450220841592,0.8133757377985782,-0.9898052168929125,1.5251543220930628,1.2609942044715576,-0.6843294260721275,1.396485252533886,1.2017315286327783,0,15.041666666666675,-1.2083333333333333,Cephalophus_niger,30
818,0.40515771437499737,0.8983208754955719,0.1896524826790128,1.2453071810678025,0.1317657256626201,-0.186727103002049,-1.3362119043303853,0.6478722657111797,1.537888807213729,1.5481296101634152,1.2872310905751083,1.163234385738934,1.156954223564074,1.6590939991466938,1.2619703198603351,-1.3241437561255078,0.6919814912679246,0.5553773821149611,1.4409976675434324,-0.31883711049572594,-0.26024633285576193,-0.508789790394997,1.3131627621032544,1.132039341150786,1.3933438438406094,0.7177051765192797,0.8529384365686257,-0.5075845534041307,0.22672829536180228,0.5744443907095984,-0.46608382581201846,-0.01692888796284254,1.6887308706027473,-0.06028288868026159,1.490826148317034,-1.3361320080724617,1.0120833213939588,1.4761276190278,-1.3795576752087328,1.0466033801510222,1.2554026379782854,0,8.125000000000009,-1.2083333333333333,Cephalophus_niger,113
819,1.7137464360318027,0.48989842898746777,0.281030272289134,1.5744680247918,0.9533319465111111,-0.8044081128374045,-0.9888006973372526,-0.10998057871984655,1.5479367575505696,1.5579328654809845,1.402658481134673,1.4142779939723646,1.156954223564074,2.1427818159397374,1.2277685876903026,-1.0155247402537042,1.0513737622431716,0.7464838388356086,1.465011629888641,-0.31015698397323455,-0.17767999337372647,-0.5541807953716232,1.3199113761349754,1.3183650393747275,1.3100046821648061,0.05209107299364726,0.9242458155759682,-0.6652566504981302,1.8210472938717428,0.7889779099359099,-0.703326878689925,-0.2607095897429773,-0.6229259874203835,0.9607450220841592,0.8617650528356108,-1.0744158710400538,1.2734591142029363,1.150925945861387,-0.7132972697861527,1.1127972478991315,1.0651141593896691,0,13.125000000000009,-4.625000000000001,Cephalophus_niger,53
820,0.0106842776132256,-0.16357748542549896,1.46894153722071,1.5317953998945901,0.1344183725227565,1.04863503939086,-1.464754073116095,1.5366913079897722,1.2091198721923013,1.2273670961725467,1.4118926723794383,0.46987584871326776,1.156954223564074,2.2323964250133908,1.4517544123171926,-1.4714758040533513,0.8206577347119312,0.8408716845387447,1.2021219368463576,-0.16982827185962318,-0.8382107092300103,-0.3548468220621173,1.0837098850247433,0.6558736679118243,1.2756885567688871,2.918455527563548,2.8138913592705443,-0.06610268154093174,-0.009467111824855575,3.1589028801390695,0.6821725501170492,1.8485234387025369,0.6918288505802722,1.3755376108322053,1.684383408465164,-1.4693937883542094,0.8571939626923424,1.1309135352049924,-0.9957337459978987,0.8007404428009018,1.040718200596257,0,8.291666666666679,-9.541666666666668,Cephalophus_niger,111
821,0.6955217833402582,0.9391631201463824,-1.272392151082927,1.7588819687534705,1.203818715183171,-1.2985529697945681,-0.8533102606778128,-0.4350838905807403,1.7034790287648633,1.7096872577969577,1.3611046205332298,1.5696859419263933,1.156954223564074,1.8452914146320565,1.3150924993900834,-0.5604283550917544,1.5141769389877895,1.3433023019878525,1.5155673400890801,-0.5372869613117601,-0.095113653891691,-0.5259129856017426,1.4278892006425101,1.5357450206359926,1.3149069857927946,-0.6411962645954141,-0.18993198141375844,-0.6652566504981302,2.352486960041723,-0.28704177243355855,-0.703326878689925,-0.9390558903485698,-0.6229259874203835,1.1202806331411,0.8133757377985782,-0.9301931651074264,1.5445154919307649,1.2159662804946696,-0.6046678558585581,1.4059415193550444,1.1529396110459535,0,16.041666666666675,-7.291666666666668,Cephalophus_niger,18
822,-0.2798177850098352,0.20400271643179482,0.281030272289134,1.1856602345529925,-0.1869322307357127,-0.31026325588024095,-1.350108357248551,0.5109038140867873,1.463132056707634,1.4751933906006995,1.2502943255960477,1.079553182994457,1.156954223564074,1.5679307869221506,1.126036150612629,-1.3572385205319564,0.6046307596916757,0.3547547943844512,1.3727474587728397,-0.3390907390482059,-1.1684760671581522,-0.45799945210593285,1.259173849849487,1.0388764920388154,1.354125414816702,0.5312749680919691,0.6568431442984338,-0.5391189728229305,0.07910616587014112,0.3934317338623981,-0.29526882773992574,0.05726523866589414,1.4383013776502416,-0.06028288868026159,1.4424368332800015,-1.3445930734871758,0.9346386420431506,1.431099695050912,-1.3723157142802265,0.9331281782971205,1.1870939533567308,0,8.291666666666679,-3.625000000000001,Cephalophus_niger,111
823,1.0155635741928033,0.5715829182890886,0.37240806189925524,1.5717889078722107,1.262177235222996,-0.7838187642512223,-1.09302403624299,-0.057928615372045564,1.6166647378545598,1.6249871318531588,1.4765320110927944,1.4620958241120658,1.156954223564074,2.0580057241581664,1.5188482933562384,-0.8099011166847647,1.125798354735403,0.6449098865707065,1.5572758010044425,-0.41576518999688017,0.4002843830005218,-0.490065723867589,1.3671516743570218,1.359770750091159,1.3933438438406094,0.08704673707376799,1.0133800393351462,-0.6652566504981302,1.9981938492617362,0.9465259631177323,-0.703326878689925,-0.4991907110496309,-0.6132940838452872,0.8331165332386067,1.0069329979467085,-1.1361431891792184,1.3605843784725955,1.2860097177920509,-0.8436525664992662,1.1222535147202901,1.2358858709435556,0,13.791666666666675,-12.458333333333336,Cephalophus_niger,45
824,-1.292251543068938,0.6941096522415199,0.5551636411194977,1.5829144025568262,1.0446590362245138,-0.7220505957704779,-1.2180920959406232,0.03928752157875542,1.6267126881914005,1.634790387170728,1.3380191424213168,1.3903690789025143,1.156954223564074,1.8818728262995852,1.3651580222206234,-1.137533809100162,1.0705673738463213,0.669769210049626,1.4713310936636959,-0.3694711818769259,-0.095113653891691,-0.578486863901262,1.3739002883887428,1.3390678947329433,1.4325622728645169,0.18026184128742329,0.9420726603278038,-0.6652566504981302,1.4962786089900881,0.8560196346941322,-0.6938371565748087,-0.5203890329435557,2.1029027243318916,0.7693022888158303,1.2004902580948387,-1.2178693892077073,1.3025008689594892,1.3510500524253335,-0.981249824140886,1.0844284474356563,1.2163691039088258,0,11.708333333333346,1.208333333333331,Cephalophus_niger,70
825,-1.4573178151493544,-0.2452619747271198,-1.1810143614728057,1.6313377357682595,1.3955679316591505,-1.4014998354476769,-0.69350114323113,-0.5073072086890458,1.702675192737916,1.7089029973715522,1.2595285168408128,1.7729117200201232,1.156954223564074,1.5677371930696842,1.0912521346685975,-0.3336687465606186,1.36434842406602,1.4714831331110605,1.4473171313184874,-0.473632700146823,-0.4253790118198329,-0.5998128501371726,1.4278892006425101,1.6082050143897477,1.2560793422569334,-0.8057791829726493,-0.5019017645708819,-0.6652566504981302,2.322962534143391,-0.5920816200834702,-0.6938371565748087,-0.8542626027728708,-0.6181100356328353,0.8012094110272184,0.5714291626134155,-0.7771247998775979,1.5638766617684667,1.1909507671741764,-0.553974129359014,1.595066855778214,1.0895101181830815,0,17.375000000000007,-9.958333333333334,Cephalophus_niger,2
826,-0.8830786545097032,0.4082139396858469,0.0068969034587703275,1.287898239877465,0.3663366131738614,0.06034535615708228,-1.350108357248551,0.6454615149024671,1.4088731248886943,1.4222558118858248,1.2502943255960477,0.9600086076452042,1.156954223564074,1.6867718656268704,1.3105805774082606,-1.3520534561268351,0.7250808707419368,0.47400181539325087,1.2868027514320932,-0.3058169207119888,-0.26024633285576193,-0.5146092445741187,1.2186821656591615,0.9974707813223839,1.3394185039327366,1.067261817320487,1.8512417426714205,-0.6021878116605304,0.7581679615317825,1.7342662290268447,-0.43761465946666966,-0.31900497495127045,3.364682092669517,0.32260257785639623,1.2004902580948387,-1.327863239598991,0.9733609817185547,1.2910128204561495,-1.1405729645680247,0.904759377833645,1.1529396110459535,0,9.458333333333343,-6.458333333333332,Cephalophus_niger,97
827,1.3220353742194442,0.6532674075907094,0.7379192203397402,1.53450742244852,0.8885313253990723,-0.5367463357726405,-1.1659804099218956,0.1246467778393342,1.505333448122365,1.5163670629344905,1.4719149154704119,1.2349611309484856,1.156954223564074,2.2982044539808286,1.3446370717490805,-1.2712264966596403,0.9865461249772842,0.6940459162865796,1.4498449168285092,-0.37091786963067447,-0.17767999337372647,-0.49241801919316097,1.2861683059763709,1.1941479072254333,1.3492231111887136,0.4205820318382534,1.3699169343718587,-0.6652566504981302,1.4372297571934238,1.2146928621506217,-0.6558782681143437,-0.3878995211065259,-0.5988462284826426,0.896930777661383,1.1037116280207735,-1.2038317124969315,1.128250340420171,1.1909507671741764,-0.8798623711417978,1.0276908465087053,1.104147693459129,0,11.791666666666675,-4.708333333333333,Cephalophus_niger,69
828,1.0541686166957167,0.08147598247936355,0.1896524826790128,1.1337409269779744,0.10789175936298036,1.2133499508025152,-1.4369611672797635,2.754451303708341,1.4040501087270107,1.4175502493333916,1.2456772299736651,0.99587198024998,1.156954223564074,1.6587068114417607,1.0659281203282323,-1.5162254108215385,0.5031782149473797,0.44584089542768707,1.3411501398975652,-0.2031020901958403,-1.1684760671581522,-0.13869223448442736,1.2186821656591615,0.8421993661357658,1.3394185039327366,2.8718479754567205,3.072380608172161,-0.034568262122131814,0.13815501766680557,3.0449319480500914,0.6062547731961191,0.7303119587980055,5.247719241600859,-0.15600425531442605,2.023108613724392,-1.4342034481066483,0.7410269436661302,1.4661214136996028,-1.5678486593498966,0.904759377833645,1.1822147615980485,0,7.291666666666676,-10.541666666666668,Cephalophus_niger,123
829,-0.9000572071892703,0.36737169503503647,0.1896524826790128,1.5081392402249696,1.2151870778194023,-0.7220505957704779,-1.1694545024441136,0.003421850993834746,1.5869228048575112,1.5959694961131536,1.4857662023375595,1.378414621367589,1.156954223564074,2.0299406699730564,1.4855195426948216,-0.8468274067543042,1.0231707336061544,0.5751872573813386,1.5370535169242667,-0.3318573002794631,0.31771804351848637,-0.33785965621038944,1.346905832261859,1.276959328658296,1.4031484510965864,0.14239320520062584,1.1916484868535024,-0.6652566504981302,1.9981938492617362,1.0202718603517769,-0.703326878689925,-0.9814525341364193,-0.6036621802701908,0.7373951666044422,1.1037116280207735,-1.2011395553195225,1.2734591142029363,1.3060221284484455,-0.9377980585698482,1.0938847142568147,1.2261274874261907,0,13.875000000000009,-11.458333333333336,Cephalophus_niger,44
830,1.3814092522612764,0.08147598247936355,0.281030272289134,1.206457592596715,0.7820461297205368,0.3074177539551146,-1.2424108761230193,0.6802940977268515,1.199875757882408,1.218348101280383,1.3056994730646387,0.780691744621325,1.156954223564074,1.8545821475243416,1.1586371575946428,-1.1432752162967263,0.7262559471268896,0.3916554174992718,1.2071775078664015,-0.2638629758532803,-0.5905116907839039,-0.024813056363394335,1.0769612709930223,0.8111450830984422,1.2168609132330261,1.330885783924731,2.2879994390913936,-0.6021878116605304,1.0238877946167726,2.227022905999779,-0.6084296575387624,0.041366497245450565,-0.406208156980715,0.5459524333361133,1.055322312983741,-1.2778660348756803,0.7991104531792363,1.1008949192204003,-0.9957337459978987,0.7534591086951095,0.9772887077333848,0,10.708333333333343,-11.625000000000002,Cephalophus_niger,82
831,-0.5829554844552235,0.8166363861939511,0.1896524826790128,1.7418910946046564,1.0723226012946427,-1.0926592384883507,-0.9575336327152678,-0.29595069538458446,1.6492200969459236,1.6567496790820835,1.4303610548689685,1.5218681117866923,1.156954223564074,2.1480075209367526,1.231698003821935,-0.9755988481364682,1.260741771849003,0.9890564978934815,1.5282062676391899,-0.3578976798469374,-0.6730780302659393,-0.5912635714813227,1.3873975164521846,1.432230743844914,1.3394185039327366,-0.3397036619043727,0.38052705064498155,-0.6652566504981302,2.1753404046517297,0.18225030087399774,-0.703326878689925,-0.5998827400457736,-0.6229259874203835,1.1840948775638762,0.9585436829096758,-1.0436483604410933,1.4186678879857015,1.195953869838275,-0.6698455042151149,1.2357287165741917,1.094389309941764,0,13.791666666666675,0.458333333333331,Cephalophus_niger,45
832,0.6841251926247032,0.12231822713017397,0.37240806189925524,0.8729837176370502,-0.38095520647398595,0.34859649714830315,-1.3952718250911251,1.4112352743742649,1.4325862876836382,1.4453914944352888,1.1995062737498392,1.079553182994457,1.156954223564074,1.2882473283203313,0.986463485044099,-1.4093986328864896,0.26306127748697966,0.48079941167820256,1.361372423977741,-0.32317717375697164,-1.4161750856042585,-0.36070184637679054,1.2389280077543243,0.9457136429268445,1.3492231111887136,1.0963915373872544,1.0490337288388176,-0.0030338427033318937,-0.3342357967065101,0.8560196346941322,0.5967650510810029,0.7515102806919302,0.9952338131958082,-0.7941466995421891,1.6359940934281316,-1.3953594659754607,0.7119851889095772,1.5111493376764906,-1.6547521904919724,1.103340981077973,1.2017315286327783,0,5.958333333333344,-2.1250000000000013,Cephalophus_niger,139
833,0.29529422172556846,0.6532674075907094,-0.44999204459183584,1.7422995233266543,1.0522382337654923,-1.0720698899021686,-0.9714301353310102,-0.286799781694501,1.518194824553521,1.5289152297409794,1.4165097680018208,1.2588700460183362,1.156954223564074,2.1422011820511804,1.227331985897899,-0.7989746450830791,1.3896137617406557,0.9515734057099507,1.4372059892783995,-0.37381124513817166,-0.095113653891691,-0.5916641757307276,1.2996655340398127,1.297662184016512,1.2854931640248641,-0.2858136797808532,0.6122760324188448,-0.6652566504981302,2.4410602377367194,0.36661504395910915,-0.703326878689925,-0.7270726714093222,-0.6229259874203835,1.5031660996777578,0.9585436829096758,-1.059609006564304,1.3509037935537445,1.0958918165563016,-0.5757000121445329,1.1222535147202901,1.040718200596257,0,14.375000000000009,-6.541666666666668,Cephalophus_niger,38
834,0.5713593562679969,0.24484496108260523,0.1896524826790128,1.746694519506043,1.2580087488546638,-1.3397316669669326,-0.8394138243255058,-0.4530413209665804,1.7287998636137019,1.7343914611972324,1.3564875249108472,1.6294582296010198,1.156954223564074,1.8721952010400518,1.3181487119369084,-0.7061200109656443,1.4103742414735883,1.33164936445551,1.5180951255991022,-0.3130503594807317,0.5654170619645927,-0.4661381749941187,1.441386428705952,1.5564478759942084,1.3247115930487714,-0.6863473306989034,-0.25232593804518316,-0.6652566504981302,2.588682367228381,-0.3708439283813365,-0.703326878689925,-0.944355470822051,-0.6229259874203835,1.0564663887183237,0.7649864227615457,-0.9275010079300173,1.5251543220930628,1.2159662804946696,-0.6191517777155707,1.4532228534608367,1.1578188028046361,0,15.958333333333346,-0.8750000000000012,Cephalophus_niger,19
835,-0.6597621881913267,0.7349518968923303,0.09827469306889156,1.2348677190021675,0.3113886597482705,-0.33085266582752204,-1.3362119043303853,0.5900149219398938,1.5133718083918375,1.5242096671885461,1.2641456124631956,1.0556442679246063,1.156954223564074,1.6209641319971175,1.1458295794809605,-1.3867829413355248,0.6428222364503289,0.4079692929673418,1.4384698820334105,-0.35211092883194306,-0.34281267233779744,-0.48378347639844044,1.2929169200080917,1.0802822027552468,1.3737346293286556,0.5312749680919691,0.4785746967800775,-0.5075845534041307,0.19720386946347004,0.5308672696167539,-0.41863521523643715,-0.07522427317113564,1.6357554009397173,-0.06028288868026159,1.7327727235021968,-1.3378626805436533,0.9830415666374057,1.5111493376764906,-1.4519772844937957,0.9709532455817544,1.2358858709435556,0,7.708333333333344,1.8749999999999991,Cephalophus_niger,118
836,-1.059232298931499,0.8983208754955719,0.1896524826790128,1.3686199489048936,0.7426351698579214,-0.33085266582752204,-1.2771520001355041,0.32168656329668704,1.4546917784246878,1.4669586561339412,1.2364430387289,1.163234385738934,1.156954223564074,1.5998669798123792,1.420608892693985,-1.055284415684949,0.9087920497778408,0.38680007625188106,1.3158722847973456,-0.3304106125257145,-0.34281267233779744,-0.4449266642350208,1.2524252358177663,1.0802822027552468,1.3443208075607251,0.6142946702822558,1.0401203064628997,-0.6337222310793303,0.8467412392267791,1.0604968952067102,-0.6368988238841111,-0.58398399862533,2.396675783372331,0.5140453111247252,1.2004902580948387,-1.2826734584067678,1.0701668309070649,1.2860097177920509,-1.0609113943544553,0.9142156446548035,1.177335569839366,0,9.791666666666675,3.9583333333333313,Cephalophus_niger,93
837,0.23657370678488465,0.6532674075907094,0.1896524826790128,1.328610287252233,0.6789713560978236,-0.20731645158823117,-1.3327378118081674,0.4371553186731783,1.4550936964381613,1.467350786346644,1.4534465329808814,1.031735352854756,1.156954223564074,1.711546858001946,1.3257168464655564,-1.332058933098806,0.7791367752460661,0.4988614352186821,1.4195114907082458,-0.34053742680195453,-0.5079453513018684,-0.5993756974756607,1.2524252358177663,1.059579347397031,1.3639300220726789,0.7453784105827086,1.637319605649393,-0.5391189728229305,0.9648389428201081,1.395705518997822,-0.5135324363875998,-0.557486096257924,2.87827096212715,0.3864168222791725,1.2004902580948387,-1.3072874668859362,1.0120833213939588,1.2960159231202482,-1.1188470817825058,0.9520407119394375,1.1626979945633185,0,10.041666666666675,-5.875000000000001,Cephalophus_niger,90
838,0.5483876257911076,0.8574786308447615,-0.5413698342019571,1.4707434825074779,0.7320242933005519,-0.6808718985981136,-1.2146179702866877,0.046421281025071294,1.5599942979547783,1.5696967718620678,1.490383297959942,1.3186423336929625,1.156954223564074,1.7988389315213702,1.2418859711811958,-1.148597931082917,0.9802786524581522,0.5864516846368665,1.520622911109124,-0.36657780636942877,-0.095113653891691,-0.5086420119385499,1.3266599901666962,1.2562564733000803,1.3982461474685979,0.17297941127073146,1.0668605735906531,-0.6652566504981302,1.4077053312950916,0.8023862548875543,-0.6463885459992275,-0.4673932282087438,2.0258474957311208,0.6097666777588896,1.1521009430578062,-1.2155618259127852,1.205695019770979,1.3160283337766427,-1.002975706926405,1.0182345796875467,1.1626979945633185,0,11.708333333333346,-1.291666666666669,Cephalophus_niger,70
839,1.3171737312487477,-0.4903154426319823,2.7482305917624075,1.4131550327057838,-0.2771226576555868,0.9456881737377513,-1.4161164961854442,1.1846764972547204,1.0748792556921098,1.0963956051298205,1.3518704292884647,0.350331273364015,1.156954223564074,2.1429752621233615,1.3984867728820403,-1.3449068387837495,0.7452538122823931,0.6730708065362703,1.0782604468552819,-0.2710964146220231,-1.0033433881940812,-0.3863534120237074,0.9892292885806504,0.5730622464789614,1.1874470914650954,2.526660792665528,2.796064514518709,-0.19224035921613142,0.1676794435651378,2.9611297921023136,0.2930939433972825,1.493451546979297,0.29692080400132065,1.3755376108322053,1.3940475182429688,-1.4117047059811585,0.7507075285849812,0.9858235579461311,-0.8653784492847851,0.6683527073046831,0.9528927489399724,0,8.708333333333345,-9.375000000000002,Cephalophus_niger,106
840,0.985192065489729,1.0616898540988136,-1.0896365718626844,1.5972911733423847,1.044280293185083,-0.5161569871864584,-1.127765160255475,0.10900170850482913,1.4615243846537394,1.4736248697498884,1.4442123417361163,1.175188843273859,1.156954223564074,2.106781038160766,1.3115994629746632,-0.9248725122333782,1.2734721644853748,0.6934632990446137,1.4283587399933226,-0.402745000213143,0.9782487593747701,-0.4673569901888651,1.259173849849487,1.204499334904541,1.3149069857927946,0.47884147197178795,1.7086269846567357,-0.6652566504981302,1.8800961456684073,1.5398452272279999,-0.703326878689925,-0.8171655394585025,-0.5940302766950943,1.1521877553524882,1.1037116280207735,-1.14941167812502,1.2250561896086811,1.1709383565177816,-0.7784749181427094,0.9614969787605959,1.0895101181830815,0,12.708333333333346,-8.875000000000002,Cephalophus_niger,58
841,-0.2173058679864301,0.36737169503503647,-0.08448088615135091,1.5688481413025914,1.2595245883628596,-0.7632294156650402,-1.0652311304066584,-0.08705408554016104,1.513773726405311,1.524601797401249,1.4349781504913512,1.2349611309484856,1.156954223564074,2.0535540992333328,1.5313647295829211,-0.7501584707752754,1.1485174943429488,0.637141459113486,1.4536365950935424,-0.4548257593480916,0.07001902507237993,-0.5169476288070739,1.2929169200080917,1.2355536179418647,1.3149069857927946,0.0986986251004749,0.9688129274555572,-0.6652566504981302,2.027718275160068,0.9699905667831101,-0.703326878689925,-0.5203890329435557,-0.6084781320577389,1.0245592665069356,0.9101543678726434,-1.1288359054119652,1.2831396991217872,1.1609321511895843,-0.720539230714659,1.0844284474356563,1.1626979945633185,0,13.541666666666675,-14.125000000000002,Cephalophus_niger,48
842,-0.5321236508432163,0.8166363861939511,-0.3586142549817146,1.1590960145200067,1.0655014680661743,1.028045629443579,-1.2945225621417467,1.7029328941811446,1.5045296120954177,1.5155828025090852,1.2272088474841347,1.1512799282040087,1.156954223564074,1.453541185473422,1.1682426191037132,-0.9173646151515756,0.8335841726454871,0.23997445617297178,1.4005530993830813,-0.33330398803321165,-0.6730780302659393,0.5621916557133445,1.2861683059763709,1.1113364857925703,1.3688323257006674,2.4232502864285044,4.266779206545148,-0.6021878116605304,1.201034350006766,3.933234801096537,-0.5704707690782973,-0.7376718323562845,6.52394646530113,-0.15600425531442605,1.2004902580948387,-1.3051722005322577,1.0701668309070649,1.4511121057073066,-1.2998961049951634,0.9614969787605959,1.2163691039088258,0,9.958333333333343,-12.791666666666668,Cephalophus_niger,91
843,1.072137023690657,-0.28610421937793024,-0.44999204459183584,1.5945627976853278,1.2864300891204787,-0.8044081128374045,-1.0860758180668366,-0.0831182324970136,1.625105016137506,1.633221866319917,1.4857662023375595,1.4620958241120658,1.156954223564074,2.063812358381423,1.5284537548653088,-0.7926253637214876,1.1659484913686695,0.670546230603255,1.5648591575345083,-0.4591658226093373,0.4002843830005218,-0.5562586547751303,1.3739002883887428,1.3804736054493747,1.3933438438406094,0.04917810098697053,0.9153323932000503,-0.6652566504981302,2.0572427010584007,0.8895404970732433,-0.703326878689925,-0.5309881938905181,-0.6132940838452872,0.8650236554499948,0.9585436829096758,-1.1332587350605658,1.3799455483102974,1.2810066151279522,-0.8219266837137473,1.141166048362607,1.231006679184873,0,13.875000000000009,-12.625000000000002,Cephalophus_niger,44
844,0.40323041173261387,0.44905618433665734,0.281030272289134,1.7263053907562316,0.7627195373870721,-0.4132101215333497,-1.1937733157582273,0.19426262192732321,1.481620285327421,1.493231380385027,1.5088516804494725,1.031735352854756,1.156954223564074,2.2840749084587766,1.4616510157132625,-1.0776822191454318,1.3142098393111175,0.8771895422383436,1.4397337747884216,-0.24939609831579457,0.1525853645544154,-0.5783183851129042,1.2726710779129289,1.1837964795463254,1.3443208075607251,0.6885754564525124,1.6997135622808177,-0.6652566504981302,1.3781809053967593,1.5867744345587556,-0.6938371565748087,-0.41969700394741305,-0.5699505177573534,1.4393518552549815,1.2004902580948387,-1.204408603320662,1.2444173594463832,1.1609321511895843,-0.7495070744286843,0.9898657792240714,1.1187852687351763,0,11.458333333333346,-8.458333333333334,Cephalophus_niger,73
845,0.11548321867872353,0.36737169503503647,2.19996385410168,1.607943026320582,0.7433929450536073,-0.3926207729471675,-1.1972474082804452,0.20326594628941094,1.4796106952600527,1.491270729321513,1.490383297959942,1.1034620980643075,1.156954223564074,2.22639634460651,1.4099843235423206,-1.1383884177224064,1.1485174943429488,0.7528926284972342,1.4384698820334105,-0.30292354520449166,-0.5079453513018684,-0.5604077897809271,1.2726710779129289,1.1734450518672175,1.3443208075607251,0.6361419603323313,1.6016659161457218,-0.6652566504981302,1.348656479498427,1.482859761183511,-0.6938371565748087,-0.3508024577921576,-0.5795824213324499,1.1202806331411,1.1521009430578062,-1.2084468390867755,1.1863338499332772,1.1809445618459788,-0.8219266837137473,0.9898657792240714,1.1187852687351763,0,11.291666666666675,-8.041666666666668,Cephalophus_niger,75
846,0.992319806600442,0.12231822713017397,0.281030272289134,1.6003789184120587,0.8862577106951909,-1.133838058382913,-0.9123701980044114,-0.3277820762496871,1.5535636097392003,1.5634226884588234,1.3103165686870213,1.342551248762813,1.156954223564074,1.8143231910041606,1.3046136122200143,-0.6093879210477932,1.3645444693632045,0.9935233288640577,1.4296226327483337,-0.2624162880995317,0.8131160804106992,0.027818809278941887,1.3199113761349754,1.3494193224120512,1.2707862531408987,-0.4125279620712909,0.25573913738213216,-0.6652566504981302,2.234389256448394,0.1118564898778643,-0.703326878689925,-0.7747688956706529,-0.6229259874203835,0.9607450220841592,0.8133757377985782,-1.0149961161958114,1.3896261332291484,1.1809445618459788,-0.6698455042151149,1.1979036492895578,1.1090268852178113,0,14.958333333333346,-3.458333333333333,Cephalophus_niger,31
847,-0.8561845069791851,0.48989842898746777,0.37240806189925524,1.2480192036217326,-0.1801110975072442,-0.33085266582752204,-1.4056941523553552,0.5901132647779784,1.4715723349905803,1.4834281250674577,1.2826139949527258,0.99587198024998,1.156954223564074,1.7177403845924513,1.0835385402345457,-1.4777620715070272,0.6340088647136456,0.9224413582256065,1.3879141718329715,-0.31449704723448024,-0.5905116907839039,-0.5771230925779306,1.265922463881208,0.9974707813223839,1.3688323257006674,0.5371009121053225,0.5409686534115022,-0.38144687572893093,0.02005731407347666,0.390079647624487,-0.27628938350969323,0.24805013571121703,1.1348964150347056,0.03543847795390286,1.7811620385392293,-1.3876675883257206,0.8959163023677466,1.461118311035504,-1.4447353235652896,1.160078582004924,1.1919731451154134,0,7.458333333333344,-4.875000000000001,Cephalophus_niger,121
848,0.05193490081510522,0.24484496108260523,0.1896524826790128,1.4987780858252733,1.0173747924274639,-0.4749782286529951,-1.1659804099218956,0.15072196846771144,1.6319376223665576,1.6398880799358642,1.5180858716942376,1.3664601638326637,1.156954223564074,2.1133617524562043,1.5352941457145535,-0.8382239078602064,1.2168703607636944,0.5301298447057388,1.5661230502895194,-0.24939609831579457,0.4828507224825573,-0.4584676161342484,1.3739002883887428,1.3804736054493747,1.4178553619805516,0.4773849859684496,1.6908001399049,-0.6652566504981302,1.850571719770075,1.5197327098005333,-0.703326878689925,-0.8436634418259084,-0.6084781320577389,0.6097666777588896,0.9101543678726434,-1.173064201897971,1.3412232086348934,1.3060221284484455,-0.887104332070304,1.1127972478991315,1.2895569802890627,0,13.041666666666675,-11.375000000000002,Cephalophus_niger,54
849,1.317196115716139,0.9391631201463824,-1.272392151082927,1.6878644304352286,1.1992711966585838,-1.2985529697945681,-0.811620951620892,-0.4413320952913642,1.6785601119294984,1.6853751846093858,1.3564875249108472,1.6055493145311692,1.156954223564074,1.8896151037098228,1.3408528934466608,-0.729309269109549,1.3831505427738777,1.1364645870411008,1.475122771928729,-0.5083532062367887,-0.095113653891691,-0.561693181586646,1.4076433585473473,1.5253935929568847,1.2903954676528524,-0.6455657226054292,-0.10971118003049814,-0.6652566504981302,2.647731219025045,-0.26022508253026966,-0.703326878689925,-0.9867521146099005,-0.6229259874203835,1.0245592665069356,0.6682077926874805,-0.900964030038414,1.5057931522553607,1.1559290485254856,-0.5467321684305078,1.396485252533886,1.1285436522525414,0,15.875000000000009,-9.375000000000002,Cephalophus_niger,20
850,-0.3134407034381522,1.5109545452577282,0.09827469306889156,1.497144370937282,0.7964461713731597,-0.5161569871864584,-1.2389367504690836,0.174780004852321,1.539898397281097,1.5500902612269292,1.4950003935823248,1.2827789610881868,1.156954223564074,2.197750656532843,1.3447825316544846,-1.2760272462419286,0.9279856613809904,0.6431620348448086,1.4940811632538935,-0.34053742680195453,-0.5905116907839039,-0.46932388368270184,1.3131627621032544,1.2148507625836489,1.3982461474685979,0.4162125738282383,1.2807827106126806,-0.6021878116605304,1.2600832018034305,1.0906656713479104,-0.6368988238841111,-0.2819079116369021,-0.5651345659698053,0.705488044393054,1.2004902580948387,-1.2461370395705023,1.157292095176724,1.2860097177920509,-0.9957337459978987,1.0276908465087053,1.1626979945633185,0,11.208333333333345,-4.041666666666667,Cephalophus_niger,76
851,1.6376086986873528,-0.2452619747271198,-1.1810143614728057,1.747462317640658,1.3334199574072483,-1.3809104868614948,-0.8428879499794414,-0.48383954838413656,1.587324722870985,1.5963616263258564,1.2733798037079607,1.2708245035532615,1.156954223564074,1.6935463214436177,1.2463976710868272,-0.13987787462009985,1.6984753573666314,1.3868059699027058,1.406872563158136,-0.473632700146823,-0.4253790118198329,-0.5702123464444318,1.346905832261859,1.4011764608075905,1.2413724313729682,-0.7475197428391147,-0.3503735841802791,-0.6652566504981302,2.588682367228381,-0.46805442928075885,-0.703326878689925,-1.0026508560303442,-0.6229259874203835,1.2798162441980407,0.8133757377985782,-0.9073098290994496,1.5154737371742117,1.1559290485254856,-0.5394902075020014,1.3492039184280935,1.0699933511483517,0,16.291666666666675,-5.125000000000001,Cephalophus_niger,15
852,-0.004343995426547532,0.4082139396858469,0.281030272289134,1.674418988815554,1.3516097423887723,-0.886765629904331,-1.1416616297394997,-0.15263562114061477,1.5262331848229935,1.5367578339950347,1.4672978198480293,1.0556442679246063,1.156954223564074,2.2291060678656716,1.5828857397722675,-0.6347109701446318,1.3514219861324641,0.7453183080051651,1.4561643806035642,-0.37381124513817166,-0.7556443697479748,-0.5132311953044623,1.2996655340398127,1.204499334904541,1.3394185039327366,-0.04840646123669987,0.8261981694408722,-0.6652566504981302,2.116291552855065,0.7454007888430654,-0.703326878689925,-0.6846760276214726,-0.6132940838452872,1.311723366409429,1.1037116280207735,-1.1944091623759998,1.3121814538783403,1.1809445618459788,-0.7277811916431653,1.1222535147202901,1.167577186322001,0,14.041666666666675,-14.791666666666668,Cephalophus_niger,42
853,-1.472321942590846,-0.2452619747271198,-1.1810143614728057,1.5850219585793228,1.2822616027521465,-1.3397316669669326,-0.7490868886403577,-0.4669152902135601,1.6986560126031798,1.7049816952445245,1.2733798037079607,1.7490028049502726,1.156954223564074,1.5946409794776795,1.1082802708009118,-0.4875107613152388,1.24938220204523,1.3392236849475792,1.465011629888641,-0.5372869613117601,-0.4253790118198329,-0.4257350891245892,1.4211405866107891,1.5667993036733163,1.2756885567688871,-0.7213029947790242,-0.30580647230069,-0.6652566504981302,2.618206793126713,-0.42447730818791435,-0.6938371565748087,-0.721773090935841,-0.6132940838452872,0.6735809221816659,0.5714291626134155,-0.8369291486043273,1.5057931522553607,1.2159662804946696,-0.6336356995725834,1.5194167212089462,1.1090268852178113,0,16.791666666666675,-9.625000000000002,Cephalophus_niger,9
854,-1.6745204374008777,0.5307406736382781,0.281030272289134,1.1479051074228834,-0.05581514900343957,-0.2690845587078766,-1.3223154679780782,0.5188247666629933,1.4607205486267922,1.4728406093244828,1.2410601343512826,1.127371013134158,1.156954223564074,1.5058004504762077,1.2130689204254104,-1.297100077265303,0.5964049261474688,0.3963163554349994,1.3702196732628178,-0.32896392477196595,-0.34281267233779744,-0.5531351546927002,1.2524252358177663,1.059579347397031,1.354125414816702,0.5720565761854433,0.692496833802105,-0.5391189728229305,0.19720386946347004,0.40684007881404255,-0.39965577100620464,-0.027528048909804922,1.4479332812253378,-0.15600425531442605,1.2972688881689038,-1.3226712221854164,0.9443192269620017,1.4210934897227148,-1.3505898314947076,0.9520407119394375,1.2066107203914607,0,8.541666666666679,-2.5416666666666687,Cephalophus_niger,108
855,1.1417361264367956,0.5307406736382781,0.37240806189925524,1.800051504159617,0.9635635017954018,-1.1750167555552773,-1.082601692412901,-0.33973729977799394,1.6166647378545598,1.6249871318531588,1.4349781504913512,1.079553182994457,1.156954223564074,2.0477474650100755,1.817641593456226,-0.594607238776167,1.6081866359784625,1.0867459400832618,1.4978728415189264,-0.40129831245939446,-0.012547314409655536,-0.613513500792674,1.3671516743570218,1.297662184016512,1.3345162003047484,-0.43874471013138144,0.14877806887111844,-0.6652566504981302,2.2934381082450583,0.10180023116413095,-0.6938371565748087,-0.9761529536629382,-0.6132940838452872,1.4712589774663696,1.1037116280207735,-1.1261437482345562,1.4380290578234036,1.2059600751664723,-0.6698455042151149,1.3113788511434596,1.2505234462196029,0,15.458333333333346,-14.708333333333336,Cephalophus_niger,25
856,0.36233543821557934,0.48989842898746777,0.281030272289134,1.016668862264652,0.45084256965879577,-0.0014227509625631685,-1.3188413423241427,0.8837787923387147,1.4193229932390086,1.4324511974160972,1.1856549868826916,1.0675987254595316,1.156954223564074,1.378636460472693,1.1298201068388574,-1.2948976011527407,0.4524520920000009,0.2527926281892461,1.3487334964276312,-0.3014768574507431,-0.17767999337372647,-0.4388295556039672,1.2254307796908825,0.9664164982850603,1.3247115930487714,0.8152897387429501,0.7014102561780229,-0.4445157145665308,0.07910616587014112,0.6046131668507985,-0.304758549855042,0.136758945768112,1.6213075455770727,-0.41126123300553125,1.5392154633540664,-1.348439012312046,0.8087910380980874,1.4561152083714053,-1.5026710109933399,0.9236719114759621,1.1919731451154134,0,7.62500000000001,4.208333333333331,Cephalophus_niger,119
857,0.580692099090082,0.44905618433665734,0.5551636411194977,0.8962478016877996,0.20187164049493164,1.5839585321592888,-1.4126423870973674,3.9489402309595847,1.4759934331387903,1.4877415574071882,1.2272088474841347,1.1034620980643075,1.156954223564074,1.3385710978049785,0.8879329424948461,-1.3571869191429187,0.3182919595265231,0.1246116488927823,1.3879141718329715,-0.3173904227419774,-1.0033433881940812,-0.5280309836923146,1.265922463881208,0.987119353643276,1.3835392365846326,3.910322495836974,4.881805350483478,-0.12917152037853158,0.6400702579384535,5.200323399026939,0.13176866744030602,0.051965658192412945,8.344376240994345,-0.7941466995421891,1.5392154633540664,-1.4170890203359765,0.7700686984226832,1.5261586456687866,-1.6330263077064535,0.9898657792240714,1.1968523368740958,0,7.37500000000001,-11.708333333333336,Cephalophus_niger,122
858,1.263746484479398,0.8983208754955719,0.1896524826790128,1.4319264008145571,0.6520658553402044,-0.3720313629998864,-1.2771520001355041,0.35297677703656594,1.4422323200070053,1.4548026195401553,1.2318259431065173,1.079553182994457,1.156954223564074,1.6757395264065986,1.319167597503311,-1.126177232569225,0.9420871756994991,0.4629317914493861,1.3360945688775214,-0.3304106125257145,-0.34281267233779744,-0.5489409945084446,1.2456766217860453,1.059579347397031,1.3296138966767599,0.5793390062021351,1.1827350644775847,-0.6652566504981302,1.1419854982101014,1.281734586908844,-0.6558782681143437,-0.6740768666745103,2.7145286013505117,0.6735809221816659,1.490826148317034,-1.2886346635853163,1.0604862459882138,1.3360407444330376,-1.1405729645680247,0.8858468441913281,1.1626979945633185,0,10.208333333333343,2.2083333333333313,Cephalophus_niger,88
859,0.17165374776353529,0.9800053647971928,2.4740972229320435,0.6921967722920663,-0.038004396178170495,-0.2896739072940588,-1.384849481261036,0.8801381554869933,1.4860413834756308,1.4975448127247575,1.2087404649946045,1.2947334186231119,1.156954223564074,1.1926324911709543,0.769463511171858,-1.6522582248746478,-0.04815076975843976,0.35999849773540055,1.410664241423169,-0.22480240650206884,0.07001902507237993,-0.5979677887598445,1.2726710779129289,1.0078222090014917,1.3737346293286556,0.2982372075578308,0.7192371009298585,-0.3183780368913311,0.3743504248534634,0.5442756145683983,-0.14343327389806557,0.02546775582500699,0.17170605752506773,-1.208939288290235,1.6359940934281316,-1.386706103619503,0.64422109447762,1.566183466981576,-1.7851074872050858,1.1506223151837656,1.231006679184873,0,6.041666666666676,0.9583333333333308,Cephalophus_niger,138
860,-0.2833233242766369,-0.2452619747271198,-1.1810143614728057,1.715294168365417,1.4262631757456707,-1.4220891840338592,-0.7004493282755657,-0.5175404847811524,1.6982540945897062,1.7045895650318217,1.2964652818198736,1.7490028049502726,1.156954223564074,1.6908365981844558,1.1974962716519024,-0.4087544388621557,1.3943140672804661,1.4322521892016318,1.4473171313184874,-0.473632700146823,-0.4253790118198329,-0.583650356747434,1.4211405866107891,1.5978535867106398,1.260981645884922,-0.824713501016048,-0.5286420316986353,-0.6652566504981302,2.9429754780083677,-0.6021378787972035,-0.703326878689925,-0.9019588270342015,-0.6229259874203835,1.0564663887183237,0.619818477650448,-0.7905855857646431,1.5735572466873178,1.1559290485254856,-0.4960384419309636,1.5856105889570555,1.0846309264243992,0,17.208333333333346,-11.208333333333336,Cephalophus_niger,4
861,1.1474828775828083,0.12231822713017397,0.281030272289134,1.5525764048351858,0.9984272322502541,-1.0514805413159865,-0.9262666343567184,-0.2795184141524721,1.524625512769099,1.5351893131442238,1.3334020467989343,1.342551248762813,1.156954223564074,1.9176801578949325,1.0585056677811797,-0.754718297182966,1.2431147295260982,0.8490286222727798,1.416983705198224,-0.2624162880995317,0.8131160804106992,-0.5012208353381626,1.2996655340398127,1.3183650393747275,1.2658839495129104,-0.3018350258175752,0.45183442965232407,-0.6652566504981302,2.1753404046517297,0.27610871553550903,-0.703326878689925,-0.6528785447805855,-0.6229259874203835,0.9288378998727711,0.7649864227615457,-1.0230725877280384,1.3315426237160424,1.1459228431972883,-0.6626035432866085,1.1506223151837656,1.021201433561527,0,14.375000000000009,-3.875000000000001,Cephalophus_niger,38
862,-1.308280270127761,0.08147598247936355,-1.1810143614728057,1.6527068541371617,1.0313958019238318,-1.0720698899021686,-1.0200676956958021,-0.26057702050584514,1.6287222782587687,1.636751038234242,1.4072755767570557,1.4501413665771405,1.156954223564074,2.051231268341419,1.1161395472165592,-1.0207728185667413,1.172999248527924,0.94671806446256,1.525678482129168,-0.4852062021768116,-0.34281267233779744,-0.5766281433375302,1.3739002883887428,1.3804736054493747,1.354125414816702,-0.30766096983092867,0.4696612744041597,-0.6652566504981302,2.0867671269567327,0.22582742196684227,-0.703326878689925,-0.5892835790988112,-0.6229259874203835,0.9607450220841592,0.9585436829096758,-1.0932609712819172,1.3509037935537445,1.2409817938151628,-0.7857168790712158,1.1884473824683994,1.1334228440112237,0,13.875000000000009,-1.0416666666666692,Cephalophus_niger,44
863,-1.4560201414890175,0.24484496108260523,0.646541430729619,0.8262104524167352,-0.43893483891596813,0.739794488452358,-1.3883235903491127,1.8996283295634635,1.4052558627674316,1.4187266399715,1.1764207956379265,1.0556442679246063,1.156954223564074,1.2520531043577356,0.9484775745716467,-1.4335228773929578,0.20665522021294522,0.4444815539786037,1.3411501398975652,-0.2638629758532803,-1.0033433881940812,-0.43182718897967953,1.2186821656591615,0.914659359889521,1.3296138966767599,1.521685450362057,1.7710209412881603,0.5015168679974669,-0.2161380931131812,1.3320158804775108,0.8340081039589095,0.8787002120554788,1.197503788272832,-0.8579609439649654,1.684383408465164,-1.3853600250307985,0.6635822643153221,1.506146235012392,-1.6837200342059975,1.0749721806144976,1.1919731451154134,0,5.791666666666676,-2.958333333333333,Cephalophus_niger,141
864,-1.7061568775944143,-0.2452619747271198,-1.1810143614728057,1.741564431398293,1.239440220833709,-1.3191423183807505,-0.8776290739919265,-0.45043380941082956,1.5857170508170904,1.5947931054750453,1.3241678555541692,1.3305967912278878,1.156954223564074,1.8257427179293657,1.3232426956165388,-0.43822996445973617,1.5803753990862754,1.2504682010454629,1.4321504182583558,-0.473632700146823,-0.4253790118198329,-0.46550298002674717,1.3401572182301382,1.4011764608075905,1.260981645884922,-0.6717824706655198,-0.20775882616559407,-0.6652566504981302,2.647731219025045,-0.32391472105058083,-0.703326878689925,-0.9655537927159757,-0.6229259874203835,1.311723366409429,0.8617650528356108,-0.9528842041741598,1.4767513974988076,1.1559290485254856,-0.5684580512160267,1.2924663175011426,1.094389309941764,0,15.791666666666675,-6.125000000000001,Cephalophus_niger,21
865,0.8676167288040141,0.6532674075907094,-0.17585867576147213,1.2074541347470193,-0.3521549786103283,-0.22790580017441334,-1.3779012630848826,0.7036141124006133,1.4579071225324767,1.4700956978355635,1.2595285168408128,1.0078264377849053,1.156954223564074,1.6720619815539464,1.0742239985362834,-1.466112900397001,0.5948380580176857,0.5650880646097426,1.3778030297928836,-0.3767046206456688,-0.8382107092300103,-0.5473892473450077,1.2524252358177663,0.987119353643276,1.3590277184446904,0.6623587083924218,0.8440250141927078,-0.2868436174725312,-0.03899153772318781,0.4370088549552426,-0.09598466332248425,0.36464090612780325,1.3660621008370186,-0.06028288868026159,1.7327727235021968,-1.3818986800884154,0.8668745476111934,1.4561152083714053,-1.459219245422302,0.9804095124029129,1.1870939533567308,0,7.37500000000001,-5.625000000000001,Cephalophus_niger,122
866,-1.0898172501148156,0.1631604717809844,-0.8155032030323207,1.6486062138140565,0.8790575453104674,-0.9691230242490597,-1.0374382577020447,-0.1971110195226781,1.6395740646225565,1.6473385539772167,1.4303610548689685,1.4860047391819164,1.156954223564074,2.1042647610852283,1.1988060770291131,-1.0466923993251824,1.1432293517611236,0.8995239934377361,1.5446368734543328,-0.4258920042731202,-0.17767999337372647,-0.5580826122814687,1.3806489024204638,1.3908250331284826,1.3737346293286556,-0.17512074352713755,0.6033626100429269,-0.6652566504981302,1.9391449974650716,0.44371302743106483,-0.703326878689925,-0.4779923891557062,-0.6229259874203835,0.9288378998727711,0.9585436829096758,-1.0944147529293782,1.3799455483102974,1.2609942044715576,-0.792958839999722,1.178991115647241,1.1285436522525414,0,13.541666666666675,-2.2916666666666687,Cephalophus_niger,48
867,0.8596323209589056,0.612425162939899,2.9309861709826497,1.3828660942935238,0.7047400495035018,-0.45438888006681294,-1.23198853229293,0.2656003665322195,1.5736595104128817,1.583029199093962,1.2779968993303432,1.2469155884834109,1.156954223564074,1.6529001772185037,1.3504585770319226,-1.1323086258403345,0.8073395050335449,0.44001442666151586,1.4435254530534545,-0.36368443086193164,-0.4253790118198329,-0.48894113627065133,1.3334086041984172,1.2355536179418647,1.3835392365846326,0.43805986387831375,1.0936008407184066,-0.6337222310793303,1.1124610723117692,1.050440636492977,-0.6274091017689949,-0.18121588264075947,2.3822279280096867,0.32260257785639623,1.2004902580948387,-1.2451755548642847,1.1863338499332772,1.4010810790663202,-1.1405729645680247,0.9898657792240714,1.240765062702238,0,10.625000000000009,-0.6250000000000012,Cephalophus_niger,83
868,1.3238690571187974,0.04063373782855314,0.09827469306889156,1.273096687266782,0.858215113468807,0.842741338765192,-1.3223154679780782,1.3248920642367579,1.513773726405311,1.524601797401249,1.2502943255960477,1.127371013134158,1.156954223564074,1.5476077148095937,1.2852567851440866,-0.9381047327411546,0.8087106267156818,0.3343623018761078,1.3676918877527957,-0.2826699166520117,-0.6730780302659393,-0.6110123252266845,1.2929169200080917,1.1113364857925703,1.388441540212621,2.1771041518643206,2.9565061172852296,-0.5391189728229305,0.8172168133284469,3.0248194306226246,-0.49455299215736725,0.385839228021728,5.218823530875571,0.13115984458806731,1.1037116280207735,-1.324017300774121,1.1088891705824688,1.3760655657458267,-1.1622988473535436,0.9993220460452299,1.1968523368740958,0,9.791666666666675,-12.125000000000002,Cephalophus_niger,93
869,1.1066069966997252,0.3265294503842261,0.281030272289134,1.3424643570219925,0.33564136908734116,-0.0631908887627581,-1.2771520001355041,0.6261757336453717,1.432988205697112,1.4457836246479916,1.213357560616987,1.0197808953198306,1.156954223564074,1.5969635150319084,1.4035807565616707,-1.1402639916837922,0.7936297824598666,0.3838866936955396,1.3335667833674993,-0.25373616157704026,-0.012547314409655536,-0.021474472397510803,1.2389280077543243,1.0285250643597075,1.3198092894207831,0.9536559090600947,1.3788303567477764,-0.5391189728229305,0.5514969802434568,1.3152554492879551,-0.4565941036969022,-0.2819079116369021,2.7626881192259938,0.45023106670194885,1.4424368332800015,-1.3005570739424137,1.0217639063128097,1.3560531550894321,-1.198508651996075,0.8669343105490112,1.2066107203914607,0,9.375000000000009,0.9583333333333308,Cephalophus_niger,98
870,-0.5251109922295617,0.36737169503503647,0.1896524826790128,1.7234627428053735,1.085207092555894,-1.0926592384883507,-1.0096453187339953,-0.2967378697467574,1.6632872274175006,1.6704742365266805,1.4765320110927944,1.4620958241120658,1.156954223564074,2.1313619936768475,1.5315101894883252,-0.7354808512508181,1.3882426400585186,0.9018547587521116,1.5724425140645741,-0.3651311186156802,0.4002843830005218,-0.5485143827768164,1.4008947445156263,1.442582171524022,1.3688323257006674,-0.34552960591772613,0.4161807401486528,-0.6652566504981302,2.322962534143391,0.26605245682177564,-0.6938371565748087,-0.8383638613524271,-0.6132940838452872,1.1840948775638762,0.9585436829096758,-1.0838384211609855,1.4670708125799565,1.2309755884869655,-0.6843294260721275,1.2546412502165087,1.2017315286327783,0,15.041666666666675,-12.291666666666668,Cephalophus_niger,30
871,1.4025665241461014,0.6532674075907094,0.1896524826790128,1.3834542077218304,0.7036029530347371,-0.4132101215333497,-1.2632555637831973,0.24665893535015815,1.4490649262360569,1.4614688331561023,1.4442123417361163,1.163234385738934,1.156954223564074,1.7669028862999843,1.261679400049527,-1.3251589101820307,0.7914753761376073,0.5544065509426924,1.4195114907082458,-0.36802449412317734,-0.17767999337372647,-0.13970627683061346,1.2456766217860453,1.1009850581134624,1.3590277184446904,0.4934063320051716,1.40557062387553,-0.6337222310793303,1.2305587759050982,1.1912282584852438,-0.6463885459992275,-0.22891210690209018,2.5844979030867106,0.5459524333361133,1.2004902580948387,-1.2592132315750604,1.0411250761505118,1.2609942044715576,-1.0464274724974427,0.942584445118279,1.1236644604938588,0,11.041666666666675,-4.625000000000001,Cephalophus_niger,78
872,0.11327518848058667,-0.2452619747271198,0.281030272289134,0.6738338329052909,0.3879368202112076,1.6663160492262155,-1.409168278009291,4.768536950644264,1.4434380740474262,1.4559790101782635,1.181037891260309,1.1393254706690834,1.156954223564074,1.104179002205573,0.8941912716462833,-1.3470978323619802,0.1001105781840083,-0.11058109298468453,1.3790669225478946,-0.05698662706723465,-0.17767999337372647,-0.5881633788378231,1.2456766217860453,0.9560650706059524,1.3590277184446904,3.8913881777935755,5.158121444136929,-0.38144687572893093,0.8172168133284469,5.4081527457774285,-0.04853605274690294,1.0429872067333956,8.642965251822332,-1.1770321660788468,1.5876047783910991,-1.4026667497427139,0.6732628492341731,1.5711865696456746,-1.7706235653480733,0.942584445118279,1.2163691039088258,0,7.62500000000001,-12.458333333333336,Cephalophus_niger,119
873,0.4074469870224306,0.5307406736382781,0.4637858515093765,0.792343375269082,-0.9311923713671687,0.4103646042679486,-1.4230647143615978,1.5583387437074065,1.3630544713527006,1.3775529676377087,1.1856549868826916,0.9839175227150547,1.156954223564074,1.300828270691493,0.8454353321167625,-1.494619202075384,0.17884398332075835,0.46565077069406446,1.3158722847973456,-0.3347506757869602,-1.0033433881940812,-0.48320709541757495,1.184939095500557,0.8629022214939817,1.3247115930487714,1.0934785653805776,1.218388753981256,0.4069136097410671,-0.3047113708081779,0.936469704403999,0.9573744914554209,0.799206504953261,0.7496202720308505,-0.8898680661763535,1.7327727235021968,-1.4197811775133855,0.6054987548022159,1.4961400296841947,-1.7126878779200227,1.0371471133298638,1.1529396110459535,0,5.791666666666676,-5.708333333333332,Cephalophus_niger,141
874,0.056086429476149856,-0.0410507514730677,-0.3586142549817146,1.367917563182786,0.7649931520909535,-0.31026325588024095,-1.2563073124753261,0.3349701283123905,1.529046610917309,1.5395027454839543,1.2595285168408128,1.2947334186231119,1.156954223564074,1.5977378904417745,1.446660428637562,-1.0042771777834612,0.7511294930566947,0.3846637142491687,1.3740113515278507,-0.3752579328919202,-0.34281267233779744,-0.4618270178252292,1.3064141480715337,1.1734450518672175,1.3786369329566441,0.6332289883256546,1.1559947973498312,-0.6337222310793303,0.9057900910234437,1.1174823612511993,-0.6274091017689949,0.009569014404563416,2.4785469637606505,0.3545097000677844,1.1037116280207735,-1.267097406166044,1.128250340420171,1.3210314364407414,-1.0681533552829616,0.9804095124029129,1.2163691039088258,0,9.625000000000009,5.041666666666667,Cephalophus_niger,95
875,1.6814580268800148,0.3265294503842261,-0.906880992642442,0.6560917131530755,-0.3457127329797027,0.8221519594984603,-1.3813753721729594,2.250068754038735,1.5113622183244695,1.5222490161250322,1.2179746562393696,1.3664601638326637,1.156954223564074,1.1349537796498448,0.7979893090025482,-1.615584410529491,-0.07517872201050434,0.09781007037630181,1.4372059892783995,-0.2870099799132574,-1.0033433881940812,-0.5917179711585049,1.2929169200080917,1.0388764920388154,1.3835392365846326,1.4561435802118303,2.127557836324873,-0.09763710095973166,0.31530157305679896,1.8448850748779115,0.08432005686472473,0.31164510139299134,1.9921358332182832,-1.3046606549243995,1.5876047783910991,-1.3790142259697629,0.6635822643153221,1.5911989803020692,-1.8068333699906047,1.0844284474356563,1.2456442544609205,0,6.541666666666676,3.7083333333333313,Cephalophus_niger,132
876,1.2135652488284496,0.04063373782855314,0.09827469306889156,1.4823593708578127,0.858594145625062,-0.4749782286529951,-1.1798768462742026,0.16572750907119096,1.4948835797720508,1.5061716774042186,1.4672978198480293,1.2349611309484856,1.156954223564074,2.143555896011919,1.336486875522625,-1.189975033499453,0.9704859507841622,0.6128647528765324,1.4523727023385313,-0.22335571874832028,-0.012547314409655536,-0.5741687952085092,1.2794196919446499,1.1941479072254333,1.3443208075607251,0.47010255595175776,1.4857914252587903,-0.6652566504981302,1.466754183091756,1.3018471043363107,-0.6938371565748087,-0.48329196962918736,-0.5795824213324499,0.7693022888158303,1.1037116280207735,-1.199024288965844,1.128250340420171,1.2159662804946696,-0.9160721757843292,0.9993220460452299,1.1236644604938588,0,11.541666666666675,-7.291666666666668,Cephalophus_niger,72
877,-0.4654454577449559,0.12231822713017397,0.281030272289134,1.5045124410363697,0.835857131235775,-0.7220505957704779,-1.0652311304066584,-0.04469422177538442,1.500912349974155,1.51205363059476,1.3934242898899079,1.3305967912278878,1.156954223564074,2.0996193946390855,1.195313040613693,-1.1408204044906882,0.9072251816480579,0.6913269370419013,1.4359420965233887,-0.2624162880995317,0.8131160804106992,-0.29168674413138984,1.2861683059763709,1.2252021902627568,1.3051023785368177,0.12637185916390384,0.9598995050796394,-0.6652566504981302,1.6734251643800817,0.8392592035045766,-0.6748577123445763,-0.12822007790594755,-0.6084781320577389,0.8331165332386067,0.9585436829096758,-1.118836464467303,1.1863338499332772,1.1759414591818802,-0.814684722785241,1.0466033801510222,1.0602349676309868,0,12.708333333333346,-4.291666666666667,Cephalophus_niger,58
878,-1.691316955806011,-0.0410507514730677,0.281030272289134,1.2702703924190508,0.43568446369366315,-0.3926207729471675,-1.2979966877956823,0.38598896636422086,1.5218120866747837,1.5324444016553043,1.2733798037079607,1.1871433008087844,1.156954223564074,1.6168996947772172,1.284820183351683,-1.2826060382592401,0.7299772215789319,0.4038909722735801,1.41192813417818,-0.237822596285806,0.4828507224825573,-0.4562892290319163,1.2996655340398127,1.142390768829894,1.3688323257006674,0.4715590419550961,0.8083713246890366,-0.6021878116605304,0.6991191097351179,0.8426112897424877,-0.5894502133085299,-0.48329196962918736,2.083638917181699,0.09925272237667916,1.3456582032059363,-1.293826680998891,1.0314444912316607,1.4160903870586161,-1.2781702222096445,0.9614969787605959,1.231006679184873,0,10.041666666666675,-2.2916666666666687,Cephalophus_niger,90
879,-0.8329795830214144,0.6532674075907094,0.1896524826790128,1.3654996970570528,0.5880230094238516,-0.3514420144137042,-1.3118931241479892,0.35273076979961665,1.5025200220280497,1.5136221514455712,1.4672978198480293,1.211052215878635,1.156954223564074,1.7626447075587748,1.2957356723141555,-1.3474075807271129,0.7405535067425825,0.5501338269372676,1.4624838443786192,-0.34053742680195453,-0.5079453513018684,-0.49496930575285125,1.2861683059763709,1.132039341150786,1.3835392365846326,0.5866214362188269,1.5125316923865437,-0.6021878116605304,1.1124610723117692,1.2649741557192884,-0.5989399354236461,-0.08582343411809802,2.6904488424127706,0.3864168222791725,1.2488795731318711,-1.29267289935143,1.0508056610693628,1.3260345391048403,-1.1333310036395183,0.9898657792240714,1.177335569839366,0,10.458333333333343,-5.041666666666667,Cephalophus_niger,85
880,0.8791931852987244,-0.16357748542549896,-0.26723646537159335,1.707158300131714,1.026090508203559,-1.0720698899021686,-1.033964132048109,-0.2688915321115618,1.6403779006495038,1.6481228144026223,1.481149106715177,1.42623245150729,1.156954223564074,2.1402655388642,1.5336931984503432,-0.7325500043782031,1.3663070839406333,0.8688382011926454,1.5610674792694754,-0.4360188185493602,0.2351517040364509,-0.43167434305067576,1.3806489024204638,1.4115278884866984,1.3737346293286556,-0.29163962379420666,0.4874881191559953,-0.6652566504981302,2.2639136823467263,0.35991087148328693,-0.6938371565748087,-0.8224651199319836,-0.6132940838452872,1.1840948775638762,1.0069329979467085,-1.1061448663452318,1.4477096427422547,1.2359786911510642,-0.7060553088576464,1.2073599161107165,1.2066107203914607,0,14.958333333333346,-12.458333333333336,Cephalophus_niger,31
881,0.706775903504535,1.2250588327020553,0.09827469306889156,1.3186446663211033,0.5747597751231694,-0.3720313629998864,-1.2841002183116577,0.43321942809459646,1.6158609018276124,1.6242028714277532,1.3149336643094038,1.3186423336929625,1.156954223564074,1.6498035615920936,1.3562803043909561,-1.226459596074503,0.7969592651670786,0.43690723348653465,1.4978728415189264,-0.3318573002794631,-0.26024633285576193,-0.5340444203295913,1.3671516743570218,1.2459050456209726,1.4178553619805516,0.5312749680919691,0.8975055484482147,-0.6337222310793303,0.5810214061417891,0.7588091337947098,-0.5894502133085299,-0.37200077968608236,1.9632401224929943,0.03543847795390286,1.3456582032059363,-1.2894038513502903,1.137930925339022,1.4811307216918987,-1.292654144066657,1.0560596469721808,1.2895569802890627,0,9.208333333333343,-1.2083333333333333,Cephalophus_niger,100
882,0.4163300653966275,0.04063373782855314,0.37240806189925524,0.8987962932104608,-0.3135019385018108,1.7074947463985797,-1.4230647143615978,4.738723005538687,1.39400215839017,1.4077469940158223,1.213357560616987,1.0078264377849053,1.156954223564074,1.4324440332886836,0.8473274212679723,-1.5108167170587694,0.28088406625753065,0.24832564904541404,1.3386223543875433,-0.20454877794958887,-1.2510424066401875,-0.5398560189479737,1.2119335516274408,0.8939565045313052,1.3443208075607251,4.561371739329223,5.880108656586272,0.15463825439066772,0.5514969802434568,5.495306987963117,0.6062547731961191,0.31164510139299134,8.397351710657375,-0.6984253329080246,1.7811620385392293,-1.4128584876286194,0.6635822643153221,1.491136927020096,-1.6619941514204786,0.9331281782971205,1.1626979945633185,0,6.958333333333344,-11.291666666666668,Cephalophus_niger,127
883,-1.28778343878598,0.44905618433665734,0.281030272289134,1.684221278143502,1.0200274392876003,-0.2690845587078766,-1.1937733157582273,0.2697821892768818,1.4100788789291152,1.4234322025239332,1.4719149154704119,0.912190777505503,1.156954223564074,2.2128477283106998,1.407364712787899,-0.9988913090584483,1.3355578572365265,0.8449500052325064,1.3891780645879823,-0.24939609831579457,0.1525853645544154,-0.5054467454880213,1.2186821656591615,1.1009850581134624,1.3051023785368177,0.8575278328397626,1.9582028111824343,-0.6652566504981302,1.4372297571934238,1.8683496785432894,-0.6748577123445763,-0.48329196962918736,-0.560318614182257,1.4712589774663696,1.2488795731318711,-1.2153695289715416,1.21537560468983,1.1409197405331897,-0.742265113500178,0.9331281782971205,1.0797517346657166,0,11.625000000000009,-9.791666666666668,Cephalophus_niger,71
884,-1.4251039495658127,1.5109545452577282,0.09827469306889156,1.460418492163731,0.7513508856340165,-0.49556757723917727,-1.2702037819593508,0.2175334651820427,1.5459271674832014,1.5559722144174708,1.3103165686870213,1.2827789610881868,1.156954223564074,1.81858136974537,1.3244070410883457,-1.2817743947056586,0.882939173910729,0.6062615599032438,1.401816992138092,-0.34053742680195453,-0.5905116907839039,-0.5702163573783086,1.3131627621032544,1.2148507625836489,1.3982461474685979,0.4322339198649603,1.254042443484927,-0.6021878116605304,1.201034350006766,1.080609412634177,-0.6274091017689949,-0.23951126784905258,2.4255714940976203,0.5778595555475015,1.2488795731318711,-1.258251746868843,1.147611510257873,1.3260345391048403,-1.0609113943544553,1.0182345796875467,1.1822147615980485,0,11.041666666666675,-3.9583333333333335,Cephalophus_niger,78
885,-1.374305923083233,0.9391631201463824,-1.272392151082927,1.7191172047915393,1.2057132977307974,-1.2985529697945681,-0.8255173879731988,-0.44084011835290005,1.6813735380238137,1.6881200960983052,1.3611046205332298,1.593594856996244,1.156954223564074,1.8921310854476756,1.3389610263716425,-0.6983653794266248,1.4283927766917852,1.2050222780930486,1.4877616994788387,-0.5083532062367887,-0.095113653891691,-0.5642275928757571,1.4143919725790683,1.5253935929568847,1.3002000749088294,-0.6470222086087676,-0.23449909329334753,-0.6652566504981302,2.3820113859400553,-0.28368968619564744,-0.703326878689925,-0.970853373189457,-0.6229259874203835,1.088373510929712,0.7165971077245131,-0.9132710342779982,1.5154737371742117,1.1709383565177816,-0.5612160902875203,1.3870289857127274,1.1383020357699063,0,15.875000000000009,-8.541666666666668,Cephalophus_niger,20
886,1.2808779757405822,-0.653684421235224,1.2861859580004675,1.5885996984585422,1.3785152431463914,-0.8044081128374045,-1.1764027537519848,-0.0837085898089968,1.532261955025098,1.5426397871855764,1.4349781504913512,1.0436898103896812,1.156954223564074,2.2064604601988855,1.553923229111078,-0.7092229558223225,1.206685867344874,0.679868402821222,1.4384698820334105,0.05296164221765672,-0.7556443697479748,-0.6010548553776629,1.3064141480715337,1.1734450518672175,1.3345162003047484,0.05646053100366235,1.2718692882367628,-0.6652566504981302,2.352486960041723,1.0370322915413326,-0.703326878689925,-0.7588701542502093,-0.6181100356328353,1.0564663887183237,1.055322312983741,-1.2163310136777592,1.2540979443652343,1.2009569725023737,-0.8002008009282284,1.1695348488260824,1.1578188028046361,0,13.458333333333346,-15.791666666666668,Cephalophus_niger,49
887,0.4118074812702391,0.48989842898746777,0.281030272289134,1.0256379410454775,0.16056595352627775,-0.042601478815476976,-1.3327378118081674,0.9125599124317962,1.4808164493004736,1.4924471199596214,1.2225917518617522,1.1512799282040087,1.156954223564074,1.408637010175941,1.1261816105180331,-1.3430943487457325,0.44461805020062434,0.4068040584834099,1.409400348668158,-0.3014768574507431,-0.17767999337372647,-0.5106111359029327,1.2726710779129289,1.0388764920388154,1.3590277184446904,0.7613997566194306,0.5677089205392556,-0.41298129514773085,0.04958173997180889,0.6079652530887095,-0.29526882773992574,0.25864929665817943,1.3853259079872116,-0.4750754774283075,1.6359940934281316,-1.3467083398408544,0.8475133777734914,1.5111493376764906,-1.553364737492884,1.0371471133298638,1.231006679184873,0,7.458333333333344,3.624999999999999,Cephalophus_niger,121
888,1.5473260847250572,0.48989842898746777,0.281030272289134,1.6145430988569678,0.9681110203199887,-0.8455868100097689,-1.0061712593434953,-0.149093327126978,1.539898397281097,1.5500902612269292,1.4303610548689685,1.378414621367589,1.156954223564074,2.236267711387352,1.298064363257769,-0.9347322283895033,1.0895652390018247,0.7445415837980477,1.4599560588685971,-0.31015698397323455,-0.17767999337372647,-0.5464793816691981,1.3131627621032544,1.297662184016512,1.3149069857927946,0.005483520886819602,0.9242458155759682,-0.6652566504981302,1.7915228679734105,0.6951194952743985,-0.6748577123445763,-0.3031062335308269,-0.6084781320577389,1.088373510929712,0.8133757377985782,-1.0830692333960115,1.3121814538783403,1.120907329876795,-0.6408776605010896,1.103340981077973,1.0699933511483517,0,13.208333333333346,-5.125000000000001,Cephalophus_niger,52
889,-1.365974160973548,0.48989842898746777,0.281030272289134,1.5847278021511262,1.0814173492269927,-0.6602825500119315,-1.0964981618969256,7.635526267051008e-05,1.5330657910520453,1.543424047610982,1.448829437358499,1.3186423336929625,1.156954223564074,2.1205231006402,1.3035947266536116,-1.0185072585308101,1.2051192980646293,0.7039510020930242,1.465011629888641,-0.31015698397323455,-0.17767999337372647,-0.5186569518666595,1.3064141480715337,1.2666079009791882,1.3345162003047484,0.25891208546769495,1.3877437791236944,-0.6652566504981302,1.7915228679734105,1.0906656713479104,-0.6938371565748087,-0.6899756080949538,-0.6036621802701908,0.9926521442955474,0.9585436829096758,-1.140181424945332,1.2637785292840853,1.1809445618459788,-0.7639909962856969,1.0655159137933392,1.104147693459129,0,12.541666666666675,-7.125000000000001,Cephalophus_niger,60
890,-0.37748793157791943,0.44905618433665734,-0.08448088615135091,1.7322196301017234,0.9313527073175099,-1.1544274069690952,-0.964481884023139,-0.3317671570150284,1.6994598486301271,1.70576595566993,1.4395952461137338,1.5816403994613186,1.156954223564074,2.136394547827923,1.1925479699538675,-0.9029048837176002,1.2860068106741003,0.9438046819062186,1.5686508357995412,-0.4056383757206402,0.07001902507237993,-0.5521654478400013,1.4211405866107891,1.4839878822404533,1.3737346293286556,-0.4241798500979978,0.26465255975805,-0.6652566504981302,2.3820113859400553,0.08503979997457536,-0.703326878689925,-0.721773090935841,-0.6229259874203835,1.0564663887183237,0.8617650528356108,-1.0430714696173629,1.4864319824176586,1.2409817938151628,-0.6843294260721275,1.2546412502165087,1.1431812275285886,0,13.708333333333346,1.5416666666666667,Cephalophus_niger,46
891,0.6986063629467675,0.28568720573341566,0.646541430729619,1.2222554879296155,0.8786785131542125,0.6986157605994442,-1.3466342481604743,1.0826880676409707,1.3863657161341711,1.4002965199744697,1.213357560616987,0.9719630651801294,1.156954223564074,1.5228330177722031,1.2567308762753007,-0.9891808658486303,0.7319358814535452,0.30950297839718827,1.2552054325568187,-0.27977654114451456,-1.2510424066401875,-0.14285636646981728,1.2051849375957198,0.9767679259641681,1.3394185039327366,1.8625031751432342,2.4217007747301604,-0.5075845534041307,0.7581679615317825,2.5588794435529794,-0.49455299215736725,0.3752400670747656,4.549406232406372,0.22688121122223176,1.055322312983741,-1.3332475539538091,0.9830415666374057,1.2760035124638536,-1.1116051208539994,0.904759377833645,1.1187852687351763,0,9.958333333333343,-11.875000000000002,Cephalophus_niger,91
892,1.1822088235601618,0.8166363861939511,-0.3586142549817146,0.989630801097161,0.6672236721885131,1.481011727867279,-1.2841002183116577,2.686262331623005,1.4084712068752205,1.4218636816731223,1.190272082505074,1.127371013134158,1.156954223564074,1.4008950281033883,1.1835243480664133,-1.1362662493347102,0.5362775944213919,0.18714846786689568,1.3360945688775214,-0.33330398803321165,-0.6730780302659393,0.5130603375033912,1.2186821656591615,1.0181736366805996,1.3247115930487714,3.6131993511559477,7.466697839499643,-0.6337222310793303,1.732474016176746,6.588087101522142,-0.6179193796538787,-0.1653171412203159,10.338180281039296,-0.41126123300553125,1.1037116280207735,-1.3074797638271798,0.8959163023677466,1.4060841817304188,-1.36507375335172,0.8763905773701697,1.1968523368740958,0,9.958333333333343,-13.541666666666668,Cephalophus_niger,91
893,-0.08497192525633734,0.04063373782855314,0.281030272289134,0.9373846308876924,-0.6314419751460457,0.2868283900286577,-1.4056941523553552,1.3457521566827646,1.3706909136086995,1.3850034416790615,1.2041233693722218,0.9839175227150547,1.156954223564074,1.4477346989190074,1.00276387749701,-1.577413525763162,0.24778468678351842,0.5184769071733963,1.3171361775523567,-0.33330398803321165,-1.333608746122223,-0.33558056531945235,1.191687709532278,0.8732536491730895,1.3198092894207831,1.0730877613338405,1.0133800393351462,0.24924151264706748,-0.39328464850317457,0.8090904273633766,0.710641716462398,0.7409111197449678,0.9470742953203263,-0.570796844062472,1.8295513535762618,-1.4001668895065482,0.64422109447762,1.461118311035504,-1.6330263077064535,1.0276908465087053,1.1724563780806836,0,6.041666666666676,-0.3750000000000012,Cephalophus_niger,138
894,-0.08962499766028277,0.3265294503842261,0.281030272289134,1.054799711910505,0.17155557312307831,0.10152408400999609,-1.3396860299843207,0.8477654948903639,1.217158232461774,1.2352097004266023,1.1163985525469529,0.7448283720165492,1.156954223564074,1.436121578141336,1.0684022711772496,-1.3753459870642684,0.43756729304137004,0.22249534622096986,1.181899652766182,-0.25373616157704026,-0.012547314409655536,-0.2791701651787725,1.0837098850247433,0.7593879447029029,1.2217632168610144,0.9638513110834632,1.1292545302220778,-0.5075845534041307,0.22672829536180228,1.0336802053034213,-0.34271743831550705,0.2056534919233675,2.3581481690719457,0.003531355742514714,1.5876047783910991,-1.3409394316035492,0.7023046039907261,1.3210314364407414,-1.386799636137239,0.6778089741258416,1.0846309264243992,0,8.125000000000009,0.6249999999999988,Cephalophus_niger,113
895,0.620094555325473,0.28568720573341566,0.09827469306889156,0.6403753839077225,0.009743391862696982,0.7809732316455466,-1.3813753721729594,2.1644143941930336,1.4892567275834199,1.5006818544263798,1.2087404649946045,1.342551248762813,1.156954223564074,1.1372764628729162,0.773393038341586,-1.6571679885176307,-0.10534011167259653,0.09295472912891109,1.4195114907082458,-0.27398979012952024,-0.5079453513018684,-0.48422166603310096,1.2794196919446499,1.0181736366805996,1.3737346293286556,1.378949822034897,2.1542981034526263,-0.1607059397973315,0.3448259989551312,1.7946037813092448,0.046361168404259676,0.29044677949906655,1.857289183166934,-1.3046606549243995,1.5876047783910991,-1.3788219290285195,0.634540509558769,1.5761896723097732,-1.8068333699906047,1.0655159137933392,1.240765062702238,0,6.62500000000001,3.4583333333333313,Cephalophus_niger,131
896,1.219694379346839,-0.0410507514730677,-0.3586142549817146,1.3559586585229608,0.6755606449251773,-0.31026325588024095,-1.2806261257894398,0.3568142497061943,1.53025236495773,1.5406791361220626,1.2641456124631956,1.2588700460183362,1.156954223564074,1.5919312562185175,1.433125328920668,-1.0307299962337761,0.9062458517107511,0.37883724548299746,1.3778030297928836,-0.3752579328919202,-0.34281267233779744,-0.2628264509485431,1.3064141480715337,1.1630936241881096,1.3786369329566441,0.6303160163189778,1.1025142630943243,-0.6337222310793303,0.7876923874301147,1.0001593429243103,-0.6084296575387624,-0.58398399862533,2.309988651196464,0.32260257785639623,1.1521009430578062,-1.2838272400542288,1.1185697555013199,1.3410438470971362,-1.1043631599254933,0.9804095124029129,1.2212482956675081,0,9.375000000000009,4.874999999999999,Cephalophus_niger,98
897,0.9615785591653997,0.5307406736382781,1.103430378780225,0.9725585602888864,0.10410230515090318,-0.0014227509625631685,-1.3431601225065386,1.0173034429292926,1.4888548095699463,1.500289724213677,1.2272088474841347,1.1990977583437097,1.156954223564074,1.3916044428799454,1.0627262257998116,-1.441610152350319,0.3486493944857997,0.36621332860513045,1.4207753834632568,-0.32317717375697164,-0.5079453513018684,-0.2868886106760259,1.2794196919446499,1.0388764920388154,1.3639300220726789,0.7701386726394608,0.6746699890502694,-0.2868436174725312,-0.009467111824855575,0.6951194952743985,-0.19088188447364687,0.2851471990255854,1.3323504383241813,-0.6346110884852483,1.6359940934281316,-1.3517080603131855,0.8087910380980874,1.5311617483328854,-1.6113004249209346,1.0560596469721808,1.240765062702238,0,7.208333333333344,3.3749999999999987,Cephalophus_niger,124
898,-0.6623743896992126,0.36737169503503647,0.1896524826790128,1.7600254894038296,1.1628919158123598,-1.277963621208386,-0.9054219466965403,-0.42273508925520553,1.6946368324684435,1.7010603931174968,1.4118926723794383,1.4860047391819164,1.156954223564074,1.9774878111178043,1.4222098399581953,-0.6471171483350858,1.507126181828535,1.1224814768874063,1.530734053149212,-0.3651311186156802,0.4002843830005218,-0.37167656365056256,1.4211405866107891,1.5046907375986691,1.3296138966767599,-0.6076970865186317,-0.10971118003049814,-0.6652566504981302,2.470584663635052,-0.19653544400995843,-0.6938371565748087,-0.970853373189457,-0.6132940838452872,1.2160019997752645,0.8133757377985782,-0.9759598371233802,1.5348349070119138,1.195953869838275,-0.5829419730730392,1.396485252533886,1.1578188028046361,0,15.875000000000009,-12.125000000000002,Cephalophus_niger,20
899,0.27296071191600385,0.612425162939899,0.1896524826790128,1.5518738196849913,1.035185256135909,-0.6808718985981136,-1.16250628426796,0.02964459341477339,1.5981765092347728,1.606949142068831,1.4950003935823248,1.4023235364374396,1.156954223564074,2.1913633884210286,1.3105805774082606,-1.1391742711695692,1.0541157067579072,0.6573395483101663,1.5471646589643546,-0.36368443086193164,-0.26024633285576193,-0.46955631240948115,1.35365444629358,1.3390678947329433,1.4031484510965864,0.20502210334417548,1.0668605735906531,-0.6652566504981302,1.584851886685085,0.90965301450071,-0.6938371565748087,-0.5415873548374804,-0.6132940838452872,0.7373951666044422,1.055322312983741,-1.1713335294267795,1.2928202840406382,1.3060221284484455,-0.9233141367128356,1.0655159137933392,1.177335569839366,0,11.708333333333346,2.2083333333333313,Cephalophus_niger,70
900,-1.0004868318933409,-0.16357748542549896,-0.26723646537159335,1.688207446744719,0.967353245124303,-1.0308911927298043,-1.0443864427464804,-0.2410944409662773,1.621889672029717,1.6300848246182948,1.4765320110927944,1.4023235364374396,1.156954223564074,2.1377492617886618,1.5278716931675012,-0.7334504031068659,1.3435879443330874,0.832714450458198,1.5496924444743765,-0.4360188185493602,0.2351517040364509,-0.41762327862444026,1.3671516743570218,1.3908250331284826,1.3688323257006674,-0.23629315566734885,0.5766223429151734,-0.6652566504981302,2.2639136823467263,0.45376928614479817,-0.6938371565748087,-0.7853680566176152,-0.6132940838452872,1.1521877553524882,1.0069329979467085,-1.1121060715237805,1.4283484729045526,1.2359786911510642,-0.720539230714659,1.178991115647241,1.2017315286327783,0,14.875000000000009,-12.541666666666668,Cephalophus_niger,32
901,1.2601947278711003,0.6532674075907094,1.103430378780225,1.6014733797530372,0.8847418711869952,-1.133838058382913,-0.9193184493122826,-0.3283232621426279,1.5491425115909903,1.559109256119093,1.3056994730646387,1.2947334186231119,1.156954223564074,1.8017421009641563,0.971327215986803,-0.4801807034846651,1.4307429294616905,0.9842011566460908,1.4296226327483337,-0.3506642410781945,0.07001902507237993,-0.515124581097932,1.3199113761349754,1.3390678947329433,1.2756885567688871,-0.4110714760679525,0.2824794045098856,-0.6652566504981302,2.2934381082450583,0.1118564898778643,-0.703326878689925,-0.7694693151971717,-0.6229259874203835,0.9607450220841592,0.8133757377985782,-1.0269185265529086,1.4089873030668505,1.1859476645100777,-0.6626035432866085,1.1979036492895578,1.0309598170788918,0,14.958333333333346,-3.875000000000001,Cephalophus_niger,31
902,0.5460006515271786,0.8983208754955719,0.1896524826790128,1.180955127698454,-0.044825529406638996,-0.2690845587078766,-1.3292636861542317,0.6444775610255388,1.4792087772465792,1.4908785991088105,1.2456772299736651,1.0915076405293822,1.156954223564074,1.5894149791429797,1.1008578182538593,-1.416011872506795,0.5807365436991772,0.5648939576445912,1.410664241423169,-0.3304106125257145,-0.34281267233779744,-0.34613278451451124,1.265922463881208,1.049227919717923,1.3492231111887136,0.5778825201987967,0.5855357652910913,-0.5075845534041307,0.13815501766680557,0.44371302743106483,-0.34271743831550705,0.004269433931082226,1.476828991950627,-0.15600425531442605,1.684383408465164,-1.3286324273639651,0.9249580571242996,1.491136927020096,-1.4664612063508085,1.0276908465087053,1.2212482956675081,0,7.458333333333344,2.6249999999999987,Cephalophus_niger,121
903,-1.2313566733862074,0.9391631201463824,-1.272392151082927,1.6439172606345578,1.226176697416203,-1.3191423183807505,-0.8220432623192633,-0.4480722863243108,1.6439951627707665,1.6516519863169474,1.3241678555541692,1.6294582296010198,1.156954223564074,1.7858709491141178,1.2693929944835791,-0.669165154591183,1.1677111059460985,1.1720057205335823,1.4523727023385313,-0.5372869613117601,-0.095113653891691,-0.49710562696330446,1.3873975164521846,1.4736364545613454,1.2756885567688871,-0.6717824706655198,-0.18993198141375844,-0.6652566504981302,2.588682367228381,-0.3205626348126697,-0.6938371565748087,-0.668777286201029,-0.6181100356328353,0.9926521442955474,0.7165971077245131,-0.903656187215823,1.4477096427422547,1.1609321511895843,-0.5974258949300518,1.4059415193550444,1.1090268852178113,0,16.291666666666675,-10.458333333333334,Cephalophus_niger,15
904,0.9486174258525364,0.08147598247936355,0.281030272289134,1.4984187164126561,1.2307242159407898,0.5956689179567476,-1.2597814381292616,0.9002110548031099,1.428567107548902,1.441470192308261,1.4165097680018208,0.8882818624356525,1.156954223564074,2.03961829523259,1.5812847925080573,-0.9018381282720398,1.1820083667122532,0.6509304623020291,1.3676918877527957,-0.2638629758532803,-0.5905116907839039,-0.34404964241760544,1.2321793937226035,1.059579347397031,1.3443208075607251,1.9746525974002882,4.088510759026792,-0.6652566504981302,1.584851886685085,3.718701281870225,-0.6938371565748087,-0.6369798033601419,-0.34841673553013675,0.896930777661383,1.1037116280207735,-1.2836349431129854,1.137930925339022,1.195953869838275,-0.8798623711417978,0.9614969787605959,1.167577186322001,0,11.458333333333346,-13.958333333333336,Cephalophus_niger,73
905,-0.7979523026109738,0.04063373782855314,0.4637858515093765,1.3319267763375964,0.06658607239432646,0.5750795463601533,-1.4161164961854442,1.0079065220022598,1.1906316435725146,1.2093291063882192,1.1995062737498392,0.6013748815974458,1.156954223564074,1.777741779336632,1.3738905022210781,-1.3618385358098066,0.7566133820861661,0.5652824679214057,1.1085938729755453,-0.21612227997957742,-0.17767999337372647,-0.46917181059217683,1.0702126569613015,0.6972793786282558,1.2462747350009566,1.7692880709295788,2.020596767813859,-0.22377477863493134,0.13815501766680557,1.999081041821823,0.1887070001310036,0.5077295789117954,3.745142283885824,0.8331165332386067,1.490826148317034,-1.4038205313901748,0.7797492833415343,1.150925945861387,-1.0826372771399744,0.725090308231634,1.0455973923549393,0,7.791666666666676,-8.458333333333334,Cephalophus_niger,117
906,-0.5350157240301612,-0.0410507514730677,-0.3586142549817146,1.3615133290277486,0.7869723912845548,-0.31026325588024095,-1.2528332199531083,0.3263112290962055,1.5121660543514166,1.5230332765504377,1.2502943255960477,1.2708245035532615,1.156954223564074,1.5785760861063318,1.4456417651473508,-0.9847299834861807,0.7509337466090488,0.36543645622475723,1.357580745712708,-0.3752579328919202,-0.34281267233779744,-0.44934855252720735,1.2929169200080917,1.1630936241881096,1.3688323257006674,0.6332289883256546,1.1738216421016667,-0.6652566504981302,0.9648389428201081,1.1476511373923994,-0.6463885459992275,-0.011629307489361349,2.521890529848584,0.3864168222791725,1.055322312983741,-1.2632514673411739,1.1185697555013199,1.3060221284484455,-1.053669433425949,0.9614969787605959,1.2017315286327783,0,9.708333333333343,5.041666666666667,Cephalophus_niger,94
907,-0.021230310933129024,0.04063373782855314,0.4637858515093765,1.4339685444245462,0.018080364599361146,0.6986157605994442,-1.5099175326757397,1.2540954304539336,1.258153869836084,1.2752069821222851,1.2733798037079607,0.649192711737147,1.156954223564074,1.9343256851548374,1.3915009221273915,-1.4697952231292382,0.8390680616749584,0.7332771565425199,1.1679968324610612,-0.21612227997957742,-0.17767999337372647,-0.5965065126122439,1.1107043411516269,0.6869279509491479,1.3051023785368177,2.06204175760059,2.5108349984893388,-0.034568262122131814,0.02005731407347666,2.146572836289912,0.39748088666356135,0.8892993730024411,3.099804744354367,0.9288378998727711,1.7327727235021968,-1.4855467314186637,0.8378327928546404,1.2259724858228669,-1.147814925496531,0.8385655100855357,1.0797517346657166,0,7.541666666666676,-9.291666666666668,Cephalophus_niger,120
908,0.7128273467537434,0.20400271643179482,0.0068969034587703275,1.1025043062967037,-0.2551434184619856,-0.33085266582752204,-1.36053070107864,0.6451663362464755,1.512969890378364,1.5238175369758433,1.2687627080855781,1.127371013134158,1.156954223564074,1.5659952914040125,1.0406043280640582,-1.5007047352246214,0.4710581654106742,0.6994838747759363,1.4397337747884216,-0.2710964146220231,-0.5905116907839039,-0.19193427077984995,1.2929169200080917,1.059579347397031,1.3786369329566441,0.4686460699484194,0.2913928268858034,-0.4760501339853307,-0.03899153772318781,0.35991087148328693,-0.23833049504922818,0.21095307239684868,0.9374423917452298,-0.3793541107941431,1.684383408465164,-1.3601691257278996,0.8959163023677466,1.5261586456687866,-1.5388808156358715,1.160078582004924,1.231006679184873,0,6.87500000000001,1.6249999999999991,Cephalophus_niger,128
909,-1.6768743781162376,1.0208476094480032,-1.272392151082927,1.7873248013651768,0.9093734681239087,-1.1544274069690952,-1.1486098479156532,-0.3142033138102748,1.582099788695828,1.5912639335607204,1.4442123417361163,0.9480541501102789,1.156954223564074,2.0903289570844854,1.8400546330789789,-0.6164944895516257,1.5768501699314175,1.0212960348993187,1.4713310936636959,-0.504013142975543,-0.5905116907839039,-0.60454595021283,1.3401572182301382,1.2252021902627568,1.3394185039327366,-0.3965066160345689,0.23791229263029656,-0.6652566504981302,2.352486960041723,0.18895447334982,-0.6938371565748087,-0.9655537927159757,-0.6084781320577389,1.5031660996777578,1.2004902580948387,-1.184986612255068,1.3896261332291484,1.210963177830571,-0.7132972697861527,1.2640975170376672,1.240765062702238,0,15.125000000000009,-15.125000000000002,Cephalophus_niger,29
910,0.7663609855798701,-0.2452619747271198,-1.1810143614728057,1.7637667603143177,1.0507223942572965,-1.2161954527276417,-0.9123701980044114,-0.3872629964675127,1.544319495429307,1.5544036935666596,1.3657217161556123,1.2827789610881868,1.156954223564074,1.9716811768945472,1.4176979179763725,-0.6193738050506562,1.5327830123984627,1.1349111386268662,1.4245670617282897,-0.473632700146823,-0.4253790118198329,-0.48780076907287634,1.3131627621032544,1.3494193224120512,1.2658839495129104,-0.5159384683083148,0.1309512241192828,-0.6652566504981302,2.5296335154317164,-0.042339477066047064,-0.703326878689925,-0.8754609246667955,-0.6229259874203835,1.4712589774663696,0.9101543678726434,-1.0013430333675226,1.4283484729045526,1.1159042272126964,-0.5467321684305078,1.1979036492895578,1.104147693459129,0,15.291666666666675,-6.458333333333332,Cephalophus_niger,27
911,1.2093198370776994,0.36737169503503647,0.281030272289134,1.4777358300908217,1.093543776175734,-0.186727103002049,-1.138187504085564,0.3327562133215847,1.5330657910520453,1.543424047610982,1.4303610548689685,1.211052215878635,1.156954223564074,1.9958752400433806,1.4990548644879071,-0.8776164222546621,1.1933679365160261,0.5916955361610717,1.475122771928729,-0.20020871468834314,0.4828507224825573,-0.30907717514475314,1.3064141480715337,1.2666079009791882,1.354125414816702,0.8706362068698079,2.1097309915730373,-0.6652566504981302,1.6734251643800817,2.052714421628401,-0.703326878689925,-0.7959672175645777,-0.5458707588196124,0.6735809221816659,0.9101543678726434,-1.163064760953309,1.2734591142029363,1.2509879991433601,-0.8581364883562788,1.0560596469721808,1.2066107203914607,0,12.458333333333346,-12.958333333333336,Cephalophus_niger,61
912,0.8438233567005294,0.612425162939899,0.37240806189925524,1.6845806475561191,1.1731237602134745,-1.277963621208386,-0.8880513846902978,-0.4278025230387114,1.5519559376853058,1.5618541676080122,1.2779968993303432,1.2349611309484856,1.156954223564074,1.700320777260365,1.2683741089171765,-0.22009107862419522,1.6134747785602876,1.219199791558406,1.409400348668158,-0.28845666766700595,-0.095113653891691,-0.597948198771824,1.3199113761349754,1.3390678947329433,1.2511770386289451,-0.6251749185586921,-0.011663533895402197,-0.6652566504981302,2.647731219025045,-0.2300563063890696,-0.703326878689925,-0.944355470822051,-0.6229259874203835,1.1840948775638762,0.8617650528356108,-0.9774982126533281,1.4670708125799565,1.1759414591818802,-0.6046678558585581,1.2546412502165087,1.0797517346657166,0,15.958333333333346,-4.125000000000001,Cephalophus_niger,19
913,-1.5647600161712436,0.8983208754955719,-1.272392151082927,1.6491614216080221,0.8498781407321429,-1.113248587074533,-0.9540595733247677,-0.2986566060815716,1.6488181789324499,1.6563575488693807,1.3841900986451428,1.5218681117866923,1.156954223564074,1.9782621865276706,1.057486782214777,-0.9244538198230046,1.2409603232038389,0.9826474118853443,1.525678482129168,-0.5112465817442858,-0.17767999337372647,-0.5566611422069043,1.3873975164521846,1.442582171524022,1.3394185039327366,-0.3746593259844934,0.2468257150062144,-0.6652566504981302,2.1458159787533972,0.14202526601906434,-0.703326878689925,-0.7005747690419162,-0.6229259874203835,0.9288378998727711,0.9101543678726434,-1.0413407971461712,1.3993067181479995,1.2409817938151628,-0.7495070744286843,1.2262724497530333,1.1187852687351763,0,14.291666666666675,-2.1250000000000013,Cephalophus_niger,39
914,-1.1856804763894129,0.8983208754955719,-0.44999204459183584,1.20297777190817,0.33450456173540044,-0.2896739072940588,-1.3188413423241427,0.48394308749043524,1.4474572541821624,1.4599003123052914,1.2641456124631956,1.1034620980643075,1.156954223564074,1.5750922827749887,1.2340266947655483,-1.3413564951808694,0.6349881946509522,0.3619407527729615,1.3639002094877628,-0.41287181448938304,-0.34281267233779744,-0.47309319303312874,1.2456766217860453,1.0388764920388154,1.3443208075607251,0.5778825201987967,0.9153323932000503,-0.5075845534041307,0.31530157305679896,0.6615986328952874,-0.38067632677597213,-0.20241420453468423,1.8235775206540967,0.03543847795390286,1.3940475182429688,-1.3222866283029295,0.9346386420431506,1.386071771074024,-1.3071380659236698,0.9142156446548035,1.1870939533567308,0,9.125000000000009,-3.208333333333333,Cephalophus_niger,101
915,-0.134583937068861,0.8983208754955719,-0.44999204459183584,1.207748091747129,0.35610476877274666,-0.2896739072940588,-1.3084189984940537,0.4655920136203571,1.4506725982899515,1.4630373540069135,1.2641456124631956,1.1154165555992328,1.156954223564074,1.575672916663546,1.239848422124582,-1.3275736731488157,0.6443891045801119,0.36252337001492746,1.3651641022427738,-0.41287181448938304,-0.34281267233779744,-0.45867414988060834,1.2456766217860453,1.049227919717923,1.3443208075607251,0.5793390062021351,0.9598995050796394,-0.4760501339853307,0.3448259989551312,0.678359064084843,-0.38067632677597213,-0.23951126784905258,1.8476572795918376,0.03543847795390286,1.2972688881689038,-1.3128640781819978,0.9539998118808526,1.3810686684099254,-1.2854121831381509,0.9142156446548035,1.1870939533567308,0,9.208333333333343,-3.0416666666666687,Cephalophus_niger,100
916,0.926099968390351,0.9391631201463824,-1.272392151082927,1.7304550903887173,1.2902195433325558,-1.3603210155531147,-0.8602585119856839,-0.46312700773069126,1.7191538312903347,1.724980336092366,1.3611046205332298,1.6055493145311692,1.156954223564074,1.8923248269689847,1.3252802446731529,-0.788409593251017,1.3516180314296484,1.3166951267830351,1.5130395545790583,-0.5083532062367887,-0.095113653891691,-0.5307951823615055,1.4346378146742311,1.5253935929568847,1.3149069857927946,-0.7140205647623323,-0.3236333170525256,-0.6652566504981302,2.4115358118383874,-0.42112522195000324,-0.703326878689925,-0.970853373189457,-0.6229259874203835,1.0564663887183237,0.8133757377985782,-0.9307700559311569,1.4767513974988076,1.2059600751664723,-0.6408776605010896,1.4721353871031537,1.1431812275285886,0,15.875000000000009,-0.29166666666666896,Cephalophus_niger,20
917,-1.073839546474311,1.0616898540988136,2.2913416437118013,1.555402699682917,0.9847849657933171,-0.6602825500119315,-1.23198853229293,0.10019521996064833,1.619880081962349,1.628124173554781,1.3241678555541692,1.3545057062977384,1.156954223564074,1.84142042359578,1.3957214801460234,-1.1553086322141322,1.0016269692330995,0.6291786283446024,1.4763866646837398,-0.36802449412317734,0.4828507224825573,-0.5089384786486406,1.3671516743570218,1.297662184016512,1.4178553619805516,0.23415182341094276,0.977726349831475,-0.6652566504981302,1.4077053312950916,0.9029488420248878,-0.6843474344596925,-0.45149448678830023,2.1703260493575662,0.705488044393054,1.2972688881689038,-1.2413296160394147,1.2831396991217872,1.3910748737381227,-1.053669433425949,1.0560596469721808,1.2456442544609205,0,11.375000000000009,0.7916666666666666,Cephalophus_niger,74
918,-0.6820107686981423,0.20400271643179482,0.0068969034587703275,1.1556652531408422,-0.039520235686366166,-0.31026325588024095,-1.3292636861542317,0.6169264771172035,1.4908643996373143,1.5022503752771907,1.2456772299736651,1.127371013134158,1.156954223564074,1.559801617144665,1.091688736461001,-1.415948788583426,0.5517502304220375,0.5380923791281107,1.4207753834632568,-0.2710964146220231,-0.5905116907839039,-0.4094318755437502,1.2794196919446499,1.059579347397031,1.3590277184446904,0.5210795660686005,0.5142283862837488,-0.5075845534041307,0.10863059176847335,0.36661504395910915,-0.29526882773992574,0.051965658192412945,1.245663306148314,-0.21981849973720233,1.6359940934281316,-1.3353628203074877,0.9249580571242996,1.5011431323482933,-1.480945128207821,1.0466033801510222,1.2261274874261907,0,7.37500000000001,2.7916666666666665,Cephalophus_niger,122
919,0.662455711456632,0.8983208754955719,-1.272392151082927,1.7024043333958818,1.130302089178213,-1.257374272622204,-0.9922747567277529,-0.39508554990248246,1.6624833913905532,1.669689976101275,1.4072755767570557,1.4740502816469911,1.156954223564074,2.031489125455104,1.4079467744857066,-1.0104085710545707,1.2250961943079013,1.1176261356400157,1.535789624169256,-0.5112465817442858,-0.17767999337372647,-0.5393628501709041,1.4008947445156263,1.4011764608075905,1.3394185039327366,-0.588762768475233,-0.020576956271320012,-0.6652566504981302,2.500109089533384,-0.1898312715341362,-0.703326878689925,-0.8807605051402767,-0.6229259874203835,1.088373510929712,1.0069329979467085,-1.0655702117428527,1.3509037935537445,1.2259724858228669,-0.7639909962856969,1.3492039184280935,1.1626979945633185,0,15.041666666666675,0.3749999999999988,Cephalophus_niger,30
920,0.8390412444257406,0.36737169503503647,0.1896524826790128,1.5327103759573468,0.9366580010377827,-0.45438888006681294,-1.1138687239031682,0.15042678981171984,1.5326638730385715,1.5430319173982792,1.4534465329808814,1.3305967912278878,1.156954223564074,2.048521545082257,1.4871204899590318,-0.8961941825863853,1.2425271913336218,0.6326746281429098,1.4915533777438716,-0.3318573002794631,0.31771804351848637,-0.233205841226899,1.3064141480715337,1.297662184016512,1.354125414816702,0.5327314540953074,1.6997135622808177,-0.6652566504981302,1.732474016176746,1.5331410547521778,-0.703326878689925,-0.7535705737767281,-0.5892143249075462,0.8331165332386067,0.9585436829096758,-1.1326818442368354,1.3025008689594892,1.2409817938151628,-0.8219266837137473,1.0182345796875467,1.2163691039088258,0,12.791666666666675,-9.958333333333334,Cephalophus_niger,57
921,-0.5019130469586834,0.3265294503842261,0.281030272289134,1.423316890874436,0.545201627505414,-0.31026325588024095,-1.2458850017769547,0.409554988274932,1.4940797437451034,1.505387416978813,1.2456772299736651,1.079553182994457,1.156954223564074,1.679804258964184,1.391064320334988,-1.138732613690533,0.9242643869289481,0.46701040848965947,1.3879141718329715,-0.25373616157704026,-0.012547314409655536,-0.13742610983546552,1.2794196919446499,1.132039341150786,1.3492231111887136,0.6609022223890835,1.1738216421016667,-0.6337222310793303,1.0238877946167726,1.3320158804775108,-0.6274091017689949,-0.5998827400457736,2.7867678781637344,0.5459524333361133,1.4424368332800015,-1.2711356419321576,1.1185697555013199,1.3760655657458267,-1.1550568864250372,0.9236719114759621,1.2261274874261907,0,10.125000000000009,1.208333333333331,Cephalophus_niger,89
922,0.7927380519136512,0.6532674075907094,0.281030272289134,1.5525109924226783,1.2223872432041258,-0.7220505957704779,-0.9922747567277529,-0.06206130423309992,1.555975117820042,1.5657754697350401,1.425743959246586,1.4501413665771405,1.156954223564074,2.098458126861971,1.4631065030720687,-0.8129066000305334,1.1414667371836946,0.6480173760921993,1.5029284125389704,-0.3304106125257145,-0.5905116907839039,-0.5540184846169468,1.3199113761349754,1.3390678947329433,1.3345162003047484,0.1569580652340095,1.2718692882367628,-0.6652566504981302,2.027718275160068,1.0571448089687991,-0.703326878689925,-0.37200077968608236,-0.6229259874203835,0.896930777661383,0.8617650528356108,-1.078261809864924,1.3605843784725955,1.2009569725023737,-0.720539230714659,1.0938847142568147,1.1724563780806836,0,13.875000000000009,-9.875000000000002,Cephalophus_niger,44
923,0.6141742587205097,0.48989842898746777,0.281030272289134,1.614510392650714,1.021543278795796,-0.5985143815311871,-1.1694545024441136,0.09315980335241714,1.5704441663050925,1.57989215739234,1.4719149154704119,1.3066878761580372,1.156954223564074,2.109297019898619,1.300247372219787,-1.0462392593118148,1.2325387432119859,0.7769752277690364,1.5067200908040033,-0.31015698397323455,-0.17767999337372647,-0.4491524863399894,1.3334086041984172,1.287310756337404,1.3786369329566441,0.35212718968135026,1.441224313379201,-0.6652566504981302,1.6734251643800817,1.2180449483885327,-0.703326878689925,-0.6581781252540667,-0.6036621802701908,0.9607450220841592,1.1521009430578062,-1.178063922370302,1.2637785292840853,1.271000409799755,-0.8943462929988103,1.0749721806144976,1.1529396110459535,0,12.541666666666675,-8.041666666666668,Cephalophus_niger,60
924,0.22510272063358822,0.04063373782855314,0.37240806189925524,0.7607473851751944,-2.104046375248139,1.6457267006400333,-1.4126423870973674,4.082169702894171,1.293924573035237,1.310106571052832,1.171803700015544,0.912190777505503,1.156954223564074,1.2685050377651739,0.968271003439978,-1.532566387468612,0.12831360682102552,0.3526184323817388,1.2564693253118298,-0.20454877794958887,-1.2510424066401875,-0.38376215308396655,1.1376987972785106,0.7800908000611187,1.2903954676528524,3.9350827578937264,3.4823980374643804,4.127975101159458,-0.5999556297915002,2.8739755499166244,4.534999728854252,2.2300932327931826,3.4754489837831257,-0.8579609439649654,1.5392154633540664,-1.412281596804889,0.5474152452891098,1.4210934897227148,-1.647510229563466,0.9236719114759621,1.1285436522525414,0,4.87500000000001,-8.208333333333334,Cephalophus_niger,152
925,0.02477477314264446,0.7757941415431406,0.281030272289134,1.1005764349805158,-0.0956049964638978,-0.24849521012169445,-1.3570565919905633,0.5963123168372771,1.4647397287615287,1.4767619114515105,1.2318259431065173,0.9839175227150547,1.156954223564074,1.4587671858081217,1.0615621024041964,-1.2987404693192566,0.5446994732627832,0.7342482840613004,1.3778030297928836,-0.32317717375697164,-1.0033433881940812,-0.43928875861903605,1.259173849849487,1.0285250643597075,1.354125414816702,0.5676871181754282,0.46074785202824187,-0.5075845534041307,0.02005731407347666,0.45376928614479817,-0.21935105081899564,0.24805013571121703,1.0000497649833564,-0.28363274415997863,1.4424368332800015,-1.3513234664306986,0.9249580571242996,1.4661214136996028,-1.4302514017082768,1.141166048362607,1.1919731451154134,0,7.708333333333344,-3.1250000000000013,Cephalophus_niger,118
926,-1.3727379240608129,0.44905618433665734,0.281030272289134,1.1787332993821562,0.20225067265118657,-0.08378023734894026,-1.3292636861542317,0.745432790272449,1.4450457461013206,1.4575475310290746,1.2410601343512826,1.0436898103896812,1.156954223564074,1.6343193021093032,1.182651144481606,-1.3781048759837267,0.6056100896289823,0.5147868004099376,1.3752752442828617,-0.3159437349882288,-0.012547314409655536,-0.051925051948691375,1.2456766217860453,1.0285250643597075,1.3443208075607251,0.8254851407663186,0.8975055484482147,-0.4445157145665308,0.13815501766680557,0.6079652530887095,-0.38067632677597213,0.17385600908248033,1.6453873045148137,-0.06028288868026159,1.5392154633540664,-1.3380549774848967,0.9249580571242996,1.4411059003791094,-1.3940415970657454,0.9520407119394375,1.2114899121501432,0,8.125000000000009,-1.6250000000000009,Cephalophus_niger,113
927,0.8648829269688588,0.28568720573341566,0.1896524826790128,1.4966868829059035,1.4319472125053745,-0.12495899588240354,-1.138187504085564,0.3629148838565396,1.5419079873484651,1.552050912290443,1.4349781504913512,1.211052215878635,1.156954223564074,2.013295142713152,1.5233599932618698,-0.8685827484158593,1.2182414824458312,0.6155837321212108,1.4776505574387508,-0.29569010643574883,0.4002843830005218,-0.5090618588877981,1.3131627621032544,1.2666079009791882,1.3590277184446904,0.9492864510500796,2.243432327211804,-0.6652566504981302,1.6439007384817494,2.1633332674794676,-0.703326878689925,-0.7747688956706529,-0.5362388552445161,0.705488044393054,0.9101543678726434,-1.166526105895692,1.2831396991217872,1.2459848964792615,-0.8436525664992662,1.0655159137933392,1.2066107203914607,0,12.375000000000009,-13.041666666666668,Cephalophus_niger,62
928,-1.4891058656182798,0.8983208754955719,0.1896524826790128,1.329378284814935,0.6482761120113033,-0.2896739072940588,-1.2875743439655933,0.3557811244102237,1.4386150578857426,1.4512734476258302,1.2225917518617522,1.127371013134158,1.156954223564074,1.5659952914040125,1.399651118353847,-1.0672431951292012,0.8627662323702726,0.35281268752014605,1.3019694644922248,-0.3304106125257145,-0.34281267233779744,-0.45313348495422273,1.2389280077543243,1.059579347397031,1.3345162003047484,0.6317725023223162,1.0668605735906531,-0.6021878116605304,0.7581679615317825,0.9968072566863991,-0.5989399354236461,-0.5362877743639993,2.3051726994089154,0.41832394449056065,1.2004902580948387,-1.2880577727615858,1.0314444912316607,1.2910128204561495,-1.097121198996987,0.8953031110124866,1.1724563780806836,0,9.541666666666675,4.124999999999999,Cephalophus_niger,96
929,0.06510104951460453,0.5715829182890886,-0.17585867576147213,1.0052328580487129,0.2234718475322779,0.06034535615708228,-1.384849481261036,1.0453464662406575,1.4410265659665844,1.453626228902047,1.2225917518617522,1.0436898103896812,1.156954223564074,1.453347739289798,1.0619987041966,-1.4379852422897386,0.40407612182252745,0.6532612276164046,1.3651641022427738,-0.3564509920931888,-0.6730780302659393,-0.577097574233985,1.2389280077543243,0.9560650706059524,1.3492231111887136,0.8706362068698079,0.977726349831475,-0.25530919805373126,-0.03899153772318781,0.8325550310287544,0.07483033474960846,0.5872232860140133,0.9037307292323925,-0.5069825996396957,1.684383408465164,-1.3892059638556686,0.7700686984226832,1.4861338243559974,-1.575090620278403,1.1127972478991315,1.2017315286327783,0,6.458333333333344,-3.875000000000001,Cephalophus_niger,133
930,0.0050321995969440534,0.36737169503503647,-0.08448088615135091,1.2273690235061518,0.06393342553419004,0.5339008108371022,-1.4334870581916868,1.112600806009845,1.2866900487927115,1.303048227224182,1.2179746562393696,0.6970105418768481,1.156954223564074,1.6687716244062272,1.2910782904269287,-1.4167230894808043,0.6058058360766283,0.455940088199283,1.188219116541237,-0.3419841145557031,-0.8382107092300103,-0.4323267165543588,1.1376987972785106,0.7904422277402265,1.295297771280841,1.6280089286057575,1.9492893888065166,-0.19224035921613142,0.13815501766680557,1.824772557450445,0.1887070001310036,0.550126222699645,3.494712790933318,0.32260257785639623,1.4424368332800015,-1.412666190687376,0.7603881135038323,1.2509879991433601,-1.241960417567113,0.8196529764432188,1.094389309941764,0,7.291666666666676,-7.875000000000001,Cephalophus_niger,123
931,-0.7601094512227313,0.6532674075907094,-0.44999204459183584,1.6545527605096284,1.2599033314022905,-0.8044081128374045,-1.0513346940543515,-0.11622876466275324,1.5061372841493121,1.517151323359896,1.448829437358499,1.2708245035532615,1.156954223564074,2.1230393777157377,1.3108717192952601,-0.8643669779453887,1.35749371220395,0.7425993287604867,1.4460532385634763,-0.37381124513817166,-0.095113653891691,-0.5627807414159647,1.2861683059763709,1.2459050456209726,1.3100046821648061,0.07685133505039944,1.1470813749739133,-0.6652566504981302,1.9981938492617362,0.906300928262799,-0.703326878689925,-0.8701613441933144,-0.6084781320577389,1.2798162441980407,0.9585436829096758,-1.1101831021113455,1.3121814538783403,1.1259104325408937,-0.648119621429596,1.0466033801510222,1.074872542907034,0,13.291666666666675,-7.291666666666668,Cephalophus_niger,51
932,1.2069828986820568,0.5715829182890886,0.281030272289134,1.4010982088552844,0.8457096543638107,-0.5161569871864584,-1.1416616297394997,0.07146327128660915,1.4860413834756308,1.4975448127247575,1.513468776071855,1.378414621367589,1.156954223564074,2.323172597201843,1.4615055558078585,-0.937450928438802,0.8155656374272903,0.3829158625232708,1.4612199516236082,-0.32896392477196595,-0.34281267233779744,-0.45279983395226414,1.2726710779129289,1.2148507625836489,1.3443208075607251,0.38562636775813264,1.075773995966571,-0.6652566504981302,1.3781809053967593,1.1007219300616438,-0.6938371565748087,-0.4090978430004507,-0.6132940838452872,0.6416737999702777,0.8133757377985782,-1.176525546840354,1.1863338499332772,1.1609321511895843,-0.792958839999722,0.9804095124029129,1.1334228440112237,0,10.875000000000009,4.791666666666667,Cephalophus_niger,80
933,1.5602780009042887,0.36737169503503647,0.281030272289134,1.4538999857148927,1.0916491936281076,-0.1661376930547679,-1.1416616297394997,0.33984080134885825,1.5198024966074155,1.5304837505917905,1.425743959246586,1.211052215878635,1.156954223564074,1.97729436493418,1.4766416027889628,-0.8996700297470184,1.162422963364273,0.5794599813867634,1.468803308153674,-0.20020871468834314,0.4828507224825573,-0.49600519301451773,1.2996655340398127,1.2562564733000803,1.3492231111887136,0.8677232348631312,2.0919041468212014,-0.6652566504981302,1.6734251643800817,2.0426581629146674,-0.703326878689925,-0.7906676370910964,-0.5458707588196124,0.6416737999702777,0.9101543678726434,-1.1647954334245003,1.2540979443652343,1.2509879991433601,-0.8726204102132914,1.0371471133298638,1.2017315286327783,0,12.458333333333346,-12.875000000000002,Cephalophus_niger,61
934,0.24807984971731903,0.6941096522415199,0.37240806189925524,1.5437215983481616,0.9923638742174714,-0.8661762813181489,-1.09302403624299,-0.1097345714828973,1.6042052794368773,1.6128310952593727,1.425743959246586,1.3903690789025143,1.156954223564074,2.0878126800089474,1.1209421669329986,-1.1212043850028732,1.112871916801847,0.7598843317473373,1.526942374884179,-0.39695824919814876,-0.17767999337372647,-0.4999669587116734,1.35365444629358,1.3287164670538354,1.388441540212621,-0.0513194332433766,0.7816310575612831,-0.6652566504981302,1.7619984420750783,0.5777964769475095,-0.6938371565748087,-0.7588701542502093,-0.6181100356328353,0.705488044393054,1.0069329979467085,-1.1501808658899941,1.3025008689594892,1.2910128204561495,-0.8943462929988103,1.0938847142568147,1.1480604192872712,0,12.875000000000009,-1.2083333333333333,Cephalophus_niger,56
935,0.5405859805385814,0.5715829182890886,1.2861859580004675,1.5757587233703008,1.016995760271209,-0.6808718985981136,-1.1972474082804452,0.05193148279256459,1.6210858360027698,1.6293005641928893,1.527320062939003,1.4142779939723646,1.156954223564074,2.242654684161481,1.3511863207113257,-1.1281674918430176,1.0646916930720196,0.6610296550736251,1.5699147285545523,-0.32462386151072026,-0.012547314409655536,-0.5549475245132408,1.3671516743570218,1.3494193224120512,1.4276599692365284,0.2326953374076044,1.0401203064628997,-0.6652566504981302,1.5258030348884204,0.9398217906419101,-0.6938371565748087,-0.5044902915231121,-0.6132940838452872,0.7693022888158303,1.1521009430578062,-1.1928707868460517,1.3121814538783403,1.331037641768939,-0.9450400194983545,1.0844284474356563,1.2017315286327783,0,11.625000000000009,1.8749999999999991,Cephalophus_niger,71
936,-1.5344711324875102,0.6532674075907094,-0.17585867576147213,1.2610562165194092,-0.38133423863024085,-0.31026325588024095,-1.4056941523553552,0.6270613446842153,1.4345958777510064,1.4473521454988025,1.2641456124631956,0.912190777505503,1.156954223564074,1.73457935803598,1.095909294479633,-1.5051957364417774,0.6287207221318203,0.6307323731053488,1.362636316732752,-0.3767046206456688,-0.8382107092300103,-0.45232662201692303,1.2389280077543243,0.9353622152477367,1.3443208075607251,0.5735130621887816,0.6657565666743516,-0.349912456310131,-0.03899153772318781,0.40348799257613144,-0.20986132870387939,0.22155223334381108,1.399773763349856,0.13115984458806731,1.926329983650327,-1.3930519026805386,0.8668745476111934,1.4511121057073066,-1.4519772844937957,0.9520407119394375,1.1822147615980485,0,7.791666666666676,-5.125000000000001,Cephalophus_niger,117
937,-1.4380325924826243,0.6941096522415199,0.0068969034587703275,1.5340010745358479,1.144323387791405,-0.6396932014257493,-1.0200676956958021,-0.004499101582371248,1.531056200984677,1.541463396547468,1.4072755767570557,1.3186423336929625,1.156954223564074,2.016392053677247,1.4929422173180653,-0.8089720116202735,1.0891734472569945,0.6291786283446024,1.4599560588685971,-0.40419168796689164,-0.095113653891691,-0.42727450511204623,1.3064141480715337,1.2666079009791882,1.3149069857927946,0.27493343150441696,1.307522977740434,-0.6652566504981302,1.9391449974650716,1.224749120864355,-0.6938371565748087,-0.3508024577921576,-0.5988462284826426,0.896930777661383,0.8617650528356108,-1.1128752592887545,1.2734591142029363,1.1609321511895843,-0.7277811916431653,1.1127972478991315,1.1626979945633185,0,13.291666666666675,-13.708333333333336,Cephalophus_niger,51
938,0.9164030171164771,1.102532098749624,0.8292970099498614,1.59930061074612,1.017753535466895,-0.8249974614235867,-0.9749041947215104,-0.13182466257821598,1.5415060693349913,1.55165878207774,1.425743959246586,1.4142779939723646,1.156954223564074,2.115490841826809,1.490758986279856,-0.8069473047434871,1.194934804645809,0.7018146400903118,1.4776505574387508,-0.39261818593690306,0.4828507224825573,-0.46724904715375076,1.3131627621032544,1.3390678947329433,1.3149069857927946,0.034613240953586887,1.0846874183424888,-0.6652566504981302,2.116291552855065,0.8861884108353323,-0.703326878689925,-0.4991907110496309,-0.6181100356328353,1.088373510929712,0.8617650528356108,-1.0634549453891742,1.3509037935537445,1.1559290485254856,-0.6626035432866085,1.0938847142568147,1.1529396110459535,0,14.291666666666675,-9.541666666666668,Cephalophus_niger,39
939,-1.6474928471722905,1.102532098749624,-1.272392151082927,1.65589251839751,0.880952127858094,-1.133838058382913,-0.9088960723504759,-0.31656483689679354,1.6588661292692906,1.66616080418695,1.3611046205332298,1.5457770268565427,1.156954223564074,1.90993817582238,0.9930127340063443,-0.8095684032509696,1.3108803566039056,1.0543122961122733,1.5130395545790583,-0.5011197674680459,0.07001902507237993,-0.5723295570223766,1.3941461304839056,1.4632850268822377,1.3296138966767599,-0.39796310203790725,0.22899887025437876,-0.6652566504981302,2.1753404046517297,0.12526483482950876,-0.703326878689925,-0.748270993303247,-0.6229259874203835,0.9288378998727711,0.8617650528356108,-1.0119193651359153,1.4477096427422547,1.2359786911510642,-0.7060553088576464,1.2830100506799842,1.104147693459129,0,14.791666666666675,-2.3750000000000013,Cephalophus_niger,33
940,-1.1169853440242008,0.24484496108260523,0.1896524826790128,1.5304231352285418,0.7979620108813553,-0.2690845587078766,-1.1242910677332572,0.2643211589284309,1.559190461927831,1.5689125114366622,1.4765320110927944,1.2827789610881868,1.156954223564074,2.117232743492481,1.542425678450798,-0.9225381970223656,1.214715954441435,0.620827583645416,1.5054561980489924,-0.24939609831579457,0.4828507224825573,-0.4421089147071915,1.3266599901666962,1.3080136116956198,1.3688323257006674,0.7774211026561526,2.0562504573175304,-0.6652566504981302,1.6734251643800817,1.9052226271603117,-0.6938371565748087,-0.7270726714093222,-0.5699505177573534,0.7693022888158303,0.9101543678726434,-1.1544113985973512,1.3025008689594892,1.2359786911510642,-0.814684722785241,1.0655159137933392,1.2358858709435556,0,12.208333333333346,-11.041666666666668,Cephalophus_niger,64
941,-1.3401980846708867,0.04063373782855314,0.281030272289134,1.1471209561851416,-0.22861680530220949,-0.08378023734894026,-1.3952718250911251,0.7218666932908692,1.338135554517336,1.3532408944501368,1.1995062737498392,0.8285095747610262,1.156954223564074,1.5683178269582414,1.1031862871212814,-1.4252061617953298,0.5119918855336014,0.4475890435000966,1.2526776470467968,-0.2913500431745031,-0.6730780302659393,-0.4159791674800325,1.1714418674371152,0.8525507938148738,1.3051023785368177,0.7934424486928746,1.0401203064628997,-0.22377477863493134,0.04958173997180889,0.8828363245974211,0.05585089051937594,0.0837631410333001,1.9776879778556387,0.03543847795390286,1.5876047783910991,-1.3947825751517302,0.7507075285849812,1.3460469497612348,-1.386799636137239,0.8763905773701697,1.1236644604938588,0,7.87500000000001,-6.625000000000001,Cephalophus_niger,116
942,0.06983799783459821,0.6532674075907094,0.7379192203397402,1.52511356184257,0.8616258246414532,-0.5161569871864584,-1.1694545024441136,0.12902543640190342,1.5017161860011023,1.5128378910201656,1.4719149154704119,1.2349611309484856,1.156954223564074,2.1934924777916334,1.3523506661831324,-1.2735838469547687,0.9691151279515636,0.6851122543454272,1.4485810240734984,-0.37091786963067447,-0.17767999337372647,-0.48213463039550497,1.2861683059763709,1.1837964795463254,1.3492231111887136,0.42932094785828356,1.4144840462514479,-0.6337222310793303,1.4372297571934238,1.2012845171989772,-0.6463885459992275,-0.38259994063304475,-0.5747664695449016,0.8650236554499948,1.1037116280207735,-1.2096006207342367,1.128250340420171,1.1909507671741764,-0.8798623711417978,1.0276908465087053,1.1090268852178113,0,11.625000000000009,-4.875000000000001,Cephalophus_niger,71
943,1.5809312272527989,0.5307406736382781,0.281030272289134,1.0189070436840766,0.048017544373371544,0.03975597689035064,-1.3292636861542317,0.8589827342432574,1.362652553339227,1.377160837425006,1.181037891260309,0.9719630651801294,1.156954223564074,1.4597348597327697,1.0633085095738106,-1.3172092856057387,0.47948004425206553,0.6656908893558644,1.3120806065323127,-0.32896392477196595,-0.34281267233779744,-0.07806542325924114,1.184939095500557,0.9353622152477367,1.3100046821648061,0.8604408048464394,0.7994579023131188,-0.4445157145665308,0.04958173997180889,0.6180215118024429,-0.2573099392794607,0.3222442623399537,1.4479332812253378,-0.34744698858275497,1.4424368332800015,-1.3430546979572278,0.8087910380980874,1.4260965923868134,-1.459219245422302,1.0371471133298638,1.167577186322001,0,7.87500000000001,-1.8750000000000009,Cephalophus_niger,116
944,0.6683673176213141,0.6532674075907094,-0.8155032030323207,1.6171570027921365,0.8294150301635613,-0.9279443270766954,-1.0548088197082872,-0.16641120063021678,1.6829812100777084,1.6896886169491163,1.458063628603264,1.4979591967168417,1.156954223564074,2.129620092011176,1.2178717622180413,-1.0808539191771915,1.2019855618050634,0.8115452337427373,1.5914009053897389,-0.46205919811683444,-0.17767999337372647,-0.36385590781880894,1.4143919725790683,1.4529335992031298,1.4080507547245746,-0.12705670541697153,0.7014102561780229,-0.6652566504981302,1.9391449974650716,0.4805859760480871,-0.703326878689925,-0.8277647004054648,-0.6229259874203835,0.7373951666044422,0.9101543678726434,-1.1009528489316573,1.4283484729045526,1.311025231112544,-0.8291686446422536,1.1884473824683994,1.1626979945633185,0,12.625000000000009,2.9583333333333313,Cephalophus_niger,59
945,-0.5117440416902295,0.04063373782855314,0.4637858515093765,1.4748931821399636,-0.2873543574982895,0.6574370174062557,-1.496021079757574,1.1955985579516222,1.3015610152912358,1.3175570450941845,1.2872310905751083,0.6850560843419228,1.156954223564074,1.9685845612681372,1.4259937961844236,-1.4908164527635746,0.86452914579724,0.774838865766324,1.193274687561281,-0.21612227997957742,-0.17767999337372647,-0.5451465581246943,1.1444474113102316,0.7179822339864715,1.3296138966767599,2.029999065527146,2.5286618432411743,-0.12917152037853158,0.02005731407347666,2.082883197769601,0.37850144243332884,0.7833077635328174,3.0805409372041743,0.9607450220841592,1.684383408465164,-1.48535443447742,0.8765551325300445,1.2259724858228669,-1.1188470817825058,0.8858468441913281,1.094389309941764,0,7.37500000000001,-9.041666666666668,Cephalophus_niger,122
946,-0.8692776428129878,0.12231822713017397,0.281030272289134,1.2061470830653915,0.08894419918577053,-0.02201213022929481,-1.4022200432672784,0.6633205742986467,1.3333125383556523,1.3485353318977036,1.2179746562393696,0.8165551172261009,1.156954223564074,1.6362549452962838,1.2641535508985446,-1.4186101459765215,0.584261772854035,0.423312337263143,1.2248720064365552,-0.3130503594807317,-1.0859097276761167,-0.29168772240794516,1.1646932534053942,0.8629022214939817,1.3100046821648061,0.9114178149632821,1.2807827106126806,-0.4445157145665308,0.31530157305679896,1.1442990511544882,-0.20037160658876313,-0.027528048909804922,2.517074578061036,0.22688121122223176,1.3940475182429688,-1.38709069750199,0.7991104531792363,1.2810066151279522,-1.2564443394241256,0.8480217769066942,1.1236644604938588,0,8.375000000000009,-7.291666666666668,Cephalophus_niger,110
947,1.4842197942557465,0.20400271643179482,0.281030272289134,1.235325207033546,0.04574378511107805,-0.33085266582752204,-1.350108357248551,0.5019989076336531,1.498902759906787,1.5100929795312463,1.2733798037079607,1.1154165555992328,1.156954223564074,1.628319221702422,1.149031474009381,-1.3733098676686037,0.6504605318020595,0.4153495064942594,1.4005530993830813,-0.3390907390482059,-1.1684760671581522,-0.5785213628239856,1.2861683059763709,1.0699307750761389,1.3737346293286556,0.5298184820886307,0.7103236785539406,-0.5075845534041307,0.10863059176847335,0.4370088549552426,-0.29526882773992574,0.02546775582500699,1.500908750888368,0.003531355742514714,1.490826148317034,-1.3501696847832374,0.9636803967997036,1.4411059003791094,-1.36507375335172,0.9709532455817544,1.2017315286327783,0,8.375000000000009,-3.875000000000001,Cephalophus_niger,110
948,1.6793346626379517,0.612425162939899,0.37240806189925524,1.5894492621087917,0.8817101921706039,-1.133838058382913,-0.9088960723504759,-0.3343746685707793,1.5262331848229935,1.5367578339950347,1.3010823774422562,1.2469155884834109,1.156954223564074,1.8003873870034177,0.8378671975881146,-0.33076660602383184,1.488715854865508,0.9375899992097445,1.406872563158136,-0.28845666766700595,-0.095113653891691,-0.6158955161599967,1.2996655340398127,1.3183650393747275,1.2560793422569334,-0.4110714760679525,0.25573913738213216,-0.6652566504981302,2.322962534143391,0.10850440363995319,-0.703326878689925,-0.7429714128297658,-0.6229259874203835,0.9926521442955474,0.7649864227615457,-1.015573007019542,1.4186678879857015,1.1609321511895843,-0.6191517777155707,1.1884473824683994,1.0455973923549393,0,14.791666666666675,-4.375000000000001,Cephalophus_niger,33
949,-1.6984303794986564,0.28568720573341566,0.646541430729619,1.6864102008254591,0.7339191649650024,0.3691858687448974,-1.2667296563054151,0.6240602365635194,1.263378804011241,1.2803046748874212,1.458063628603264,0.649192711737147,1.156954223564074,2.380270527165553,1.5938012287347403,-1.0641976629441794,1.1802457521348242,0.8286361297644363,1.2362470412316542,-0.27977654114451456,-1.2510424066401875,-0.5167803337333481,1.1174529551833479,0.8629022214939817,1.2462747350009566,1.7998742769996845,2.136471258700791,-0.41298129514773085,0.4629237025484601,2.1331644913382677,-0.37118660466085585,0.7833077635328174,-0.10280319436517907,1.8222373217916392,1.2004902580948387,-1.30421071582604,1.079847415825916,0.9808204552820324,-0.6119098167870645,0.8385655100855357,1.0163222418028446,0,9.375000000000009,-10.458333333333334,Cephalophus_niger,98
950,1.5078620053676717,0.8983208754955719,0.1896524826790128,1.3537858895160435,0.5311803288922221,-0.3926207729471675,-1.2493590942991726,0.3435306846904908,1.5772767725341443,1.586558371008287,1.2872310905751083,1.2708245035532615,1.156954223564074,1.6298676771844696,1.373017298636271,-1.1398969006624562,0.8610036177928436,0.4169032512550058,1.4523727023385313,-0.3304106125257145,-0.34281267233779744,-0.5299946488735188,1.3401572182301382,1.2252021902627568,1.388441540212621,0.5196230800652621,0.977726349831475,-0.6337222310793303,0.9057900910234437,1.023623946589688,-0.5989399354236461,-0.6051823205192548,2.3437003137093013,0.22688121122223176,1.2488795731318711,-1.2569056682801383,1.157292095176724,1.4160903870586161,-1.1840247301390625,0.9993220460452299,1.260281829736968,0,10.041666666666675,-0.5416666666666691,Cephalophus_niger,90
951,-0.7645234706822723,0.6532674075907094,-0.17585867576147213,1.1159824541226322,-0.13615276367845386,-0.0631908887627581,-1.4022200432672784,0.7530093927736211,1.3365278824634412,1.351672373599326,1.1995062737498392,0.8404640322959513,1.156954223564074,1.5460594069963887,1.0742239985362834,-1.435392710087178,0.48163445057432486,0.43049814747839754,1.2552054325568187,-0.3767046206456688,-0.8382107092300103,-0.5835810849845516,1.1714418674371152,0.8525507938148738,1.3002000749088294,0.8007248787095664,1.1381679525979957,-0.19224035921613142,0.02005731407347666,0.7923299961738209,0.00840227994379463,0.26924845760514177,1.8813689421046749,-0.06028288868026159,1.5876047783910991,-1.3949748720929738,0.7410269436661302,1.3560531550894321,-1.408525518922758,0.8669343105490112,1.1236644604938588,0,7.541666666666676,-6.625000000000001,Cephalophus_niger,120
952,-1.243141042080981,0.6941096522415199,-0.3586142549817146,1.2781450098588976,0.5251169708594394,-0.14554834446858572,-1.3362119043303853,0.511592589307724,1.4583090405459505,1.4704878280482663,1.2641456124631956,1.0556442679246063,1.156954223564074,1.6614165347009227,1.3104351175028566,-1.3262487007117072,0.7223389262272012,0.44855987467236536,1.3348306761225104,-0.38972481042940593,-0.6730780302659393,-0.5380083578006999,1.2524252358177663,1.059579347397031,1.3590277184446904,0.8065508227229199,1.548185381890215,-0.5075845534041307,0.7581679615317825,1.3621846566187108,-0.44710438158178595,-0.3931991015800071,2.8301114442516684,0.22688121122223176,1.2004902580948387,-1.320171361949251,1.0217639063128097,1.3360407444330376,-1.16954080828205,0.942584445118279,1.1822147615980485,0,9.708333333333343,-5.625000000000001,Cephalophus_niger,94
953,0.36945567394604933,0.5307406736382781,0.281030272289134,1.2435428407828832,0.3739155215980157,-0.3720313629998864,-1.2979966877956823,0.40675071597214296,1.5013142679876288,1.5124457608074628,1.2641456124631956,1.175188843273859,1.156954223564074,1.5915440685135844,1.2728858088228079,-1.2771972744810178,0.7058872591387872,0.37844873520618294,1.3992892066280702,-0.32896392477196595,-0.34281267233779744,-0.42729297497341073,1.2861683059763709,1.1216879134716782,1.3639300220726789,0.4934063320051716,0.7370639456816941,-0.6337222310793303,0.6695946838367858,0.8292029447908432,-0.5894502133085299,-0.446194906314819,2.064375110031506,0.06734560016529101,1.3456582032059363,-1.2965188381763,1.0120833213939588,1.4110872843945175,-1.2854121831381509,0.9520407119394375,1.2212482956675081,0,9.875000000000009,-2.208333333333333,Cephalophus_niger,92
954,0.8922909955360117,0.04063373782855314,0.281030272289134,0.7085991341564001,-0.5745992946144163,0.5133114430755765,-1.4161164961854442,1.7683176690345601,1.3763177657973305,1.3904932646569004,1.1625695087707788,1.0436898103896812,1.156954223564074,1.1568253072444494,0.8367028521163078,-1.498427692654359,0.04350877446232786,0.31494093688654495,1.3184000703073677,-0.33330398803321165,-1.333608746122223,-0.5033750785751093,1.198436323563999,0.8629022214939817,1.3198092894207831,1.131347201467375,1.2986095553645163,0.4069136097410671,-0.24566251901151342,0.9766947392589324,0.6631931058868167,0.6508182516957876,0.8940988256572961,-1.0813107994446824,1.7327727235021968,-1.4086279549212624,0.5570958302079608,1.5111493376764906,-1.7706235653480733,1.0466033801510222,1.167577186322001,0,5.541666666666676,-1.3750000000000009,Cephalophus_niger,144
955,-0.20760825834586819,0.8166363861939511,-0.44999204459183584,1.2370243343340448,0.06052285891995579,-0.33085266582752204,-1.3952718250911251,0.5704831334458492,1.5113622183244695,1.5222490161250322,1.291848186197491,1.0675987254595316,1.156954223564074,1.685804339371065,1.0989657291026496,-1.4387480606527854,0.6398845454879473,0.8948630555020086,1.414455919688202,-0.4070850634743888,-0.5905116907839039,-0.5065649938528803,1.2929169200080917,1.049227919717923,1.388441540212621,0.5341879400986458,0.43400758490048846,-0.4760501339853307,0.07910616587014112,0.4839380622859982,-0.3332277162003908,0.3381430037603973,0.9374423917452298,-0.06028288868026159,1.6359940934281316,-1.3788219290285195,0.9443192269620017,1.4761276190278,-1.4302514017082768,1.1979036492895578,1.2114899121501432,0,7.37500000000001,-4.458333333333333,Cephalophus_niger,122
956,1.5264603376096681,0.36737169503503647,0.1896524826790128,1.6209800392182587,0.9885744200053943,-0.8661762813181489,-1.0964981618969256,-0.12223098090414505,1.6090282955985609,1.617536657811806,1.4672978198480293,1.3664601638326637,1.156954223564074,2.1658143159737717,1.2768154470306314,-1.0809687445205047,1.1963056274784076,0.7558060110535756,1.535789624169256,-0.3318573002794631,0.31771804351848637,-0.5702162350937391,1.360403060325301,1.3494193224120512,1.3835392365846326,-0.03384160120331623,0.7638042128094475,-0.6652566504981302,1.7619984420750783,0.6079652530887095,-0.703326878689925,-0.748270993303247,-0.6181100356328353,0.9288378998727711,1.0069329979467085,-1.1388353463566274,1.3412232086348934,1.2609942044715576,-0.8219266837137473,1.1127972478991315,1.1431812275285886,0,12.541666666666675,1.208333333333331,Cephalophus_niger,60
957,-0.9156615510810232,0.5715829182890886,0.1896524826790128,1.2729006494573465,0.4538742486751871,-0.31026325588024095,-1.3153672498019249,0.5187263487540398,1.4691608269097385,1.481075343791241,1.2272088474841347,1.0436898103896812,1.156954223564074,1.5808987693294032,1.237374049199373,-1.26737207594334,0.6947234357826603,0.3677670733658769,1.3778030297928836,-0.32317717375697164,-0.5079453513018684,-0.41614891802791226,1.265922463881208,1.0388764920388154,1.3492231111887136,0.5837084642121502,0.6657565666743516,-0.5075845534041307,0.4333992766501279,0.7822737374600877,-0.523022158502716,-0.21831294595512782,1.9969517850058316,0.13115984458806731,1.5392154633540664,-1.3295939120701825,0.9830415666374057,1.4361027977150107,-1.3433478705662012,0.9236719114759621,1.2066107203914607,0,8.375000000000009,1.708333333333331,Cephalophus_niger,110
958,0.8404704268320008,0.5307406736382781,0.281030272289134,1.2218470592076176,0.48229558894100183,-0.33085266582752204,-1.2945225621417467,0.4313499382496934,1.4820222033408945,1.4936235105977298,1.2687627080855781,1.163234385738934,1.156954223564074,1.5861246219952605,1.2501816273130555,-1.3213103007483493,0.6643662996729222,0.3730107767168263,1.3904419573429934,-0.32896392477196595,-0.34281267233779744,-0.5144585508535366,1.2726710779129289,1.0906336304343547,1.3639300220726789,0.5385573981086609,0.8529384365686257,-0.6021878116605304,0.49244812844679237,0.7386966163672432,-0.5135324363875998,-0.334903716371714,1.934344411767705,0.03543847795390286,1.2972688881689038,-1.3069028730034493,0.9927221515562566,1.3960779764022215,-1.2781702222096445,0.9520407119394375,1.2017315286327783,0,9.375000000000009,-2.6250000000000013,Cephalophus_niger,98
959,-0.49831533635556496,0.4082139396858469,0.281030272289134,1.4718544963796703,0.5531595680858232,0.16329219112964155,-1.3223154679780782,0.6292752596750211,1.2858862127657642,1.3022639667987763,1.4118926723794383,0.7448283720165492,1.156954223564074,2.178976039902333,1.407219252882495,-1.3046883520874246,0.8725589340442627,0.7029798745742437,1.2665804673519176,-0.3116036717269831,-0.5079453513018684,-0.3155525637542192,1.1376987972785106,0.8629022214939817,1.2756885567688871,1.351276587971468,1.886895432175092,-0.5391189728229305,0.6695946838367858,2.029249817963023,-0.43761465946666966,0.385839228021728,-0.3243369765923958,1.088373510929712,1.2972688881689038,-1.3319014753651046,0.9249580571242996,1.1159042272126964,-0.9233141367128356,0.8385655100855357,1.0553557758723042,0,9.625000000000009,-8.541666666666668,Cephalophus_niger,95
960,-0.6108626608085317,0.12231822713017397,0.37240806189925524,0.7642108527606124,-0.6466000811111784,0.5544901785986277,-1.409168278009291,1.7862750712688245,1.4136961410503777,1.4269613744382583,1.1856549868826916,1.079553182994457,1.156954223564074,1.198826165430302,0.8906982352308631,-1.4555019184276137,0.13223062772071384,0.3689324560230646,1.351261281937653,-0.32317717375697164,-1.4161750856042585,-0.49811684209024565,1.2254307796908825,0.914659359889521,1.3394185039327366,1.2362141937077373,1.1916484868535024,0.438448029159867,-0.36376022260484236,1.0102156016380435,0.7865594933833281,0.8151052463737045,1.0193135721335491,-0.9855894328105179,1.7327727235021968,-1.4049743130376358,0.624859924639918,1.5261586456687866,-1.741655721634048,1.0844284474356563,1.1870939533567308,0,5.62500000000001,-1.6250000000000009,Cephalophus_niger,143
961,1.20294263399128,0.44905618433665734,0.281030272289134,1.2279407838313314,0.5061694106822295,-0.20731645158823117,-1.3049449059718357,0.5109529855058297,1.4366054678183746,1.4493127965623165,1.2179746562393696,1.031735352854756,1.156954223564074,1.524575067106717,1.3113083210876637,-1.165931096717851,0.7219471344823709,0.31125097829634196,1.3259834268374335,-0.3159437349882288,-0.012547314409655536,-0.46150602572189653,1.2389280077543243,1.0285250643597075,1.3345162003047484,0.6958578864692042,0.9866397722073929,-0.41298129514773085,0.4038748507517957,0.6750069778469319,-0.42812493735155344,-0.24481084832253378,1.8428413278042894,0.09925272237667916,1.2972688881689038,-1.3219020344204424,0.9539998118808526,1.3560531550894321,-1.2492023784956192,0.8953031110124866,1.1870939533567308,0,8.625000000000009,4.291666666666667,Cephalophus_niger,107
962,-1.0173681438130937,1.592639034559349,3.2964973294231346,1.560793839156436,1.0416276463249465,-0.886765629904331,-1.1208169420793217,-0.11942667106592167,1.639172146609083,1.646946423764514,1.458063628603264,1.42623245150729,1.156954223564074,2.1089101275313706,1.2022991134445333,-1.1031886387143053,1.1377454627316523,0.7589135005750685,1.5623313720244865,-0.4201052532581259,1.143381438338841,-0.6202946479052378,1.3806489024204638,1.3701221777702668,1.4080507547245746,-0.08627509732349734,0.6746699890502694,-0.6652566504981302,1.7915228679734105,0.534219355854665,-0.6938371565748087,-0.7588701542502093,-0.6181100356328353,0.6735809221816659,1.055322312983741,-1.1511423505962115,1.3315426237160424,1.3260345391048403,-0.9233141367128356,1.1317097815414485,1.1626979945633185,0,12.875000000000009,-3.5416666666666687,Cephalophus_niger,56
963,0.6038105136650528,0.36737169503503647,-0.08448088615135091,1.1510419118019382,-0.2858385179900939,0.7603838523788149,-1.3917977160030484,1.6694287654504598,1.4410265659665844,1.453626228902047,1.2641456124631956,1.0675987254595316,1.156954223564074,1.6428356595917222,1.1536886338204164,-1.4752899658840388,0.5552754595768955,0.5192536313805137,1.36010853122273,-0.3419841145557031,-0.8382107092300103,-0.518856794201381,1.2456766217860453,0.9664164982850603,1.3737346293286556,1.8916328952100014,1.9938565006861055,0.12310383497186779,-0.15708924131651672,1.5297889685142667,0.7296211606926305,0.9369955972637719,2.545970288786325,-0.1879113775258142,1.6359940934281316,-1.4043974222139053,0.8087910380980874,1.431099695050912,-1.4664612063508085,1.0182345796875467,1.167577186322001,0,6.041666666666676,-8.041666666666668,Cephalophus_niger,138
964,-0.2873867634748302,1.2250588327020553,0.09827469306889156,1.2729824149729807,0.6486551441675582,-0.3720313629998864,-1.2771520001355041,0.4018800429356752,1.5415060693349913,1.55165878207774,1.2779968993303432,1.2349611309484856,1.156954223564074,1.601608881478051,1.310726259389856,-1.235143402693467,0.7501501631193881,0.38854792797777893,1.4346782037683776,-0.3318573002794631,-0.26024633285576193,-0.2743415486259447,1.3131627621032544,1.1734450518672175,1.3786369329566441,0.5065147060352169,0.8172847470649545,-0.6337222310793303,0.6695946838367858,0.8426112897424877,-0.6084296575387624,-0.446194906314819,2.083638917181699,0.06734560016529101,1.2972688881689038,-1.2811350828768198,1.0701668309070649,1.431099695050912,-1.2709282612811381,0.9804095124029129,1.2505234462196029,0,9.708333333333343,-1.541666666666669,Cephalophus_niger,94
965,0.23358235190139287,0.9391631201463824,-1.272392151082927,1.7621330454263262,1.0295012193762052,-1.0720698899021686,-0.9436371963629608,-0.29127683939830645,1.5262331848229935,1.5367578339950347,1.425743959246586,1.3066878761580372,1.156954223564074,2.180717941568005,1.256294274482897,-0.7722350433362943,1.4170332068880123,0.9364247647258126,1.4346782037683776,-0.5083532062367887,-0.095113653891691,-0.5479123709502014,1.2996655340398127,1.3183650393747275,1.2854931640248641,-0.27998773576749975,0.5231418086596665,-0.6652566504981302,2.234389256448394,0.35991087148328693,-0.703326878689925,-0.7111739299888786,-0.6229259874203835,1.566980344100534,0.9585436829096758,-1.0396101246749798,1.3799455483102974,1.0808825085640057,-0.5322482465734951,1.1222535147202901,1.040718200596257,0,14.541666666666675,-7.791666666666668,Cephalophus_niger,36
966,0.6877796544363253,0.12231822713017397,0.5551636411194977,1.3507144975494965,0.34018888761192817,1.0074562808573968,-1.4056941523553552,1.4614177478771628,1.3437624067059666,1.3587307174279757,1.4349781504913512,0.6372382542022217,1.156954223564074,2.026456571304028,1.308688710333242,-1.1892695577926093,0.78579574066049,0.5213899933832261,1.3146083920423348,-0.21178221671833172,-0.095113653891691,-0.3499211800405325,1.1781904814688362,0.8732536491730895,1.3247115930487714,2.5936591488190928,2.83171820402238,-0.3183780368913311,0.22672829536180228,2.8136379976342245,0.03687144628914341,1.3344641327748612,0.39323983975228444,0.5778595555475015,1.2488795731318711,-1.3903597455031296,0.9152774722054485,1.2159662804946696,-1.075395316211468,0.904759377833645,1.0846309264243992,0,8.708333333333345,-10.958333333333336,Cephalophus_niger,106
967,0.49239156387860966,0.1631604717809844,0.9206747995599827,0.9939274792297016,-0.35897611183879674,0.18388153971582372,-1.4265388400155334,1.1227849200667679,1.3847580440802767,1.3987279991236585,1.2179746562393696,0.912190777505503,1.156954223564074,1.4514120961028172,1.0587968096681792,-1.442040327295024,0.37802749950776954,0.3366929190172275,1.3146083920423348,-0.30292354520449166,-0.6730780302659393,-0.5189915811451735,1.2051849375957198,0.8939565045313052,1.3345162003047484,1.0017199471702607,0.9866397722073929,-0.09763710095973166,-0.24566251901151342,0.7051757539881319,0.30258366551239874,0.6031220274344569,1.60204373842688,-0.4431683552169194,1.6359940934281316,-1.412281596804889,0.7216657738284282,1.446109003043208,-1.553364737492884,0.9331281782971205,1.167577186322001,0,6.458333333333344,-6.625000000000001,Cephalophus_niger,133
968,-1.4533215787308362,0.8983208754955719,0.1896524826790128,1.1689146569510815,0.7581720188624851,-0.14554834446858572,-1.3084189984940537,0.5954759522883447,1.4060596987943788,1.4195109003969055,1.1995062737498392,1.0078264377849053,1.156954223564074,1.485283784511184,1.2613882581625275,-1.1986243925154227,0.6535942680616255,0.3708744147141139,1.3120806065323127,-0.3304106125257145,-0.34281267233779744,-0.5372253158975223,1.2186821656591615,0.9767679259641681,1.3198092894207831,0.7410089525726935,0.9598995050796394,-0.349912456310131,0.2562527212601345,0.6548944604194652,-0.34271743831550705,-0.13351965837942875,1.732074436690681,0.003531355742514714,1.3456582032059363,-1.3344013356012703,0.8959163023677466,1.3660593604176294,-1.3071380659236698,0.904759377833645,1.177335569839366,0,8.375000000000009,4.374999999999999,Cephalophus_niger,110
969,-0.13681316667435073,0.5307406736382781,-0.08448088615135091,1.6560396963256516,1.0412486141686916,-0.886765629904331,-1.1103945982492325,-0.1522420245756697,1.5390945612541498,1.5493060008015236,1.458063628603264,1.1393254706690834,1.156954223564074,2.0641992507486715,1.555960778167692,-0.6675821051934326,1.3216523882152023,0.7293929428139097,1.472594986418707,-0.40419168796689164,-0.7556443697479748,-0.5632424683845463,1.3131627621032544,1.2355536179418647,1.3394185039327366,-0.04694997523336151,0.7816310575612831,-0.6652566504981302,2.0572427010584007,0.7286403576535098,-0.6938371565748087,-0.6581781252540667,-0.6132940838452872,1.2160019997752645,1.055322312983741,-1.1686413722493705,1.3315426237160424,1.1909507671741764,-0.7277811916431653,1.1127972478991315,1.1724563780806836,0,14.125000000000009,-14.375000000000002,Cephalophus_niger,41
970,1.473399406065509,0.9391631201463824,-1.272392151082927,1.7150492706746878,0.9745531213922024,-1.1750167555552773,-0.915844323658347,-0.34362398140209904,1.7271921915598074,1.7328229403464213,1.3980413855122904,1.6414126871359451,1.156954223564074,1.97729436493418,1.050355471554724,-0.8836848016178559,1.3173435755706835,1.1364645870411008,1.5661230502895194,-0.5083532062367887,-0.095113653891691,-0.6003350884020837,1.441386428705952,1.5357450206359926,1.3639300220726789,-0.46204848618479527,0.1844317583747897,-0.6652566504981302,2.322962534143391,0.011293902740530801,-0.703326878689925,-0.7800684761441341,-0.6229259874203835,0.9607450220841592,0.8617650528356108,-1.0153807100782983,1.4864319824176586,1.2659973071356563,-0.720539230714659,1.3492039184280935,1.1431812275285886,0,14.791666666666675,-1.3750000000000009,Cephalophus_niger,33
971,-0.419024285922381,0.4082139396858469,0.281030272289134,1.5078125770186062,1.2193555641877345,-0.31026325588024095,-1.1242910677332572,0.25620344560518676,1.5981765092347728,1.606949142068831,1.481149106715177,1.3903690789025143,1.156954223564074,2.0587798042303476,1.5284537548653088,-0.8966645464012497,1.2100156489016243,0.6058730496264293,1.5509563372293875,-0.37381124513817166,-0.7556443697479748,-0.44988096975967656,1.35365444629358,1.3804736054493747,1.3982461474685979,0.7045968024892344,1.7977612084159138,-0.6652566504981302,1.732474016176746,1.828124643688356,-0.703326878689925,-0.833064280878946,-0.584398373119998,0.6416737999702777,0.9101543678726434,-1.1319126564718613,1.3509037935537445,1.3010190257843468,-0.8726204102132914,1.0560596469721808,1.2749194050130153,0,12.625000000000009,-12.291666666666668,Cephalophus_niger,59
972,-0.39417910719818455,0.20400271643179482,-0.6327476238120783,0.7239560939891359,-0.4484086190045731,0.7192051245259011,-1.3883235903491127,1.907254028412809,1.43499779576448,1.4477442757115053,1.190272082505074,1.1393254706690834,1.156954223564074,1.2191490898740165,0.8112333778705385,-1.5343845487583412,0.08875130722977373,0.15937591000489054,1.361372423977741,-0.032392935253508955,-1.0859097276761167,-0.435488643339882,1.2389280077543243,0.9457136429268445,1.3443208075607251,1.394971168071619,3.2417356333145992,-0.09763710095973166,0.7581679615317825,1.8784059372570228,0.5493164405054215,0.5024299984383142,0.6388533809172421,-1.1132179216560705,1.490826148317034,-1.391705824091834,0.624859924639918,1.5161524403405893,-1.7271717997770355,1.0276908465087053,1.2017315286327783,0,5.37500000000001,-4.541666666666667,Cephalophus_niger,146
973,0.20388817084690908,0.9391631201463824,-0.6327476238120783,1.3114889871345778,0.4277265231132539,-0.31026325588024095,-1.3118931241479892,0.42082147411773657,1.5113622183244695,1.5222490161250322,1.2872310905751083,1.1512799282040087,1.156954223564074,1.7032239467031511,1.281909430710262,-1.3644654455999081,0.6577070354089598,0.49051009417298397,1.3917058500980044,-0.3955115614444002,-0.4253790118198329,-0.476034880417752,1.2929169200080917,1.1216879134716782,1.3786369329566441,0.5953603522388571,1.1738216421016667,-0.6021878116605304,0.7581679615317825,1.1040740162995548,-0.5325118806178323,0.06786439961285652,2.4592831566104576,0.22688121122223176,1.2972688881689038,-1.3067105760622058,1.0314444912316607,1.3760655657458267,-1.2202345347815942,0.9804095124029129,1.1968523368740958,0,9.958333333333343,-4.375000000000001,Cephalophus_niger,91
974,-0.8237680455065858,0.8983208754955719,0.1896524826790128,1.2898586179718197,0.1529870451021234,-0.3514420144137042,-1.3223154679780782,0.5183327521890948,1.5157833164726793,1.5265624484647626,1.2595285168408128,1.0915076405293822,1.156954223564074,1.6244482306661459,1.2020079715575338,-1.3101716123078941,0.7186176517751589,0.4114652927656492,1.4283587399933226,-0.3304106125257145,-0.34281267233779744,-0.5575841705937659,1.2929169200080917,1.0906336304343547,1.3688323257006674,0.526905510081954,0.4696612744041597,-0.5075845534041307,0.28577714715846675,0.5979089943749762,-0.48506327004225097,-0.18651546311424066,1.732074436690681,0.09925272237667916,1.684383408465164,-1.323248113009147,1.0217639063128097,1.4861338243559974,-1.386799636137239,0.9614969787605959,1.231006679184873,0,8.125000000000009,2.1249999999999987,Cephalophus_niger,113
975,0.7656007037285945,0.36737169503503647,0.1896524826790128,1.690788445045547,1.3512307102325174,-1.3809104868614948,-0.7699315763005358,-0.49107172573940594,1.6243011801105587,1.6324376058945114,1.2964652818198736,1.593594856996244,1.156954223564074,1.7212244832614794,1.2169985586332341,-0.4825494662986716,1.3365371871738332,1.3100916374632348,1.416983705198224,-0.5372869613117601,0.4002843830005218,-0.10762236674266482,1.3671516743570218,1.4839878822404533,1.2413724313729682,-0.7664540608825134,-0.4305943855635394,-0.6652566504981302,2.5591579413300485,-0.4982232054219589,-0.703326878689925,-0.8383638613524271,-0.6229259874203835,1.1521877553524882,0.7649864227615457,-0.8525052008450511,1.4670708125799565,1.135916637869091,-0.5467321684305078,1.4626791202819953,1.0699933511483517,0,16.875000000000007,-12.125000000000002,Cephalophus_niger,8
976,1.127669990474832,0.9800053647971928,-0.5413698342019571,1.4524459555332099,1.121965116441549,-0.43379947011953185,-1.1694545024441136,0.1749275941803168,1.5113622183244695,1.5222490161250322,1.4765320110927944,1.3664601638326637,1.156954223564074,2.190008379122605,1.337505539012836,-1.1356468226198984,0.8950823272041626,0.5194480346921768,1.4864978067238277,-0.39406487369065163,-0.5905116907839039,-0.43645553275610155,1.2929169200080917,1.2562564733000803,1.3590277184446904,0.5065147060352169,1.5749256490179684,-0.6652566504981302,1.4372297571934238,1.2850866731467552,-0.6843474344596925,-0.3031062335308269,-0.6084781320577389,0.6416737999702777,0.9585436829096758,-1.1674875906019093,1.2250561896086811,1.255991101807459,-0.9015882539273167,0.9804095124029129,1.1529396110459535,0,11.041666666666675,3.3749999999999987,Cephalophus_niger,78
977,-1.3946992920999985,-0.0410507514730677,0.281030272289134,1.3721978882121997,0.653960437887831,-0.4749782286529951,-1.2771520001355041,0.28198345757757237,1.5684345762377245,1.577931506328826,1.2964652818198736,1.3066878761580372,1.156954223564074,1.7045789560015745,1.3329938391072047,-1.2465573918960606,0.8504276314787315,0.49186973196857897,1.4372059892783995,-0.237822596285806,0.4828507224825573,-0.5345159887603195,1.3334086041984172,1.204499334904541,1.3982461474685979,0.40893014381154646,1.2005619092294202,-0.6337222310793303,1.0534122205151049,0.9297655319281768,-0.6463885459992275,-0.6263806424131795,2.2088536636579517,0.2906954556450081,1.2972688881689038,-1.2813273798180633,1.1185697555013199,1.4010810790663202,-1.1912666910675689,1.0182345796875467,1.240765062702238,0,10.541666666666675,-2.2916666666666687,Cephalophus_niger,84
978,1.503465432625362,0.8166363861939511,-0.44999204459183584,1.2048727375900175,-0.18655334313786975,-0.33085266582752204,-1.4022200432672784,0.5717130945597267,1.4583090405459505,1.4704878280482663,1.2779968993303432,1.0078264377849053,1.156954223564074,1.6821267945184128,1.0452614878750937,-1.4528750086375122,0.6103103951687929,0.8754416905124457,1.3765391370378726,-0.4070850634743888,-0.5905116907839039,-0.5984640122054581,1.2524252358177663,0.9974707813223839,1.3639300220726789,0.5225360520719389,0.42509416252457066,-0.4445157145665308,0.02005731407347666,0.42360051000359816,-0.27628938350969323,0.2851471990255854,0.9856019096207117,-0.06028288868026159,1.684383408465164,-1.3849754311483116,0.8862357174488955,1.4511121057073066,-1.4374933626367832,1.1506223151837656,1.177335569839366,0,7.208333333333344,-4.791666666666667,Cephalophus_niger,124
979,0.10667137558016573,-0.00020850682225728276,-0.3586142549817146,0.7020154147231411,0.4974536949061345,1.5427798349869246,-1.4056941523553552,3.7606087413500653,1.3976194205114327,1.4112761659301474,1.171803700015544,1.127371013134158,1.156954223564074,1.1558574856509591,0.908017513250177,-1.3770380505227129,0.11049111690001298,-0.05872608402413307,1.3297751051024664,-0.21612227997957742,-1.4161750856042585,-0.5697881901869574,1.2119335516274408,0.9250107875686288,1.3443208075607251,3.3437494405383505,4.569835567326354,-0.4760501339853307,0.7581679615317825,4.667341687199071,-0.15292299601318182,0.9104976948963659,7.578639906774183,-1.0813107994446824,1.4424368332800015,-1.3999745925653049,0.64422109447762,1.506146235012392,-1.6982039560630102,0.9142156446548035,1.1822147615980485,0,7.958333333333344,-12.541666666666668,Cephalophus_niger,115
980,0.6369613831780904,0.36737169503503647,0.5551636411194977,1.12759814304488,0.4413687895701909,1.1721712536301507,-1.4230647143615978,2.031726033080519,1.3791311918916458,1.3932381761458197,1.2179746562393696,0.8165551172261009,1.156954223564074,1.5359945940319222,1.0998389326874567,-1.2345755773676925,0.5636973384182868,0.32270951251702124,1.2627887890868847,-0.2855632921595088,-1.2510424066401875,-0.5881794103448735,1.198436323563999,0.8939565045313052,1.3443208075607251,2.7451336931662826,2.689103446007695,-0.349912456310131,0.10863059176847335,2.8605672049649797,0.12227894532518978,1.6418398002367702,4.982841893285709,-0.09219001089164974,1.3456582032059363,-1.412281596804889,0.8087910380980874,1.3460469497612348,-1.3433478705662012,0.9142156446548035,1.1285436522525414,0,8.125000000000009,-10.958333333333336,Cephalophus_niger,113
981,-0.4167311947481575,0.20400271643179482,-0.26723646537159335,0.8382018638547272,0.039301684038864464,0.6162582818832045,-1.36053070107864,1.7710235234283958,1.4860413834756308,1.4975448127247575,1.213357560616987,1.2349611309484856,1.156954223564074,1.2582467786170832,0.9726372434402053,-1.449353301355007,0.19529565040917227,0.24599518007755025,1.414455919688202,-0.3607910553544345,-0.26024633285576193,-0.507858647204109,1.2726710779129289,1.0181736366805996,1.3639300220726789,1.3760368500282203,1.3164364001163518,-0.25530919805373126,0.13815501766680557,1.3822971740461776,-0.06751549697713546,0.3275438428134349,2.396675783372331,-0.9217751883877416,1.5876047783910991,-1.3688224880838573,0.7410269436661302,1.55117415898928,-1.6909619951345038,1.0560596469721808,1.231006679184873,0,6.791666666666676,4.374999999999999,Cephalophus_niger,129
982,-0.6872644031948603,0.5307406736382781,0.281030272289134,1.0406680382437627,0.023006770721791057,-0.14554834446858572,-1.3327378118081674,0.6525461029297406,1.4064616168078525,1.4199030306096083,1.1948891781274567,1.031735352854756,1.156954223564074,1.4053466530282217,1.1389891886317156,-1.254897002546898,0.5155171146884594,0.6804510200631879,1.3360945688775214,-0.32896392477196595,-0.34281267233779744,-0.2751895578751613,1.2186821656591615,0.987119353643276,1.3247115930487714,0.6623587083924218,0.594449187667009,-0.4760501339853307,0.04958173997180889,0.48729014852390934,-0.27628938350969323,0.23215139429077344,1.2071356918479283,-0.3155398663713668,1.3456582032059363,-1.331709178423861,0.8862357174488955,1.4361027977150107,-1.4157674798512643,1.0844284474356563,1.1919731451154134,0,8.041666666666679,-2.458333333333333,Cephalophus_niger,114
983,0.2784347675798564,0.28568720573341566,0.37240806189925524,1.4993661992535798,1.052996008961178,-0.6808718985981136,-1.0999722544191435,0.010899998050618953,1.6138513117602444,1.6222422203642393,1.4672978198480293,1.4860047391819164,1.156954223564074,2.1309751013095997,1.218890647784444,-1.153696946496007,1.0180786363215135,0.6301497558633828,1.5547480154944204,-0.2913500431745031,-0.4253790118198329,-0.37088406181309497,1.360403060325301,1.3804736054493747,1.3933438438406094,0.19045724331079184,1.0579471512147354,-0.6652566504981302,1.6143763125834172,0.9163571869765322,-0.6938371565748087,-0.5892835790988112,-0.6181100356328353,0.5778595555475015,0.9101543678726434,-1.1357585952967313,1.3218620387971913,1.3010190257843468,-0.8943462929988103,1.0844284474356563,1.1480604192872712,0,11.791666666666675,3.874999999999999,Cephalophus_niger,69
984,-1.693377511866041,0.8983208754955719,0.1896524826790128,1.4041696008218316,0.83547809907952,-0.33085266582752204,-1.2771520001355041,0.3566174889591562,1.4213325833063766,1.4344118484796111,1.2225917518617522,1.0915076405293822,1.156954223564074,1.6438034811852125,1.4038716763724788,-1.1171492999975878,0.7620972711156374,0.43088665775521207,1.3032333572472359,-0.3304106125257145,-0.34281267233779744,-0.5486884132846257,1.2321793937226035,1.0285250643597075,1.3296138966767599,0.6332289883256546,1.1381679525979957,-0.6652566504981302,1.0238877946167726,1.224749120864355,-0.6558782681143437,-0.6157814814662171,2.6326574209621927,0.6416737999702777,1.3456582032059363,-1.294595868763865,1.0314444912316607,1.2910128204561495,-1.097121198996987,0.8858468441913281,1.167577186322001,0,10.125000000000009,3.1249999999999987,Cephalophus_niger,89
985,-0.9316879080197693,0.20400271643179482,0.4637858515093765,1.7607442282290642,1.0719435691383878,-1.2367848013138238,-0.9088960723504759,-0.3846554849117619,1.6697179156330786,1.676748319929925,1.4072755767570557,1.557731484391468,1.156954223564074,2.079877251752771,1.4642708485438753,-0.935971081819127,1.3144055857587635,1.1100515188014348,1.5155673400890801,-0.34777086557069736,-0.012547314409655536,-0.581307797719279,1.4008947445156263,1.4632850268822377,1.3247115930487714,-0.5334163003483752,0.023990155608269056,-0.6652566504981302,2.4410602377367194,-0.09932494311053605,-0.703326878689925,-0.8171655394585025,-0.6229259874203835,1.2160019997752645,0.9101543678726434,-0.9996123608963311,1.4380290578234036,1.1859476645100777,-0.6408776605010896,1.320835117964618,1.167577186322001,0,14.458333333333346,0.3749999999999988,Cephalophus_niger,37
986,1.3655863306291152,0.12231822713017397,0.281030272289134,1.5795654066932963,1.0279853798680096,-1.0720698899021686,-0.929740760010654,-0.291473637680779,1.551554019671832,1.5614620373953094,1.3426362380436994,1.3545057062977384,1.156954223564074,1.913809166858656,1.3651580222206234,-0.6912130208163736,1.3071590821518633,0.8832101179696662,1.4397337747884216,-0.2624162880995317,0.8131160804106992,-0.3917106500959698,1.3199113761349754,1.3494193224120512,1.2805908603968756,-0.32805177387766576,0.3983538953968172,-0.6652566504981302,2.1458159787533972,0.2358836806805756,-0.703326878689925,-0.6740768666745103,-0.6229259874203835,0.9288378998727711,0.7649864227615457,-1.028264605141613,1.3702649633914465,1.165935253853683,-0.6626035432866085,1.178991115647241,1.1236644604938588,0,14.541666666666675,-3.875000000000001,Cephalophus_niger,36
987,-0.47487590218353676,-0.16357748542549896,1.46894153722071,1.3958376947786932,0.09197587820216185,1.069224387977042,-1.409168278009291,1.6814824444231546,1.179377939195253,1.1983494604325415,1.1995062737498392,0.6133293391323711,1.156954223564074,1.8807115585224707,1.324115899201346,-1.501937917402533,0.7748279626015474,0.6940459162865796,1.1187050150156332,-0.16982827185962318,-0.8382107092300103,-0.14247702995272504,1.0567154288978595,0.604116529516285,1.2413724313729682,2.78300232925308,2.929765850157476,0.028500576715468028,-0.009467111824855575,2.924256843485291,0.6347239395414679,0.9263964363168095,4.31342459481651,1.0245592665069356,1.7811620385392293,-1.4355495266953529,0.7507075285849812,1.1759414591818802,-1.1405729645680247,0.7345465750527924,1.040718200596257,0,8.125000000000009,-9.875000000000002,Cephalophus_niger,113
988,-1.3649731144244792,0.5715829182890886,0.37240806189925524,1.5353079267893888,1.1272704101618218,-0.6191038528395671,-1.138187504085564,0.06182041819349588,1.637966392568662,1.6457700331264058,1.50423458482709,1.4860047391819164,1.156954223564074,2.083361055084114,1.5322379331677285,-0.8370021382011731,1.2672049908157812,0.5907244086422913,1.576234192329607,-0.3984049369518973,-0.6730780302659393,-0.4032384066719973,1.3806489024204638,1.3908250331284826,1.4178553619805516,0.29969369356116915,1.4233974686273656,-0.6652566504981302,1.9096205715667394,1.254917897005555,-0.703326878689925,-0.9178575684546451,-0.6084781320577389,0.6735809221816659,0.9585436829096758,-1.1596034160109256,1.3605843784725955,1.3160283337766427,-0.887104332070304,1.1222535147202901,1.270040213254333,0,13.375000000000009,-11.958333333333336,Cephalophus_niger,50
989,-1.2966977566595213,0.12231822713017397,-0.08448088615135091,1.4866233427840996,0.994637488921353,-0.45438888006681294,-1.152083940437871,0.1634151761714317,1.6182724099084542,1.62655565270397,1.50423458482709,1.3664601638326637,1.156954223564074,2.089941769379552,1.5216133640160638,-0.8419463494471497,1.2053150445122753,0.5285760999449923,1.5585396937594533,-0.463505885870583,0.4002843830005218,-0.5181338771752937,1.3671516743570218,1.3701221777702668,1.4129530583525631,0.5094276780418936,1.735367251784489,-0.6652566504981302,1.8210472938717428,1.566661917131289,-0.703326878689925,-0.8277647004054648,-0.6036621802701908,0.5778595555475015,0.9101543678726434,-1.1632570578945522,1.3412232086348934,1.3010190257843468,-0.8798623711417978,1.0938847142568147,1.2846777885303802,0,12.958333333333346,-11.541666666666668,Cephalophus_niger,55
990,0.02477477314264446,0.9391631201463824,-1.272392151082927,1.7013262251580301,1.0537540732736879,-1.0720698899021686,-0.8845773252997976,-0.30564277619989166,1.5716499203455134,1.5810685480304483,1.3934242898899079,1.4381869090422152,1.156954223564074,2.056650714859743,1.1630031755186787,-0.801790946674194,1.3629776012334214,0.9552635124734096,1.4422615602984434,-0.5083532062367887,-0.095113653891691,-0.5943217960605989,1.3334086041984172,1.4011764608075905,1.2805908603968756,-0.31639988585095885,0.4696612744041597,-0.6652566504981302,2.2934381082450583,0.3129816641525313,-0.703326878689925,-0.7959672175645777,-0.6229259874203835,1.311723366409429,0.8133757377985782,-0.9888437321866949,1.4186678879857015,1.105898021884499,-0.5394902075020014,1.2073599161107165,1.0358390088375744,0,15.041666666666675,-8.708333333333334,Cephalophus_niger,30
991,-1.6035085250050505,0.08147598247936355,0.281030272289134,1.4583763485537418,1.0056271085181536,0.6368476534797988,-1.2250403141167767,0.932878894055731,1.451074516303425,1.4634294842196163,1.4165097680018208,1.0197808953198306,1.156954223564074,2.0059400530078473,1.5351486858091494,-0.9341642630328226,1.1295196291874454,0.6120877323229034,1.4030808848931031,-0.2638629758532803,-0.5905116907839039,0.13331325730642182,1.2524252358177663,1.1216879134716782,1.3443208075607251,2.0037823174670555,3.8745886220047643,-0.6652566504981302,1.4077053312950916,3.537688625023025,-0.6843474344596925,-0.29780665305734566,-0.31952102480484756,0.7373951666044422,1.055322312983741,-1.2447909609817978,1.166972680095575,1.2259724858228669,-0.9015882539273167,0.9709532455817544,1.177335569839366,0,11.291666666666675,-13.208333333333336,Cephalophus_niger,75
992,-0.5376728919828359,-0.3269464640287406,1.46894153722071,1.225147195189854,0.7320242933005519,0.6986157605994442,-1.2458850017769547,0.9930977421458185,1.2541346897013477,1.2712856799952574,1.3010823774422562,0.8285095747610262,1.156954223564074,1.7756126899660272,1.0905243909891944,-1.097481679120735,0.8194826583269785,0.45069623667507774,1.248885968781764,-0.16693489635212602,-0.26024633285576193,1.4577802069504107,1.1107043411516269,0.8939565045313052,1.2462747350009566,1.8770680351766178,3.393263813705202,-0.6021878116605304,1.1715099241084337,3.148846621425336,-0.5989399354236461,0.004269433931082226,-0.30025721765465485,0.482138188913337,1.055322312983741,-1.2676742969897745,0.8959163023677466,1.165935253853683,-1.0174596287834174,0.8007404428009018,1.0065638582854797,0,11.125000000000009,-12.791666666666668,Cephalophus_niger,77
993,-0.7074818566325983,0.04063373782855314,-0.6327476238120783,0.8236944676722407,0.03551208526837531,0.16329219112964155,-1.3570565919905633,1.255719063203625,1.4735819250579485,1.4853887761309716,1.213357560616987,1.2588700460183362,1.156954223564074,1.300828270691493,0.9231535602312814,-1.5920968165393317,0.1261592004987662,0.240751328553345,1.4056086704031252,-0.41865856550437736,-0.17767999337372647,-0.6051550362017857,1.265922463881208,1.0181736366805996,1.3590277184446904,0.8677232348631312,1.0936008407184066,-0.22377477863493134,0.10863059176847335,0.9465259631177323,-0.07700521909225172,0.24275055523773584,1.2023197400603802,-0.9217751883877416,1.5876047783910991,-1.354592514431838,0.7216657738284282,1.536164850996984,-1.6837200342059975,1.0371471133298638,1.240765062702238,0,6.791666666666676,3.0416666666666665,Cephalophus_niger,129
994,-0.9991342833695611,0.48989842898746777,0.37240806189925524,0.860779715858409,-0.5162407745745912,0.24564966217574388,-1.419590605273521,1.290600742376183,1.3538103570428073,1.368533972745545,1.1948891781274567,0.9480541501102789,1.156954223564074,1.3792170943612503,0.7829987219268478,-1.4996206859621108,0.24974304780859338,0.5359560171253983,1.304497250002247,-0.31449704723448024,-0.5905116907839039,0.3020272233481307,1.1781904814688362,0.8629022214939817,1.3198092894207831,0.9798726571201852,0.8618518589445435,0.24924151264706748,-0.3342357967065101,0.8258508585529322,0.7580903270379793,0.8945989534759223,0.788147886331236,-0.7303324551194128,1.684383408465164,-1.411897002922402,0.634540509558769,1.4661214136996028,-1.647510229563466,1.0276908465087053,1.1285436522525414,0,6.041666666666676,-5.458333333333332,Cephalophus_niger,138
995,0.07688370645598923,0.8983208754955719,0.1896524826790128,1.2499470749379205,0.14692383162775274,-0.186727103002049,-1.3466342481604743,0.6551536144854914,1.5394964792676233,1.5496981310142264,1.291848186197491,1.1512799282040087,1.156954223564074,1.6525132848512556,1.279435057785053,-1.3127985921134486,0.6996197866196553,0.439626212731213,1.4397337747884216,-0.31883711049572594,-0.26024633285576193,-0.5025856583087911,1.3131627621032544,1.1216879134716782,1.3982461474685979,0.7279005785426482,0.8618518589445435,-0.5075845534041307,0.2562527212601345,0.6079652530887095,-0.44710438158178595,-0.05932553175069207,1.7465222920533257,-0.06028288868026159,1.490826148317034,-1.348439012312046,1.0120833213939588,1.4761276190278,-1.3795576752087328,1.0182345796875467,1.2554026379782854,0,8.041666666666679,-0.9583333333333334,Cephalophus_niger,114
996,0.06481768849209929,0.48989842898746777,0.281030272289134,1.5272374709681933,1.0010798791103905,-0.5985143815311871,-1.1103945982492325,0.05094752891563632,1.5189986605804684,1.529699490166385,1.4395952461137338,1.2469155884834109,1.156954223564074,2.1083294936428136,1.2877309359931042,-1.1434645380822868,1.0703716273986752,0.6695751030844745,1.4523727023385313,-0.31015698397323455,-0.17767999337372647,-0.5599549504548507,1.2996655340398127,1.2355536179418647,1.3345162003047484,0.32008449760790625,1.4679645805069546,-0.6652566504981302,1.6734251643800817,1.137594878678666,-0.6843474344596925,-0.6104819009927359,-0.584398373119998,0.8650236554499948,0.9585436829096758,-1.148642490360046,1.1863338499332772,1.1809445618459788,-0.8219266837137473,1.0560596469721808,1.0895101181830815,0,12.375000000000009,-6.375000000000001,Cephalophus_niger,62
997,0.16248730836683314,0.04063373782855314,0.4637858515093765,1.2597818710440352,0.3913472422670299,0.986866901590665,-1.3987459341792017,1.2620657045909196,1.0969847464331592,1.117962766828473,1.3518704292884647,0.2905589856893886,1.156954223564074,1.9565841051166901,1.261097116275528,-1.2286620721870651,0.6671082441876578,0.45574598123413157,1.1224966932806661,-0.21612227997957742,-0.17767999337372647,1.0608298596106425,1.0027265166440922,0.6144679571953929,1.1972516987210724,2.426163258435181,2.7158437131354485,-0.2868436174725312,0.28577714715846675,2.723131669210624,-0.04853605274690294,1.2231729428317561,0.25357723791338693,0.8650236554499948,1.2972688881689038,-1.384783134207068,0.7216657738284282,1.0508638925794138,-0.981249824140886,0.6683527073046831,0.9626511324573374,0,8.875000000000009,-10.791666666666668,Cephalophus_niger,104
998,1.4270027254837268,0.36737169503503647,0.4637858515093765,1.7746471578801173,1.0241959256559325,-1.2161954527276417,-0.9783783203754459,-0.37014194001446366,1.672531341727394,1.6794932314188442,1.4211268636242034,1.3186423336929625,1.156954223564074,2.000327160305899,1.417989059863372,-0.5774632548958869,1.5884054861828365,1.0782004920724122,1.5383174096792778,-0.3463241778169488,-1.0859097276761167,-0.6073565998985591,1.4076433585473473,1.432230743844914,1.3394185039327366,-0.4926346922549009,0.11312437936744718,-0.6652566504981302,2.5591579413300485,0.0314064201679975,-0.6938371565748087,-0.9867521146099005,-0.6181100356328353,1.2798162441980407,0.9101543678726434,-1.0411485002049277,1.5154737371742117,1.210963177830571,-0.6191517777155707,1.3681164520704105,1.1578188028046361,0,15.708333333333346,-13.791666666666668,Cephalophus_niger,22
999,-0.8390126578400281,0.5715829182890886,0.281030272289134,1.0656639558012648,-0.339649519505332,0.1427028118629099,-1.4126423870973674,1.1089109226682123,1.396011748457538,1.4097076450793362,1.2272088474841347,0.8882818624356525,1.156954223564074,1.5578659739576841,1.086158150988967,-1.55628909335075,0.4076016498269238,0.6732652098479334,1.3323028906124885,-0.32896392477196595,-0.34281267233779744,-0.28628970976885687,1.2119335516274408,0.9043079322104131,1.3345162003047484,1.0177412932069827,0.7192371009298585,0.12310383497186779,-0.27518694490984563,0.6984715815123097,0.2646247770519337,0.5713245445935697,1.5875958830642354,-0.28363274415997863,1.7811620385392293,-1.4047820160963924,0.7603881135038323,1.4561152083714053,-1.5388808156358715,1.0655159137933392,1.177335569839366,0,6.958333333333344,0.7083333333333309,Cephalophus_niger,127
1000,1.2430774573303767,0.44905618433665734,0.281030272289134,1.7047731402122346,0.9245315740890414,-0.2896739072940588,-1.221566188462841,0.26909341405594517,1.4410265659665844,1.453626228902047,1.4950003935823248,0.9600086076452042,1.156954223564074,2.3183337845720766,1.491341270053855,-1.1101517455544496,1.2648545391963375,0.8688382011926454,1.401816992138092,-0.24939609831579457,0.1525853645544154,-0.5451851560261846,1.2456766217860453,1.1216879134716782,1.3345162003047484,0.8560713468364243,1.7621075189122424,-0.6337222310793303,1.2305587759050982,1.7510266602164004,-0.6463885459992275,-0.25011042879601497,-0.5362388552445161,1.4393518552549815,1.2004902580948387,-1.2384451619207621,1.21537560468983,1.1409197405331897,-0.742265113500178,0.9614969787605959,1.104147693459129,0,10.875000000000009,-8.541666666666668,Cephalophus_niger,80
1001,-0.523273885823431,1.0208476094480032,-0.906880992642442,1.3832254637061412,0.7062558890116974,-0.4749782286529951,-1.2528332199531083,0.254383127179326,1.588530476911406,1.5975380169639646,1.2964652818198736,1.3545057062977384,1.156954223564074,1.6666425350356224,1.3462380190132908,-1.1368685222634782,0.8126276476153702,0.4538037261965706,1.4485810240734984,-0.4475923205793487,-0.7556443697479748,-0.413372901777933,1.346905832261859,1.2459050456209726,1.3982461474685979,0.42640797585160684,1.3431766672441052,-0.6337222310793303,1.1715099241084337,1.0269760328275992,-0.6558782681143437,-0.11762091695898517,2.3485162654968494,0.2906954556450081,1.1521009430578062,-1.2499829783953722,1.1863338499332772,1.3960779764022215,-1.1333310036395183,1.0182345796875467,1.240765062702238,0,10.708333333333343,-1.4583333333333333,Cephalophus_niger,82
1002,-0.5260761577941359,0.08147598247936355,0.1896524826790128,1.2168316422498424,-0.2589330172324748,0.8839200666181058,-1.4786505260342608,1.8263226772047105,1.3188434898706016,1.3344186442404038,1.2595285168408128,0.7448283720165492,1.156954223564074,1.7787093055924375,1.1536886338204164,-1.5844569403281723,0.5793654220170401,0.6326746281429098,1.2602610035768627,-0.2031020901958403,-1.1684760671581522,-0.4327345013536798,1.1579446393736734,0.7697393723820108,1.3149069857927946,2.190212525894366,2.46626788660975,0.18617267380946764,-0.06851596362152004,1.8750538510191117,0.5967650510810029,0.8469027292145916,3.3261544783691317,0.19497408901084362,1.926329983650327,-1.4524716575247811,0.7313463587472792,1.3660593604176294,-1.4302514017082768,0.8953031110124866,1.1187852687351763,0,6.37500000000001,-9.125000000000002,Cephalophus_niger,134
1003,-0.8847823099881811,0.28568720573341566,0.646541430729619,1.1568253263224153,0.8544256592567299,0.7603838523788149,-1.3396860299843207,1.1703104853822663,1.3546141930697546,1.3693182331709506,1.1856549868826916,0.9480541501102789,1.156954223564074,1.4612833152148172,1.2177263023126372,-0.9946469722830559,0.6553568826390544,0.2477430318034481,1.240038719496687,-0.27977654114451456,-1.2510424066401875,-0.08435844155326379,1.184939095500557,0.9353622152477367,1.3198092894207831,1.90182829723337,2.5286618432411743,-0.5075845534041307,0.7581679615317825,2.635977427024935,-0.49455299215736725,0.3964383889686904,4.66017312351998,0.09925272237667916,1.055322312983741,-1.3349782264250007,0.9346386420431506,1.2860097177920509,-1.1622988473535436,0.8669343105490112,1.113906076976494,0,9.958333333333343,-11.958333333333336,Cephalophus_niger,91
1004,0.8428529242024515,0.5715829182890886,0.281030272289134,1.4417125364674652,0.9268054779097469,-0.5573356843588227,-1.117342816425386,0.05832729559890146,1.5141756444187848,1.5249939276139517,1.4996174892047074,1.4023235364374396,1.156954223564074,2.2709134798679003,1.4054726236366892,-1.0368671307720514,0.8964531500367612,0.4658448776592159,1.4827061284587948,-0.32896392477196595,-0.34281267233779744,-0.49644524137463336,1.2929169200080917,1.2666079009791882,1.3492231111887136,0.3419317876579817,1.1738216421016667,-0.6652566504981302,1.4962786089900881,1.1007219300616438,-0.6938371565748087,-0.4779923891557062,-0.6132940838452872,0.6735809221816659,0.8617650528356108,-1.1574881496572471,1.205695019770979,1.1859476645100777,-0.814684722785241,1.0087783128663883,1.1285436522525414,0,11.291666666666675,4.708333333333331,Cephalophus_niger,75
1005,1.1456341839229691,0.1631604717809844,-0.7241254134221995,1.6356017076945464,0.9813742546206708,-1.0514805413159865,-0.9610077583692034,-0.2564935405992675,1.6359568025012938,1.6438093820628918,1.3888071942675253,1.509913654251767,1.156954223564074,1.9980043294139853,1.0627262257998116,-0.9333039131434128,1.221374919855859,0.9426394474222867,1.525678482129168,-0.42299862876562305,-0.26024633285576193,-0.508112783887651,1.3806489024204638,1.421879316165806,1.3394185039327366,-0.2829007077741765,0.4161807401486528,-0.6652566504981302,2.116291552855065,0.2962212329629757,-0.703326878689925,-0.6263806424131795,-0.6229259874203835,0.896930777661383,0.8617650528356108,-1.0509556442083465,1.3993067181479995,1.2409817938151628,-0.7495070744286843,1.2073599161107165,1.113906076976494,0,14.041666666666675,-2.6250000000000013,Cephalophus_niger,42
1006,-0.20107673410778712,0.5307406736382781,-0.26723646537159335,0.6040088745467888,-0.09219442984966356,0.16329219112964155,-1.384849481261036,1.3335510385238116,1.4108827149560623,1.4242164629493388,1.1533353175260135,1.163234385738934,1.156954223564074,1.0401130225726494,0.7557827294733683,-1.4853618288634802,-0.06969483298103303,-0.030565164058569242,1.3424140326525762,-0.37091786963067447,-0.8382107092300103,-0.4438130137699716,1.2186821656591615,0.914659359889521,1.3296138966767599,0.6842059984424973,1.7442806741604069,0.21770709322826756,0.5810214061417891,0.9901030842105768,0.16972755590077107,0.041366497245450565,0.31136865936396524,-1.3046606549243995,1.5392154633540664,-1.380168007617224,0.5667764151268119,1.5311617483328854,-1.7923494481335922,0.9898657792240714,1.1919731451154134,0,5.208333333333344,-1.2083333333333333,Cephalophus_niger,148
1007,-0.3037374318440737,0.28568720573341566,0.5551636411194977,1.163164148064945,0.3761891363018972,1.2339393607497962,-1.419590605273521,1.9807072700995576,1.3236665060322852,1.339124206792837,1.1948891781274567,0.6970105418768481,1.156954223564074,1.534639732402341,1.1761018955193607,-1.165357530124911,0.5915085753104737,0.32135002289468206,1.2059136151113907,-0.2768831656370174,-0.9207770487120457,-0.5565192921063824,1.1646932534053942,0.8421993661357658,1.3198092894207831,2.9839973977137744,3.3308698570737776,-0.38144687572893093,0.4038748507517957,3.527632366309292,-0.0580257748620192,1.302666649933974,5.941216299007799,0.13115984458806731,1.2972688881689038,-1.4117047059811585,0.8184716230169383,1.2810066151279522,-1.241960417567113,0.8669343105490112,1.0992685017004464,0,8.625000000000009,-11.375000000000002,Cephalophus_niger,107
1008,-0.7342243823148754,0.04063373782855314,0.281030272289134,0.7231065303388865,-0.5139671598707096,0.08093470474326445,-1.3883235903491127,1.2186233939693925,1.4064616168078525,1.4199030306096083,1.1764207956379265,1.127371013134158,1.156954223564074,1.1858581830230495,0.837576055701115,-1.5235957975531782,0.030190843633479934,0.33222593987339544,1.3411501398975652,-0.33330398803321165,-1.333608746122223,-0.27362255448884415,1.2186821656591615,0.914659359889521,1.3296138966767599,0.6944014004658658,1.0222934617110642,0.18617267380946764,-0.06851596362152004,0.7252882714155986,0.5113575520449565,0.4070375499156528,0.35471222545189895,-1.0813107994446824,1.5876047783910991,-1.383629352559607,0.586137584964514,1.506146235012392,-1.741655721634048,1.0655159137933392,1.1968523368740958,0,5.62500000000001,-0.5416666666666691,Cephalophus_niger,143
1009,-0.8598980901193876,0.8983208754955719,0.1896524826790128,1.3272870818955653,0.4421268538827007,-0.22790580017441334,-1.3049449059718357,0.5326003461525953,1.5628077240490936,1.572441683350987,1.2872310905751083,1.211052215878635,1.156954223564074,1.6186415964428889,1.4005243219386543,-1.1653059287358734,0.7936297824598666,0.405638823999478,1.4346782037683776,-0.3304106125257145,-0.34281267233779744,-0.5505573568383606,1.3266599901666962,1.1734450518672175,1.3982461474685979,0.7279005785426482,1.1381679525979957,-0.5391189728229305,0.5514969802434568,0.9766947392589324,-0.49455299215736725,-0.3508024577921576,2.2762769886836267,0.16306696679945545,1.3456582032059363,-1.3130563751232414,1.089528000744767,1.431099695050912,-1.2564443394241256,1.0182345796875467,1.2651610214956504,0,8.958333333333346,0.1249999999999988,Cephalophus_niger,103
1010,0.09781055000002245,0.08147598247936355,0.1896524826790128,0.906768829840982,-1.3275753678595854,1.4192436207476335,-1.4334870581916868,3.185380311407724,1.330499112261337,1.3457904204087843,1.2087404649946045,0.9241452350404283,1.156954223564074,1.4150242782877551,0.9576464342883135,-1.5311955549096312,0.28675974703183227,0.3800024799669294,1.289330536942115,-0.2031020901958403,-1.1684760671581522,-0.5549608192916277,1.1646932534053942,0.831847938456658,1.3247115930487714,3.1602322041177167,2.2701725943395576,2.2989787748690627,-0.6294800556898325,2.2169666472860454,3.0261339125507662,2.12940120379704,2.7819519263761863,-0.6027039662738601,1.684383408465164,-1.4182428019834377,0.634540509558769,1.4411059003791094,-1.6113004249209346,0.9709532455817544,1.1236644604938588,0,5.37500000000001,-8.125000000000002,Cephalophus_niger,146
1011,0.8395315959349458,0.8983208754955719,0.1896524826790128,1.281461299516174,0.345494181332201,-0.31026325588024095,-1.2875743439655933,0.44546986781432935,1.4546917784246878,1.4669586561339412,1.2179746562393696,1.031735352854756,1.156954223564074,1.5433495360683842,1.2119045749536037,-1.1569662480695828,0.7720860180868118,0.33008957787068305,1.349997389182642,-0.3304106125257145,-0.34281267233779744,-0.46859755247143636,1.2524252358177663,1.049227919717923,1.3394185039327366,0.5968168382421954,0.7370639456816941,-0.4445157145665308,0.3448259989551312,0.6548944604194652,-0.44710438158178595,-0.24481084832253378,1.8139456170790003,0.19497408901084362,1.3456582032059363,-1.3134409690057283,1.0024027364751078,1.3810686684099254,-1.2492023784956192,0.904759377833645,1.1870939533567308,0,8.708333333333345,2.7916666666666665,Cephalophus_niger,106
1012,-1.5129587376111904,1.0208476094480032,-1.272392151082927,1.7537355275425937,1.2720297583510318,-1.0308911927298043,-1.2041956264565985,-0.23233708630570446,1.5045296120954177,1.5155828025090852,1.4442123417361163,1.0197808953198306,1.156954223564074,2.1338782707523856,1.8581016547776958,-0.6713102880475418,1.1397038237567272,0.9451643197018136,1.413192026933191,-0.504013142975543,-0.5905116907839039,-0.5971915116390469,1.2861683059763709,1.1009850581134624,1.3149069857927946,-0.24066261367736394,0.6835834114261872,-0.6652566504981302,2.470584663635052,0.5174589246651095,-0.703326878689925,-0.3031062335308269,-0.6132940838452872,1.5988874663119224,1.3456582032059363,-1.2317147689772394,1.2540979443652343,1.1759414591818802,-0.7639909962856969,1.1979036492895578,1.1968523368740958,0,14.625000000000009,-15.958333333333336,Cephalophus_niger,35
1013,1.5638547754467296,-0.08189299612387813,-0.5413698342019571,1.5537362785886717,0.9711426993363801,-0.8661762813181489,-1.0999722544191435,-0.1051099432188132,1.5877266408844586,1.596753756538559,1.4349781504913512,1.3664601638326637,1.156954223564074,2.129813833532485,1.153834315802012,-1.1418987124860334,1.1109132569272337,0.7567771385723561,1.519359018354113,-0.3810446839069145,-0.095113653891691,-0.570470875589707,1.346905832261859,1.3183650393747275,1.3835392365846326,-0.03384160120331623,0.7638042128094475,-0.6652566504981302,1.7029495902784137,0.5878527356612429,-0.6938371565748087,-0.7164735104623597,-0.6181100356328353,0.7693022888158303,1.0069329979467085,-1.1559497741272993,1.2928202840406382,1.2760035124638536,-0.8798623711417978,1.0844284474356563,1.1383020357699063,0,12.875000000000009,-1.6250000000000009,Cephalophus_niger,56
1014,1.0410176104300408,0.612425162939899,0.1896524826790128,1.5462539361957828,1.0317748340800867,-0.6808718985981136,-1.152083940437871,0.02688949253102674,1.5953630831404575,1.6042042305799118,1.490383297959942,1.4142779939723646,1.156954223564074,2.1824598432336764,1.3051956739178219,-1.1374822077111246,1.0466731578538226,0.6511248656136922,1.5459007662093436,-0.36368443086193164,-0.26024633285576193,-0.5939678458201172,1.35365444629358,1.3494193224120512,1.3982461474685979,0.20502210334417548,1.075773995966571,-0.6652566504981302,1.584851886685085,0.906300928262799,-0.6938371565748087,-0.5415873548374804,-0.6132940838452872,0.7373951666044422,1.055322312983741,-1.1622955731883349,1.2928202840406382,1.3010190257843468,-0.9160721757843292,1.0655159137933392,1.177335569839366,0,11.708333333333346,2.2916666666666665,Cephalophus_niger,70
1015,0.2720853475676698,-0.16357748542549896,1.46894153722071,1.341255224531039,0.03551208526837531,0.5133114430755765,-1.4265388400155334,1.2036179284367816,1.3481835048541766,1.3630441497677062,1.2549114212184302,0.8046006596911756,1.156954223564074,1.798258297632813,1.3554068787299576,-1.4445525517727187,0.596992464339945,0.5858690673949005,1.2589971108218516,-0.16982827185962318,-0.8382107092300103,-0.5607282193752405,1.1781904814688362,0.8421993661357658,1.3198092894207831,1.6993767427693374,2.1453846810767083,-0.19224035921613142,0.10863059176847335,1.7208578840752002,0.21717616647635238,1.1489788162030194,3.3454182855193246,0.482138188913337,1.684383408465164,-1.421896443867064,0.8378327928546404,1.3160283337766427,-1.2781702222096445,0.8669343105490112,1.1334228440112237,0,6.958333333333344,-8.208333333333334,Cephalophus_niger,127
1016,1.341977037851589,0.9391631201463824,0.281030272289134,0.9455859115339027,-0.22255359182783882,0.34859649714830315,-1.3779012630848826,1.3275979186305933,1.432988205697112,1.4457836246479916,1.2041233693722218,1.0556442679246063,1.156954223564074,1.3505712586187408,1.0420595933466732,-1.3578293109263933,0.37097674234851524,0.5738279159322552,1.362636316732752,-0.2667563513607774,-0.26024633285576193,-0.567527432198667,1.2389280077543243,0.9560650706059524,1.3443208075607251,1.1633898935408191,1.164908219725749,0.09156941555306787,-0.2161380931131812,0.9565822218314657,0.39748088666356135,0.7515102806919302,1.2023197400603802,-0.6346110884852483,1.5876047783910991,-1.3868984005607465,0.7700686984226832,1.4961400296841947,-1.5895745421354157,1.103340981077973,1.2017315286327783,0,6.37500000000001,-2.6250000000000013,Cephalophus_niger,134
1017,-1.1298175691395582,0.5715829182890886,0.09827469306889156,1.25991269586905,1.506979678018528,0.1427028118629099,-1.2458850017769547,0.61062908221982,1.4856394654621572,1.4971526825120547,1.3980413855122904,1.1393254706690834,1.156954223564074,1.7674835201885415,1.3986322327874443,-0.8062818778758967,0.9769491697509403,0.35494904952285844,1.413192026933191,-0.3116036717269831,-0.7556443697479748,-0.5665852687223832,1.2726710779129289,1.0906336304343547,1.3492231111887136,1.1604769215341424,2.965419539661147,-0.6652566504981302,1.8800961456684073,2.7130754104968906,-0.6938371565748087,-0.9549546317690134,-0.5121590963067751,0.19497408901084362,0.9101543678726434,-1.269789563343453,1.0604862459882138,1.2659973071356563,-1.0391855115689363,1.0466033801510222,1.1822147615980485,0,12.125000000000009,-14.791666666666668,Cephalophus_niger,65
1018,-0.5671851004847628,0.36737169503503647,-0.26723646537159335,1.7434593970801404,1.0908911293155978,-1.0926592384883507,-0.9714301353310102,-0.2953603193048841,1.7151346511555985,1.7210590339653382,1.4765320110927944,1.5457770268565427,1.156954223564074,2.1367814401951715,1.5435900239226046,-0.7394900761342315,1.395293397217773,0.9304038926479783,1.5888731198797168,-0.34343080230945167,0.4828507224825573,-0.5572547017240812,1.4346378146742311,1.5046907375986691,1.3737346293286556,-0.3309647458843425,0.5142283862837488,-0.6652566504981302,2.3820113859400553,0.2928691467250646,-0.703326878689925,-0.8012667980380589,-0.6229259874203835,1.1202806331411,0.8617650528356108,-1.0476865962072068,1.5057931522553607,1.2309755884869655,-0.6553615823581023,1.339747651606935,1.2114899121501432,0,14.875000000000009,-11.958333333333336,Cephalophus_niger,32
1019,1.1414693562548275,0.8166363861939511,-0.3586142549817146,0.8809071949581907,0.9374160653502925,1.3780649235752693,-1.2841002183116577,2.426051686303043,1.319647325897549,1.3352029046658094,1.1302498394141005,1.031735352854756,1.156954223564074,1.2505046488756881,0.9302850929675257,-1.0664517404457794,0.4890767006288711,0.036244378920968906,1.2804832876570382,-0.33330398803321165,-0.6730780302659393,0.9021765679260045,1.1579446393736734,0.9250107875686288,1.2756885567688871,3.0247790058072486,5.657273097188328,-0.5706533922417305,1.348656479498427,5.103112898127517,-0.5325118806178323,-0.7429714128297658,8.204713639155448,-0.5388897218510839,1.1521009430578062,-1.2920960085276996,0.8184716230169383,1.4060841817304188,-1.4230094407797707,0.7818279091585849,1.1285436522525414,0,9.708333333333343,-13.041666666666668,Cephalophus_niger,94
1020,1.2736330453594094,0.8983208754955719,0.1896524826790128,1.2629350285262166,0.009743391862696982,-0.2690845587078766,-1.3153672498019249,0.5469170364642694,1.5616019700086727,1.571265292712879,1.2964652818198736,1.2230066734135603,1.156954223564074,1.6581261775532035,1.2782709343894378,-1.3142152847943014,0.7143088391306402,0.4452582781857211,1.458692166113586,-0.31883711049572594,-0.26024633285576193,-0.5541580455503292,1.3266599901666962,1.1630936241881096,1.4031484510965864,0.6288595303156395,0.8351115918167901,-0.6021878116605304,0.31530157305679896,0.5543318732821317,-0.5135324363875998,-0.11232133648550398,1.6694670634525546,-0.028375766468873437,1.3940475182429688,-1.3242095977153645,1.0604862459882138,1.4761276190278,-1.3433478705662012,1.0276908465087053,1.2651610214956504,0,8.541666666666679,-1.6250000000000009,Cephalophus_niger,108
1021,-0.7212596279852282,-0.20441973007630937,0.281030272289134,1.073489513931731,0.8801943526624082,0.43095397202947416,-1.2111438777644696,0.7584703480512033,1.0170030617519075,1.0399288545006213,1.171803700015544,0.6252837966672964,1.156954223564074,1.7212244832614794,0.910782805986194,-1.3250155185337957,0.4702748807705519,0.43341123368822726,1.0668854120601832,-0.1336610780159089,1.2259477778208765,0.018599531021573447,0.948737604390325,0.6351708125536086,1.1041079297892922,1.3541895599781448,2.46626788660975,-0.6021878116605304,1.2305587759050982,2.421443907798624,-0.6179193796538787,0.9793922410516214,-0.5795824213324499,0.5140453111247252,1.2004902580948387,-1.253252026396512,0.5958181698833649,1.0408576872512163,-1.0609113943544553,0.6588964404835247,0.8601881055250056,0,11.375000000000009,-12.208333333333336,Cephalophus_niger,74
1022,-0.5611719741767948,1.184216588051245,2.19996385410168,1.6307659754430799,1.1553130073882056,-0.9485336756628776,-1.0026971336895596,-0.2017356853221966,1.5314581189981507,1.5418555267601708,1.4118926723794383,1.342551248762813,1.156954223564074,2.135426726234433,1.2222380022182686,-0.8826638362787141,1.203356384637662,0.7971736133122282,1.46374773713363,-0.41576518999688017,0.8956824198927347,-0.6052740667788089,1.3064141480715337,1.3080136116956198,1.3100046821648061,-0.13579562143700172,0.7727176351853653,-0.6652566504981302,2.0867671269567327,0.5543318732821317,-0.703326878689925,-0.5044902915231121,-0.6229259874203835,1.1202806331411,0.9101543678726434,-1.0796078884536284,1.3121814538783403,1.150925945861387,-0.6843294260721275,1.0938847142568147,1.0651141593896691,0,13.625000000000009,-6.208333333333332,Cephalophus_niger,47
1023,0.9283752836639991,0.8983208754955719,0.1896524826790128,1.4260941264127864,0.4826746210972568,-0.33085266582752204,-1.3223154679780782,0.3839718121204532,1.4723761710175276,1.4842123854928633,1.2410601343512826,1.0436898103896812,1.156954223564074,1.6501904539593417,1.3433270442956782,-1.1011868969061815,0.9273981231885141,0.4372954474168375,1.3474696036726201,-0.3304106125257145,-0.34281267233779744,-0.43190533371091877,1.265922463881208,1.059579347397031,1.3492231111887136,0.6259465583089627,1.075773995966571,-0.6021878116605304,0.8762656651251114,1.1610594823440439,-0.5989399354236461,-0.4991907110496309,2.541154336998777,0.5778595555475015,1.4424368332800015,-1.320171361949251,1.1088891705824688,1.3660593604176294,-1.147814925496531,0.9236719114759621,1.1919731451154134,0,9.375000000000009,2.2916666666666665,Cephalophus_niger,98
1024,0.0025634561903683357,0.8983208754955719,0.1896524826790128,1.3030101025913847,0.4561478633790686,-0.2690845587078766,-1.3014707803179002,0.4379425118030684,1.383150372026382,1.3971594782728474,1.1995062737498392,0.8882818624356525,1.156954223564074,1.5677371930696842,1.3402708317488532,-1.1508749736531796,0.8051850987112855,0.3545605392460439,1.289330536942115,-0.3304106125257145,-0.34281267233779744,-0.5954386895124288,1.2051849375957198,0.9767679259641681,1.3051023785368177,0.65507627837573,0.9420726603278038,-0.4760501339853307,0.5219725543451246,0.8727800658836877,-0.48506327004225097,-0.3508024577921576,2.1269824832696327,0.41832394449056065,1.3940475182429688,-1.3172869078305984,0.9733609817185547,1.3260345391048403,-1.1912666910675689,0.8385655100855357,1.167577186322001,0,9.125000000000009,3.1249999999999987,Cephalophus_niger,101
1025,-0.56580753402684,-0.16357748542549896,1.46894153722071,1.3888617002984764,-0.08575232877744997,0.7192051245259011,-1.454331729286006,1.5030395899310915,1.375915847783857,1.3901011344441976,1.2872310905751083,0.8763274049007272,1.156954223564074,1.9062606309697276,1.3228060938241353,-1.480033372810124,0.25934000303493737,0.764739672994728,1.294386107962159,-0.16982827185962318,-0.8382107092300103,-0.49115651200954025,1.198436323563999,0.831847938456658,1.3443208075607251,2.046020411563868,2.368220240474654,-0.06610268154093174,-0.06851596362152004,2.0124893867734674,0.42595005300891015,1.021788884839471,3.7017987177978906,0.5459524333361133,1.8779406686132945,-1.4513178758773202,0.8571939626923424,1.3560531550894321,-1.3216219877806823,0.9614969787605959,1.1626979945633185,0,7.37500000000001,-9.625000000000002,Cephalophus_niger,122
1026,-0.061221215314233676,0.6532674075907094,-0.5413698342019571,1.1556816062439692,1.2780931163838145,-0.3720313629998864,-1.3779012630848826,0.31189612087557794,1.35742761916407,1.37206314465987,1.3749559074003774,1.031735352854756,1.156954223564074,1.933938497449904,1.2971909375967705,-1.1752114349984173,-0.10122734432526224,0.3442672395092965,1.2969138934721811,-0.43746550630310876,-0.5905116907839039,-0.5639569771236407,1.184939095500557,0.8421993661357658,1.2903954676528524,0.4482552659016823,2.350393395722818,-0.6652566504981302,2.588682367228381,1.8750538510191117,-0.703326878689925,2.4791735150467984,-0.6181100356328353,0.2587883334336199,1.2488795731318711,-1.3678610033776397,0.7797492833415343,1.2209693831587682,-1.1840247301390625,1.0655159137933392,1.0797517346657166,0,13.208333333333346,-16.708333333333332,Cephalophus_niger,52
1027,-0.08162610574803883,0.3265294503842261,-0.906880992642442,0.6428421099147494,-0.11909993060728263,0.49272207531405093,-1.3674789192547936,1.7180368526935776,1.4872471375160516,1.4987212033628659,1.2041233693722218,1.3545057062977384,1.156954223564074,1.1566317133919828,0.7680081348511474,-1.681687925358083,-0.10298995890269122,0.09198374978338644,1.414455919688202,-0.2870099799132574,-1.0033433881940812,-0.5287223023856651,1.2726710779129289,1.0181736366805996,1.3688323257006674,1.051240471283765,1.6729732951530643,-0.09763710095973166,0.31530157305679896,1.338720052953333,0.027381724174027153,0.24805013571121703,1.2263994989981213,-1.3046606549243995,1.490826148317034,-1.3686301911426138,0.64422109447762,1.566183466981576,-1.7851074872050858,1.0466033801510222,1.240765062702238,0,6.541666666666676,3.0416666666666665,Cephalophus_niger,132
1028,1.1568132502848167,1.0616898540988136,-1.0896365718626844,1.6594375520704754,0.9252896384015512,-0.45438888006681294,-1.1416616297394997,0.1547562769552467,1.529046610917309,1.5395027454839543,1.4857662023375595,1.175188843273859,1.156954223564074,2.167362771455819,1.3561346224093607,-0.9270463520255653,1.3439797360779178,0.7668760349974404,1.4864978067238277,-0.402745000213143,0.9782487593747701,-0.48544318127114006,1.3064141480715337,1.276959328658296,1.354125414816702,0.5880779222221653,1.7531940965363246,-0.6652566504981302,1.6734251643800817,1.6068869519862223,-0.703326878689925,-0.6793764471479914,-0.5940302766950943,1.1521877553524882,1.055322312983741,-1.1546036955385948,1.3218620387971913,1.2159662804946696,-0.7712329572142032,1.0182345796875467,1.1334228440112237,0,12.458333333333346,-9.375000000000002,Cephalophus_niger,61
1029,0.8002086703954625,0.44905618433665734,0.281030272289134,1.7206528010607693,0.8483625903407712,-0.186727103002049,-1.2354626579468657,0.3172094868251643,1.4060596987943788,1.4195109003969055,1.490383297959942,0.8404640322959513,1.156954223564074,2.310591802499524,1.4814444445815937,-1.0309765906600865,1.3390833852409227,0.8936975246715649,1.3765391370378726,-0.24939609831579457,0.1525853645544154,-0.5140592966257781,1.2186821656591615,1.0699307750761389,1.3198092894207831,1.0177412932069827,1.8690685874232562,-0.6652566504981302,1.201034350006766,1.9487997482531563,-0.6463885459992275,-0.24481084832253378,-0.5121590963067751,1.566980344100534,1.2004902580948387,-1.257482559103869,1.2540979443652343,1.1259104325408937,-0.6915713870006338,0.9614969787605959,1.0797517346657166,0,10.875000000000009,-9.208333333333334,Cephalophus_niger,80
1030,-0.6288371906136702,0.12231822713017397,0.281030272289134,1.441598064745577,0.8642784715015897,-0.9485336756628776,-0.9332148856645895,-0.2250557375313928,1.4165095671446932,1.4297062859271779,1.2826139949527258,1.2588700460183362,1.156954223564074,1.8600015940426655,0.9381441473069817,-0.9251765193313451,1.039034862502092,0.7264795602575682,1.3386223543875433,-0.2624162880995317,0.8131160804106992,0.1968697720284286,1.2254307796908825,1.1941479072254333,1.2168609132330261,-0.2013374915872281,0.6033626100429269,-0.6652566504981302,1.968669423363404,0.4001359063382203,-0.6938371565748087,-0.5256886134170369,-0.6181100356328353,0.8331165332386067,0.7649864227615457,-1.0336489194964311,1.1863338499332772,1.1008949192204003,-0.7060553088576464,1.0276908465087053,0.9919262830094322,0,13.791666666666675,-3.7916666666666674,Cephalophus_niger,45
1031,0.8286121893948364,0.4082139396858469,0.1896524826790128,0.6994503706692661,0.13745005153914783,0.18388153971582372,-1.3709530283428701,1.3868328879146214,1.524625512769099,1.5351893131442238,1.2318259431065173,1.378414621367589,1.156954223564074,1.2141168310606258,0.7934776090969168,-1.668157474027232,-0.025235883703247856,0.14655773798861624,1.4485810240734984,-0.3506642410781945,0.4002843830005218,-0.5149657774647063,1.2996655340398127,1.0699307750761389,1.388441540212621,0.7919859626895362,1.5660122266420506,-0.25530919805373126,0.4038748507517957,1.0403843777792436,-0.07700521909225172,0.11026104340070605,0.8940988256572961,-1.2408464105016233,1.490826148317034,-1.3638227676115262,0.7023046039907261,1.5861958776379705,-1.7706235653480733,1.0844284474356563,1.260281829736968,0,6.541666666666676,2.5416666666666665,Cephalophus_niger,132
1032,0.6801781526569441,-0.2452619747271198,-1.1810143614728057,1.7435902219051553,1.293630254505202,-1.3603210155531147,-0.8394138243255058,-0.4706543637419522,1.5901381489653004,1.5991065378147757,1.2872310905751083,1.3186423336929625,1.156954223564074,1.740579733780546,1.2718671453325965,-0.29158623845269255,1.6267930082386741,1.33164936445551,1.41192813417818,-0.473632700146823,-0.4253790118198329,-0.5539866123667743,1.346905832261859,1.4115278884866984,1.2413724313729682,-0.7154770507656707,-0.26123936042110096,-0.6652566504981302,2.500109089533384,-0.4177731357120921,-0.703326878689925,-0.970853373189457,-0.6229259874203835,1.2798162441980407,0.8133757377985782,-0.9096173923943716,1.5057931522553607,1.150925945861387,-0.5394902075020014,1.339747651606935,1.0797517346657166,0,16.291666666666675,-3.7083333333333335,Cephalophus_niger,15
1033,-0.5240336409813564,0.6941096522415199,0.281030272289134,1.633575917187684,0.9957745853901177,-0.5779250329450049,-1.1659804099218956,0.10629577904012483,1.5471329215236223,1.557148605055579,1.4719149154704119,1.2588700460183362,1.156954223564074,2.141813994346247,1.3293553427863807,-1.036494368499003,1.2489904103004,0.776781120803885,1.4877616994788387,-0.3506642410781945,-0.5905116907839039,-0.5257567548358575,1.3199113761349754,1.2666079009791882,1.3688323257006674,0.40164771379485464,1.4857914252587903,-0.6652566504981302,1.6439007384817494,1.2884387593846662,-0.703326878689925,-0.6581781252540667,-0.584398373119998,1.0564663887183237,1.2004902580948387,-1.1809483764889546,1.2444173594463832,1.2409817938151628,-0.8653784492847851,1.0466033801510222,1.1431812275285886,0,12.375000000000009,-8.208333333333334,Cephalophus_niger,62
1034,-1.7014160292233176,0.8983208754955719,0.1896524826790128,1.3603534552742627,0.5334539435961035,-0.3926207729471675,-1.2563073124753261,0.34825376839896277,1.5716499203455134,1.5810685480304483,1.2872310905751083,1.2588700460183362,1.156954223564074,1.6381902931455796,1.3797120075039202,-1.1463724899016923,0.864920638692532,0.4252542959541923,1.4447893458084655,-0.3304106125257145,-0.34281267233779744,-0.480308188066716,1.3334086041984172,1.2252021902627568,1.388441540212621,0.526905510081954,0.9955531945833107,-0.6337222310793303,0.8762656651251114,1.0403843777792436,-0.5989399354236461,-0.6051823205192548,2.367780072647042,0.2587883334336199,1.2488795731318711,-1.261713091811226,1.147611510257873,1.4110872843945175,-1.1840247301390625,0.9993220460452299,1.2554026379782854,0,10.041666666666675,-0.4583333333333333,Cephalophus_niger,90
