,0,1,2,3,4,5,6,7,8,9,10,11,12,13,14,15,16,17,18,19,20,21,22,23,24,25,26,27,28,29,30,31,32,33,34,35,36,37,38,39,40,present/pseudo_absent,decimal_latitude,decimal_longitude,taxon_name,row_n
0,-0.4898328082743332,-1.143791357044949,-0.7241254134221995,-0.6150202352198061,-1.6534733812238325,1.3986542721614514,-0.453787334534235,0.26013933618376855,-0.6307603139865966,-0.6951166266382485,-0.051726639915841394,-0.4386629239410534,-0.5412078913906301,-0.6542455517522906,-0.49425905762594485,0.017554672607560117,-0.587141153572718,-1.8886070985268106,-0.33224386773696934,0.5318152887084336,-1.2510424066401875,1.6807914175111762,-0.11079479858985922,-0.46208052143182476,0.05991725702775757,0.6929449144625275,-0.029490378647237823,1.9205657418434634,-1.456163980843135,0.05487102383337532,1.7829803154705355,0.608421607907938,0.8796509702946516,-1.1132179216560705,-0.3479678230902031,-0.43656691693535365,-0.5852131902164593,0.23035505566723316,-0.7712329572142032,-1.4498510606348158,-0.008308027520473682,1,48.03138,7.0088050000000015,Rupicapra_rupicapra,108
1,0.9562879244608175,0.612425162939899,0.281030272289134,-0.5875901981474875,-1.3946497482339175,1.336886165041806,-0.4642096452326063,0.20370871427339834,-0.692856647068272,-0.7956326711610593,-0.04710954429345881,-0.6060253294300073,-0.5412078913906301,-0.5961798001950904,0.3292054563521302,-0.0582076490340857,-0.5614841735780213,-1.6650671645300874,-0.40049407650756214,-0.39406487369065163,1.473646796266983,0.3519653457987904,-0.1850295529387893,-0.5759462259020113,0.015796524375861733,0.6536197923723917,-0.09188433527866252,1.6367559670742642,-1.485688406741467,0.02135016145426415,1.7450214270100706,0.2851471990255854,0.7929638381187841,-0.8898680661763535,-0.29957850805317054,-0.457334986589652,-0.6336161148107144,0.1453023103775559,-0.6843294260721275,-1.2418131905693295,0.5088862988998678,1,44.89673,5.47049,Rupicapra_rupicapra,146
2,-0.5629544361478234,-0.3269464640287406,-0.8155032030323207,-0.6009539739655713,-1.7864852623413503,1.336886165041806,-0.4503132751437348,0.21674627205215258,-0.6184013350722826,-0.68756812004372,-0.042492448671076224,-0.4147540088712028,-0.5412078913906301,-0.6509551576873608,-0.4868364940407967,0.04981205219326153,-0.5601132013206535,-0.013474268036870176,-0.3170771546768376,-0.04685981279099466,-1.0033433881940812,0.8860539441972782,-0.09729757052641738,-0.44137766607360907,0.07462416791172284,0.6142946702822558,-0.06514406815090908,1.7944280641682637,-1.456163980843135,0.014645988978441918,1.6501242058589078,0.5554258031731261,0.7737000309685914,-1.1132179216560705,-0.3479678230902031,-0.4334901658754576,-0.5561714354599063,0.24036126099543048,-0.7639909962856969,-0.08814863838799511,0.0014503559968912518,1,48.09412,7.0987100000000005,Rupicapra_rupicapra,107
3,-0.6097011044609341,-0.3269464640287406,-0.8155032030323207,-0.4404087800141703,-1.0535936650441406,0.5750795463601533,-0.4086238998233786,-0.04813813541550212,-0.2590866310268596,-0.6104818557298999,0.04061527253181032,-0.17566485817269725,-0.32893762702129203,-0.6207609587558305,-0.3915079015390123,0.3859507819918471,-0.2557560153620731,0.28833376168172753,-0.16035445305547635,-0.04685981279099466,-1.0033433881940812,1.1369191144139603,0.05117193817144281,-0.17224054641680464,0.16776793684350294,0.13802374719061075,-0.26123936042110096,0.9745331592794657,-1.2199685736564772,-0.19318335777204731,0.8245183818437931,0.22685181381729225,0.21023367182545324,-0.8898680661763535,-0.29957850805317054,-0.38945416633069535,-0.2463927180566737,0.35042951960560104,-0.6915713870006338,0.1577142989621253,0.11855095820527047,1,47.99951,7.22565,Rupicapra_rupicapra,109
4,-0.44582270693646725,-0.3269464640287406,-0.8155032030323207,-0.5753046302812989,-1.7228214485812523,1.2957074065083427,-0.4433650238358636,0.2067589938131366,-0.5994107089356536,-0.6759022462158125,-0.028641161803928467,-0.378890636266427,-0.32893762702129203,-0.6445679264927573,-0.4730101969178552,0.10038911515004446,-0.5091911825008595,0.03702125130134212,-0.29432708508664,-0.04685981279099466,-1.0033433881940812,1.3967550023808344,-0.07705172843125463,-0.3999719553571776,0.0844287751676997,0.6099252122722407,-0.05623064577499126,1.7628936447494639,-1.4266395549448028,0.02470224769217527,1.6311447616286754,0.5713245445935697,0.7592521756059468,-1.0813107994446824,-0.3479678230902031,-0.42502910046074344,-0.5077685108656512,0.2553705689877265,-0.7495070744286843,-0.050323571103361206,0.016087931272938654,1,47.91438,7.08482,Rupicapra_rupicapra,110
5,-1.1777593375830189,-0.3269464640287406,-0.6327476238120783,-0.640293756674291,-1.8770546129986703,1.5016011378145602,-0.4642096452326063,0.32321170306655617,-0.6557797103253299,-0.7583803009542959,-0.06557792678298915,-0.4864807540807545,-0.5412078913906301,-0.6585036935762895,-0.5128881410224694,-0.031961236139921495,-0.6345377938128848,-1.8926855859154852,-0.3625772938572328,0.9166342312055534,-1.2510424066401875,0.5615010707274106,-0.1445378687484638,-0.5138376598273641,0.04030804251580387,0.8007248787095664,0.04181700036010468,2.109772258356263,-1.456163980843135,0.14202526601906434,1.9727747577728607,0.6720165735897123,1.0144976203460008,-1.1451250438674587,-0.3479678230902031,-0.4446433884675808,-0.6432966997295655,0.2103426450108385,-0.7857168790712158,-1.48767612791945,-0.03270398631388602,1,48.00883,6.95782,Rupicapra_rupicapra,108
6,-0.22944035608586963,0.1631604717809844,0.4637858515093765,-0.4581672528695125,-1.7838326154812139,0.9662775530044829,-0.36693452450302244,0.04952080705472066,-0.41429397056325873,-0.6399896542357836,0.003678507552749635,-0.28325497598702476,-0.32893762702129203,-0.6242449097560161,-0.703690869210014,0.36150530658591523,-0.2902263670934531,0.25415211781158525,-0.2551464096812997,0.01534776062019388,0.8131160804106992,-0.0705028759138441,-0.016314202145766368,-0.25505196784966755,0.1040379896796534,0.40893014381154646,-0.020576956271320012,1.289877353467465,-1.101870870063148,0.07833562749875313,1.071251156836816,0.6561178321692688,0.3498962736643507,-0.7303324551194128,-0.25118919301613796,-0.3588789526729783,-0.31415681248863087,0.25036746632362783,-0.5974258949300518,0.08206416439285749,-0.07661671214202823,1,48.103363,9.144444,Rupicapra_rupicapra,107
7,-1.0944372066743557,-0.653684421235224,0.281030272289134,-1.0205572998144194,-2.104046375248139,2.05751404053027,-0.5684330835334968,0.8483067558541735,-1.028960585835593,-1.029211567861011,-0.31951818601403137,-1.2276571212461218,-1.390288948867982,-0.7196662822631634,-0.17319812228956055,-0.8366636835002123,-1.4923784455119284,-1.9358010028567219,-0.8378009697413603,-0.1336610780159089,0.4002843830005218,5.762693232242566,-0.6304380790323699,-1.3005461634395616,-0.24892787153551327,1.498381674308643,0.5053149639078309,2.9612015826638607,-1.456163980843135,0.5811485631854206,2.798380581787976,0.8416031487411104,1.6839149188151992,-1.623731877038281,-0.5415250832383333,-0.5371382172057059,-1.456465832913051,-0.09484661749917991,-0.9522819804268607,-2.0361396035466415,0.17710125930946008,1,44.96344000000001,6.36179,Rupicapra_rupicapra,145
8,-1.4111319600402297,0.12231822713017397,1.103430378780225,-0.697359505460186,-2.104046375248139,1.4192436207476335,-0.44683908322636384,0.17901107408689443,-0.7992644411354148,-0.822885720943902,-0.11636597862919759,-0.7255699047792601,-0.753478155759968,-0.6507616007521049,-0.7608880358148942,-0.2087345721087112,-0.761255377382278,-0.21293176945670414,-0.5268833520086599,0.30323862361615944,0.8956824198927347,1.407258092527285,-0.27951014938288216,-0.7208662134095214,-0.0675426372999415,0.5895344082255036,0.21117202550254313,1.3214117728862649,-0.9247243146731547,0.3096295779146202,1.1946175443333273,1.021788884839471,0.37397603260209167,-0.9217751883877416,-0.29957850805317054,-0.42041397387089935,-0.8369083981065859,0.04023715443148398,-0.6843294260721275,-0.34346784255927404,-0.26690519073064445,1,47.42524,10.361326,Rupicapra_rupicapra,115
9,1.7538973235180857,-1.3480025802990012,0.0068969034587703275,-0.657300784498145,-1.1987319731103998,1.336886165041806,-0.5093732124703335,0.1958861796061458,-0.6940624011086929,-0.7936720200975454,-0.019406970559163295,-0.4984352116156798,-0.5412078913906301,-0.5805020206942548,0.39615376644767625,-0.269865204363225,-0.9449664069934127,-1.6656498188153672,-0.35499393732716694,0.8515332822868678,0.8956824198927347,2.028762196900253,-0.17153232487534747,-0.5759462259020113,0.05501495339976914,0.5327314540953074,-0.0829709129027447,1.1952740952110652,-1.3675907031481382,0.007941816502619685,1.4603297635565826,0.11026104340070605,0.6533012362798867,-1.208939288290235,-0.39635713812723566,-0.4946405931908916,-0.6916996243238206,0.19533333701854252,-0.8002008009282284,-1.1756193228212202,0.5186446824172328,1,44.22319,6.94446,Rupicapra_rupicapra,154
10,-0.22020228639351558,-0.653684421235224,0.281030272289134,-0.7355230613122928,-1.2851328012597847,1.625137352053851,-0.492002650464091,0.34781092534410657,-0.8762317407156145,-0.8947762599394103,-0.13021726549634535,-0.7972966499888117,-0.9657484201293061,-0.6319870025802007,0.1613980238018136,-0.3296939692801992,-0.8213825596835855,-1.7217775517813436,-0.5445778505788136,-0.1336610780159089,1.143381438338841,2.731124067317807,-0.3334990616366495,-0.8140290625214921,-0.07244494092792994,0.8618972908497777,0.07747068986377594,1.8890313224246635,-1.456163980843135,0.1721940421602644,1.9727747577728607,0.4282358718095775,1.0193135721335491,-1.1132179216560705,-0.3479678230902031,-0.47867994706768086,-0.8949919076196919,0.060249565087878626,-0.7567490353571905,-1.412025993350182,0.40154408020885357,1,44.69732,6.21957,Rupicapra_rupicapra,148
11,1.2241175501033432,0.5307406736382781,0.646541430729619,-0.6021792601315648,-1.3768389954086484,1.4398330306949148,-0.4364167725279925,0.23736043233207885,-0.7272206372202671,-0.8087690332866022,-0.07942921365013692,-0.6897065321744842,-0.5412078913906301,-0.6056638685193679,0.3163979892765435,-0.05946960756327857,-0.5781317365388503,-1.6778852995030478,-0.46621649976813295,-0.25518284933078883,0.8956824198927347,5.3366780536577645,-0.23226985116083573,-0.6380547919766585,-0.023421904648045676,0.7745081306494759,0.0061633108564334285,1.8574969030058637,-1.485688406741467,0.09844814492621984,1.8968569808519307,0.3911388084952092,0.9326264399576817,-0.7941466995421891,-0.29957850805317054,-0.4340670566991881,-0.6723384544861185,0.08526507840837194,-0.6263937386440771,-1.3080070583174388,0.4796111483477731,1,45.06078,6.11335,Rupicapra_rupicapra,144
12,1.6035234751707383,0.5307406736382781,-0.906880992642442,-0.8151012496893623,-2.104046375248139,1.8516204319462508,-0.47463208845784843,0.5693023437510141,-0.906476071229505,-0.94987055482415,-0.19023950858731895,-0.8690233951983634,-0.9657484201293061,-0.6697297374006598,0.057773608611026026,-0.44069632881555887,-0.9600471018244588,-1.8950161474916338,-0.633050343429582,-0.37381124513817166,0.8131160804106992,4.775074057553627,-0.40098520195385867,-0.9175433393125707,-0.12637028083580262,1.2740828297945348,0.2913928268858034,3.0558048409202607,-1.5447372585381316,0.3766713026728425,2.798380581787976,0.968793080104659,1.4045897151374043,-1.2408464105016233,-0.4447464531642682,-0.460411737649548,-1.0305200964836063,0.0002123331186946796,-0.7712329572142032,-1.7997329330176797,0.3527521626220289,1,45.91734,7.11734,Rupicapra_rupicapra,133
13,0.7279689905371861,0.5307406736382781,0.646541430729619,-0.64898513184409,-1.0551094322731305,1.5221904864007423,-0.45726152645160595,0.28621452681214576,-0.796852933054573,-0.8224935907311992,-0.09789759613966725,-0.7255699047792601,-0.753478155759968,-0.6161157030613197,0.26007402625647047,-0.15323626297461418,-0.6621531348326565,-1.6940050309626524,-0.4914943548683525,-0.25518284933078883,0.4002843830005218,2.7285332779508127,-0.2660129213194403,-0.7001633580513056,-0.04303111915999938,0.8254851407663186,0.05073042273602249,1.8890313224246635,-1.485688406741467,0.13532109354324212,1.9348158693123958,0.41763671086261517,1.0000497649833564,-0.9217751883877416,-0.29957850805317054,-0.45041229670488586,-0.7497831338369267,0.08026197574427328,-0.6770874651436212,-1.3458321256020727,0.45033599779567823,1,44.97428,5.9816,Rupicapra_rupicapra,145
14,-0.49339417703627536,-0.653684421235224,0.281030272289134,-1.0411420675174927,-2.104046375248139,2.0781033891164524,-0.5719072091874323,0.8718728528357533,-1.0369989461050655,-1.0299958282864166,-0.33336947288117913,-1.2515660363159722,-1.390288948867982,-0.7241179994810235,-0.195756788374861,-0.8801343179840692,-1.5227358057588205,-1.9398794902453962,-0.858023253821536,-0.1336610780159089,0.4002843830005218,3.30765265054996,-0.6506839211275327,-1.3316004464768851,-0.25873247879149014,1.5129465343420267,0.5142283862837488,2.9612015826638607,-1.456163980843135,0.5945569081370651,2.8078703039030923,0.8469027292145916,1.6983627741778438,-1.6556389992496692,-0.5415250832383333,-0.5419456407367934,-1.495188172588455,-0.10485282282737723,-0.9667659022838734,-2.0550521371889587,0.1624636840334127,1,44.87348,6.3564,Rupicapra_rupicapra,146
15,0.9569102126542932,0.6532674075907094,0.09827469306889156,-0.2759753366522265,-0.3775446398597517,0.34859649714830315,-0.4503132751437348,-0.0807074816883009,-0.12685560459403616,-0.3680146742086853,0.20683071493758343,-0.08002919789329502,-0.11666736265195404,-0.4430797715426496,0.8697404608907251,0.3364232506791277,-0.0888884445841826,-1.4927996778169206,-0.033965177554378584,0.061641768740148144,1.2259477778208765,2.32026387955533,0.14565253461553568,-0.06872626962572602,0.2560094021472946,0.14239320520062584,-0.26123936042110096,0.5015168679974669,-1.2199685736564772,-0.2065917027236918,0.8055389376135607,-0.2713087506899397,0.34026437008925436,-0.4750754774283075,-0.15441056294207287,-0.4536813447060254,-0.0915033593550574,0.35042951960560104,-0.5757000121445329,-0.7879123831537225,0.7577250785926738,1,44.06773,6.18395,Rupicapra_rupicapra,156
16,-1.4371476653581474,-0.5719999319336031,0.09827469306889156,-0.9587865438880293,-2.104046375248139,2.016335343357906,-0.5267437082131406,0.7827743916727621,-1.0000224888654918,-0.9762739891461367,-0.2779643254125881,-1.0961580883619437,-1.390288948867982,-0.704375635091445,-0.10683192941086998,-0.7225583791081742,-1.4030689793486817,-1.9243424130710716,-0.7771341175008334,0.1817168523012795,0.8956824198927347,1.7874803803437682,-0.5562033246834398,-1.1763290312902672,-0.2146117461395943,1.5042076183219966,0.4696612744041597,3.18194251859546,-1.485688406741467,0.5509797870442206,2.94072641351472,0.9210968558433283,1.6502032563023619,-1.4641962659813401,-0.49313576820130073,-0.49579437483835265,-1.3209376440491367,-0.07483420684278526,-0.8798623711417978,-1.9699457357985322,0.23565156041364968,1,45.48655,6.90609,Rupicapra_rupicapra,139
17,1.7420014275063689,-1.3071603356481907,-0.3586142549817146,-0.774666806211577,-1.849012214540103,1.7280842177069597,-0.48158020723884887,0.424068514404513,-0.8952223668522434,-0.9455571224844195,-0.16253693485302345,-0.8451144801285129,-0.9657484201293061,-0.6486325113815001,0.11191445163098539,-0.38557652322167585,-0.8913024436588831,-1.8744294924531681,-0.5951335607792527,0.18461022780877664,0.4002843830005218,-0.276100802920914,-0.373990745826975,-0.8657862009170314,-0.1018587626958605,1.0090023771869525,0.1398646464952006,2.2674443554502623,-1.5152128326397993,0.22582742196684227,2.238486976996116,0.6031220274344569,1.1397123668222537,-1.1451250438674587,-0.39635713812723566,-0.46618064588685315,-0.9627560020516491,0.025227846439187993,-0.7567490353571905,-1.7524515989118872,0.37714812141544124,1,45.04543,6.62098,Rupicapra_rupicapra,144
18,-0.19037735371479958,-1.3071603356481907,-0.3586142549817146,-0.821440071431892,-2.104046375248139,1.8310309606378707,-0.48852845854672,0.5299435881069333,-0.9505865732082356,-0.9547068274474841,-0.19947369983208413,-0.9287956828729897,-1.178018684498644,-0.6662458048590794,0.05631823229031549,-0.46288758668898444,-0.9725818974379536,-1.8911318781980526,-0.6532726275097576,0.18461022780877664,0.5654170619645927,1.5220545418776514,-0.4279796580807424,-0.9589490500290022,-0.1410771917197679,1.1852371835908946,0.2468257150062144,2.6458573884758616,-1.5152128326397993,0.333094181579998,2.523178640449604,0.7886073440062985,1.3082706793864405,-1.208939288290235,-0.39635713812723566,-0.47252644494788876,-1.0595618512401592,-0.009793872209502645,-0.7784749181427094,-1.8186454666599965,0.33323539558729903,1,45.31105,6.7660100000000005,Rupicapra_rupicapra,141
19,1.1497097370682212,-0.5719999319336031,0.09827469306889156,-0.9374338783362975,-2.104046375248139,1.9957459947717238,-0.5232695825592051,0.7508937455500312,-0.9945965956835978,-0.9739212078699201,-0.26873013416782293,-1.0961580883619437,-1.390288948867982,-0.7005045886793526,-0.07757838790077663,-0.6695551406657282,-1.1747032540121156,-1.920263925682397,-0.7644951899507236,0.1817168523012795,-0.4253790118198329,1.3075444763205224,-0.542706096619998,-1.1556261759320516,-0.20970944251160586,1.4809038422685825,0.46074785202824187,3.1188736797578605,-1.485688406741467,0.5409235283304872,2.8932778029391386,1.021788884839471,1.6405713527272654,-1.4003820215585638,-0.4447464531642682,-0.4932945146021871,-1.2822153043737328,-0.0698311041786866,-0.8581364883562788,-1.9510332021562153,0.24540994393101462,1,45.49093,6.77822,Rupicapra_rupicapra,139
20,-0.004177955347839762,-1.3480025802990012,0.0068969034587703275,-0.5423035696010655,-0.6443263218488849,1.069224387977042,-0.49547670985459114,0.09453735379429046,-0.4901894887741954,-0.6852806938029539,0.05446655939895808,-0.3669361787315017,-0.5412078913906301,-0.5390817963969594,0.5367453175826091,-0.08986289572192543,-0.5370024193930464,-1.6118526289038828,-0.25135473141626674,0.8515332822868678,0.8956824198927347,1.4507867035117141,-0.07030311439953371,-0.42067481071539337,0.11874490056361868,0.39290879777482446,-0.13645144715825158,0.9429987398606657,-1.3085418513514737,-0.05239573577978041,1.2135969885635598,-0.043426790330248495,0.5425343451662783,-0.9855894328105179,-0.29957850805317054,-0.48156440118633337,-0.5077685108656512,0.24536436365952913,-0.7350231525716716,-1.05268785414616,0.5918325587974698,1,44.13771,6.813389999999999,Rupicapra_rupicapra,155
21,0.23380777665535615,-0.653684421235224,0.281030272289134,-0.8718238824517235,-2.104046375248139,1.8516204319462508,-0.5267437082131406,0.5637921419835208,-0.9668642527539175,-0.9616344612052332,-0.21794208232161447,-0.9885679705476161,-1.390288948867982,-0.6753427593128448,0.003341734742162854,-0.5700815256608224,-1.0636539034662449,-1.8967640733041597,-0.6734949115899332,-0.1336610780159089,0.7305497409286638,6.47460558622806,-0.46172272823934696,-1.0314090437827572,-0.15088179897574475,1.1531944915174506,0.2824794045098856,2.3620476137066624,-1.456163980843135,0.3565587852453758,2.3333841981472787,0.6614174126427499,1.3371663901117297,-1.3684748993471758,-0.4447464531642682,-0.5036785494293362,-1.1466871155098184,-0.004790769545403983,-0.8508945274277725,-1.847014267123472,0.30396024503520425,1,44.88085,6.10336,Rupicapra_rupicapra,146
22,1.3677952825406152,0.5307406736382781,0.646541430729619,-0.8628220974646443,-1.642483797766635,1.7692629148793242,-0.55801070657169,0.47503810596643226,-0.947974106120657,-0.9531383065966731,-0.16715403047540603,-0.8570689376634381,-0.9657484201293061,-0.6513422530992674,0.003341734742162854,-0.607885249390362,-1.2548074819814643,-1.7582897387059775,-0.5875502042491868,-0.25518284933078883,0.8956824198927347,1.577329202068663,-0.40098520195385867,-0.9382461946707865,-0.09205415543988364,0.9143307869699588,0.09529753461561155,1.8259624835870636,-1.4266395549448028,0.22582742196684227,1.9822644798879772,0.385839228021728,1.0578411864339345,-1.4961033881927284,-0.49313576820130073,-0.5242543221423911,-1.0982841909155634,0.06525266775197729,-0.9160721757843292,-1.4782198610982913,0.34787297086334645,1,44.32181,6.700260000000001,Rupicapra_rupicapra,153
23,1.3821181815108898,-1.0621068677433283,-0.7241254134221995,-1.0365840388770524,-2.104046375248139,2.0986927377026348,-0.5719072091874323,0.9122154872858935,-1.0329797659703293,-1.0298651182155156,-0.31951818601403137,-1.239611578781047,-1.390288948867982,-0.7210211623513497,-0.20026854379954023,-0.8842009555391391,-1.5288073076931528,-1.9387142187181503,-0.8504398972914702,-0.16982827185962318,-1.4161750856042585,-0.01955892864006301,-0.6371866930640908,-1.3212490187977775,-0.25873247879149014,1.606161638555682,0.4964015415319131,3.4026834545270597,-1.5447372585381316,0.591204821899154,3.1400105779321614,1.0323880457864334,1.626123497364621,-1.591824754826893,-0.49313576820130073,-0.5390611866181408,-1.495188172588455,-0.11485902815557456,-0.9522819804268607,-2.0455958703678,0.16734287579209514,1,45.38743,7.15504,Rupicapra_rupicapra,140
24,0.40113140705800593,-0.653684421235224,0.281030272289134,-0.5745367324326404,-1.279069587785414,1.2957074065083427,-0.4503132751437348,0.17138530016668005,-0.6991868557804817,-0.7972011920118703,-0.04710954429345881,-0.6299342444998578,-0.5412078913906301,-0.5866957134122077,0.347688968805155,-0.038207454754344186,-0.5371983152654615,-1.6565217906058658,-0.41566078956769387,-0.1336610780159089,0.6479834014466282,5.395004623652888,-0.19177816697051023,-0.5862976535811192,0.005991917119884881,0.623033586302286,-0.0829709129027447,1.5421527088178644,-1.456163980843135,0.0314064201679975,1.6785933722042568,0.24805013571121703,0.7737000309685914,-0.7941466995421891,-0.25118919301613796,-0.44406649764385026,-0.6239355298918634,0.12028679705706258,-0.6408776605010896,-1.251269457390488,0.5088862988998678,1,44.70092,6.09344,Rupicapra_rupicapra,148
25,-0.9750688083139357,-1.3071603356481907,-0.3586142549817146,-0.832206296417934,-2.104046375248139,1.8516204319462508,-0.4850543991562198,0.559315065511998,-0.9525961632756037,-0.9552296677310879,-0.2040907954544667,-0.9287956828729897,-1.178018684498644,-0.6716652698360085,0.04685811964855344,-0.4745597228676732,-0.986291620011632,-1.8944335117280109,-0.6608559840398235,0.18461022780877664,-0.4253790118198329,0.6677814270083752,-0.4347282721124633,-0.96930047770811,-0.14597949534775634,1.2420401377210908,0.3181330940135569,2.6773918078946615,-1.485688406741467,0.3934317338623981,2.5326683625647206,0.799206504953261,1.4190375705000489,-1.2408464105016233,-0.39635713812723566,-0.46714213059307064,-1.0692424361590103,-0.014796974873601309,-0.7784749181427094,-1.8375580003023135,0.3283562038286166,1,45.40521,6.644419999999998,Rupicapra_rupicapra,140
26,-0.9304507053397232,-0.5719999319336031,0.09827469306889156,-0.8854000491823696,-2.104046375248139,1.9339778262909795,-0.5024249611624623,0.6642553567565326,-0.9745006950099164,-0.965294343190459,-0.2410275604335274,-1.024431343152392,-1.390288948867982,-0.6875365693548895,-0.0202357613904924,-0.5745209254889406,-1.0848061749440079,-1.9088053173750898,-0.7215228362803504,0.1817168523012795,0.8131160804106992,1.4790845659373744,-0.4954657983979516,-1.0624633268200807,-0.1802956207436753,1.3876887380549272,0.3894404730208994,3.024270421501461,-1.5152128326397993,0.4705297173343538,2.8078703039030923,0.9740926605781403,1.5346204134012054,-1.3046606549243995,-0.4447464531642682,-0.48021832259762887,-1.1854094551852226,-0.04981869352229194,-0.814684722785241,-1.9037518680504228,0.28444347800047437,1,45.57649,6.9124300000000005,Rupicapra_rupicapra,138
27,-0.10824571436967056,-0.653684421235224,0.281030272289134,-0.7032244860682105,-1.2915749746112042,1.5839585321592888,-0.4711578965404775,0.3203582593447248,-0.8255230846823585,-0.888077368805738,-0.12098307425158018,-0.7733877349189612,-0.9657484201293061,-0.6261804237327596,0.19778298701005556,-0.2587953411133044,-0.761255377382278,-1.7116784701396894,-0.5294111375186819,-0.1336610780159089,0.4002843830005218,0.5542676938773488,-0.3065046055097658,-0.7622719241259528,-0.06264033367195308,0.8546148608330859,0.05073042273602249,1.9836345806810634,-1.485688406741467,0.1487294384948866,2.020223368348442,0.46533293512394586,0.9856019096207117,-1.0174965550219062,-0.3479678230902031,-0.45675809576592147,-0.8369083981065859,0.060249565087878626,-0.7132972697861527,-1.3931134597078652,0.4259400390022659,1,44.86958,6.4829,Rupicapra_rupicapra,146
28,1.6248566626345908,-0.5719999319336031,0.09827469306889156,-0.7609926205762132,-1.9251814151259912,1.7074947463985797,-0.4711578965404775,0.4215102493386732,-0.8898299668381389,-0.9014751510730827,-0.15791983923064085,-0.8331600225935876,-0.9657484201293061,-0.6474712066871752,0.12530409144247545,-0.3553553330470922,-0.8654497172165404,-1.8734584204993587,-0.5926057752692308,0.1817168523012795,0.5654170619645927,3.73666025972431,-0.3672421317952541,-0.8450833455588157,-0.1018587626958605,1.0293931812336896,0.1309512241192828,2.3620476137066624,-1.5447372585381316,0.22247533572893113,2.3144047539170463,0.6561178321692688,1.1397123668222537,-1.1132179216560705,-0.39635713812723566,-0.4525275630585644,-0.943394832213947,0.02022474377508933,-0.7350231525716716,-1.7524515989118872,0.38690650493280615,1,45.2211,6.7599399999999985,Rupicapra_rupicapra,142
29,0.4005008234442617,-1.3480025802990012,0.0068969034587703275,-0.8728531308082815,-1.8789493581745103,1.7898522634655063,-0.5510625215272543,0.49210997223272174,-0.9531990402958141,-0.9556217979437907,-0.1763882217201712,-0.8809778527332887,-1.178018684498644,-0.6573423888819644,-0.008592528748616681,-0.6190009027467015,-1.2708675067498172,-1.76547562300786,-0.6103002738393845,0.8515332822868678,0.8956824198927347,0.6236014403623494,-0.42123104404902145,-0.96930047770811,-0.10676106632384892,0.9609383390767865,0.10421095699152937,1.9836345806810634,-1.456163980843135,0.2325315944426645,2.0961411452693723,0.4494341937035023,1.0771049935841273,-1.4641962659813401,-0.4447464531642682,-0.5229082435536866,-1.1176453607532655,0.045240257095582645,-0.9015882539273167,-1.4971323947406083,0.33323539558729903,1,44.49734,6.8376800000000015,Rupicapra_rupicapra,151
30,1.2984645300564959,0.6532674075907094,0.1896524826790128,-0.569929744196863,-1.3325017017028093,1.5221904864007423,-0.4120979592138788,0.3491884757859799,-0.6388991537594375,-0.6994627364957042,-0.056343735538223985,-0.4745262965458292,-0.5412078913906301,-0.6300514886034572,0.34477821616373394,0.08197197026805322,-0.501748783021544,-1.8507354405014944,-0.3651050793672547,-0.40419168796689164,1.143381438338841,0.49547585555251394,-0.12429202665330105,-0.46208052143182476,0.04030804251580387,0.9798726571201852,0.21117202550254313,2.3305131942878625,-1.4266395549448028,0.3062774916767091,2.257466421226349,0.608421607907938,1.3130866311739886,-0.9536823105991298,-0.3479678230902031,-0.40695318798385416,-0.5464908505410553,0.18032402902624653,-0.6698455042151149,-1.6011513297733515,0.5576782164866926,1,46.68032,6.206169999999998,Rupicapra_rupicapra,124
31,0.4542878017719219,-1.3071603356481907,-0.3586142549817146,-0.8060995644163266,-1.7701903490242767,1.7280842177069597,-0.5058990205529625,0.4354825895753134,-0.9062416190549787,-0.9489555843278435,-0.16715403047540603,-0.8570689376634381,-0.9657484201293061,-0.650374486881593,0.07378297021503334,-0.4628933279561501,-0.9526047023451434,-1.7493558915482554,-0.5976613462892747,0.18461022780877664,0.4002843830005218,1.5994132083391572,-0.38748797389041684,-0.896840483954355,-0.1018587626958605,0.971133741100155,0.122037801743365,2.109772258356263,-1.485688406741467,0.21912324949102002,2.1530794779600697,0.5448266422261637,1.0963688007343202,-1.2727535327130113,-0.39635713812723566,-0.48464115224622945,-1.0111589266459042,0.03523405176738532,-0.8074427618567347,-1.4782198610982913,0.3625105461393938,1,44.7756,6.6036,Rupicapra_rupicapra,147
32,0.11193949414401916,-0.653684421235224,0.281030272289134,-0.8139250228327494,-1.6887158547181158,1.7280842177069597,-0.5197955231687048,0.44059919477786164,-0.9097584016728729,-0.9500012648950509,-0.16715403047540603,-0.8690233951983634,-0.9657484201293061,-0.6497938345344305,0.06621494672448114,-0.4862087539467928,-0.9698398034984488,-1.749161710496476,-0.5976613462892747,-0.1336610780159089,0.4002843830005218,4.371285948402769,-0.3942365879221378,-0.9175433393125707,-0.1018587626958605,0.955112395063433,0.1309512241192828,2.015169000099863,-1.456163980843135,0.22582742196684227,2.086651423154256,0.49713041796483304,1.1060007043094164,-1.3046606549243995,-0.39635713812723566,-0.4979096411920312,-1.0305200964836063,0.04023715443148398,-0.8291686446422536,-1.4782198610982913,0.35763135438071136,1,44.60364000000001,6.34034,Rupicapra_rupicapra,149
33,0.6092296615471281,0.612425162939899,0.281030272289134,-0.5139259499737797,-0.9584769042810427,1.1515818436828698,-0.4364167725279925,0.10137593458461473,-0.6551768333051194,-0.7777907464830831,-0.010172779314398124,-0.5582074992903061,-0.5412078913906301,-0.5659855828049547,0.4149284207877006,0.06379567854520665,-0.4359418158183499,-1.6310797757983524,-0.3651050793672547,-0.39406487369065163,1.473646796266983,5.26264271004788,-0.1445378687484638,-0.49313480446914837,0.04030804251580387,0.5123406500485703,-0.12753802478233375,1.3529461923050647,-1.4266395549448028,-0.032283218352313715,1.5457372625926291,0.15795726766203677,0.6533012362798867,-0.6665182106966364,-0.25118919301613796,-0.4292596331681005,-0.5174490957845023,0.1453023103775559,-0.5974258949300518,-1.1850755896423786,0.5479198329693276,1,44.60737,6.21443,Rupicapra_rupicapra,149
34,-1.2932331019640428,-0.5719999319336031,0.09827469306889156,-0.6912820342255557,-1.333259621456907,1.5633691835731067,-0.453787334534235,0.30751746231300875,-0.8148052709897284,-0.8670003698729639,-0.11636597862919759,-0.7375243623141853,-0.9657484201293061,-0.6248255621031786,0.21059045408564225,-0.23011701146631144,-0.7399072100320999,-1.7110958158544096,-0.521827780988616,0.1817168523012795,0.8956824198927347,3.261302689979978,-0.293007377446324,-0.7415690687677371,-0.05773803004396466,0.8517018888264092,0.04181700036010468,2.0467034195186633,-1.5152128326397993,0.12191274859159765,2.0676719789240234,0.49713041796483304,0.9518902471078744,-0.9855894328105179,-0.3479678230902031,-0.4459894670562853,-0.8078666433500328,0.060249565087878626,-0.6915713870006338,-1.3742009260655481,0.43569842251963087,1,45.04123,6.74785,Rupicapra_rupicapra,144
35,1.371084745860423,-1.3480025802990012,0.0068969034587703275,-0.6375165211359405,-1.3131751816485504,1.336886165041806,-0.4850543991562198,0.18801439844898216,-0.7097372036341644,-0.800534298819844,-0.03787535304869364,-0.5701619568252314,-0.5412078913906301,-0.5841795286296965,0.26182054446418057,-0.20703669736764777,-0.6768421873436414,-1.6664266911957406,-0.39796629099754016,0.8515332822868678,0.8956824198927347,1.9641367780828374,-0.19852678100223115,-0.6070005089393349,0.025601131631838584,0.5735130621887816,-0.09188433527866252,1.3844806117238648,-1.4266395549448028,0.017998075216353035,1.5931858731682103,0.17385600908248033,0.6966448023678203,-1.0494036772332942,-0.3479678230902031,-0.4742571174190803,-0.6916996243238206,0.15030541304165454,-0.7350231525716716,-1.2323569237481709,0.5040071071411854,1,44.41172,6.70614,Rupicapra_rupicapra,152
36,-0.6073897765294536,0.5307406736382781,0.646541430729619,-0.6744874970283076,-1.19228979975898,1.336886165041806,-0.5267437082131406,0.2099076912618283,-0.6922537700480615,-0.7932798898848427,-0.010172779314398124,-0.4745262965458292,-0.5412078913906301,-0.5787600821113725,0.36762796861698605,-0.3194729733853571,-0.9776739947225946,-1.667980398913173,-0.34235500977705713,-0.25518284933078883,0.5654170619645927,3.450200849221743,-0.17153232487534747,-0.5759462259020113,0.064819560655746,0.526905510081954,-0.06514406815090908,1.1322052563734655,-1.338066277249806,0.017998075216353035,1.4128811529810015,0.0837631410333001,0.6533012362798867,-1.2727535327130113,-0.39635713812723566,-0.5061784096655018,-0.7110607941615226,0.2103426450108385,-0.8364106055707599,-1.1661630560000615,0.5186446824172328,1,44.12874,7.06302,Rupicapra_rupicapra,155
37,0.6694657366035347,0.20400271643179482,0.37240806189925524,-0.45690926049726527,-0.5071460266422411,0.7192051245259011,-0.5475883958733186,0.04740523490199956,-0.07259667277509646,-0.3536038888918584,0.23453328867187895,0.13515103773536,-0.11666736265195404,-0.47017711488590086,0.5831724551304208,-0.09028158813229901,-0.708962236880347,-1.5353324775161912,0.059562886316433764,-0.30003016969699453,0.8956824198927347,2.4974092590478123,0.18614421880586118,-0.04802341426751029,0.329543956567121,0.21521750536754403,-0.12753802478233375,0.34384477090346727,-1.0132975923681515,-0.09597285687262493,0.6631931058868167,-0.26600917021645853,0.39323983975228444,-1.208939288290235,-0.29957850805317054,-0.5288694487322352,-0.2367121331378227,0.4755070862080676,-0.8653784492847851,-0.6649809144786623,0.7626042703513563,1,43.92938,7.54765,Rupicapra_rupicapra,157
38,-0.7615373168956155,-0.5719999319336031,0.09827469306889156,-0.7326477071551811,-1.4757452826630297,1.604548003467669,-0.4711578965404775,0.3274920187910407,-0.820700068520675,-0.8696145712909824,-0.11636597862919759,-0.7016609897094095,-0.9657484201293061,-0.628503051580015,0.1548486638014726,-0.3300552490189162,-0.8278456292255943,-0.6938046599135366,-0.5167722099685721,0.1817168523012795,0.8131160804106992,2.9234911169626248,-0.29975599147804494,-0.7622719241259528,-0.05283572641597623,0.8313110847796721,0.059643845111940305,2.0467034195186633,-1.5152128326397993,0.1118564898778643,2.086651423154256,0.5077295789117954,0.8700190667195552,-1.1770321660788468,-0.39635713812723566,-0.45983484682581754,-0.8562695679442879,0.07525887308017462,-0.7495070744286843,-0.9013875850076242,0.43081923076094836,1,44.990404,7.054360000000001,Rupicapra_rupicapra,145
39,-1.5272023856913999,-1.3071603356481907,-0.3586142549817146,-0.7101188147468365,-1.6345258210466227,1.6457267006400333,-0.453787334534235,0.370343821958847,-0.8694326276543524,-0.8913451205782611,-0.13945145674111054,-0.7972966499888117,-0.9657484201293061,-0.6362451628628049,0.18934164889660046,-0.25016327591428467,-0.7673268046042256,-1.8635535384311408,-0.5597445636389453,0.18461022780877664,-0.4253790118198329,4.178530405572301,-0.3267504476049286,-0.7933262071632764,-0.08224954818390678,0.9784161711168469,0.122037801743365,2.2674443554502623,-1.5152128326397993,0.20571490453937558,2.2195075327658835,0.6031220274344569,1.1108166560969646,-0.9855894328105179,-0.3479678230902031,-0.4463740609387723,-0.8562695679442879,0.03523405176738532,-0.6915713870006338,-1.7146265316272533,0.41130246372621854,1,45.22532,6.63267,Rupicapra_rupicapra,142
40,1.7571620322504253,-1.3480025802990012,0.0068969034587703275,-0.6102987752621407,-1.4120814689029317,1.336886165041806,-0.453787334534235,0.18127423556761132,-0.7118472732049009,-0.8011224941388981,-0.051726639915841394,-0.6060253294300073,-0.5412078913906301,-0.5899861074771375,0.2989331403137299,-0.11999222562185853,-0.6131896264627067,-1.6675919627229865,-0.42324414609775973,0.8515332822868678,0.8956824198927347,4.006007813245407,-0.20527539503395206,-0.6070005089393349,0.005991917119884881,0.6172076422889325,-0.09188433527866252,1.5736871282366642,-1.456163980843135,0.02135016145426415,1.7070625385496054,0.25864929665817943,0.7255405130931095,-0.8898680661763535,-0.29957850805317054,-0.44906621811618136,-0.6626578695672675,0.12028679705706258,-0.6698455042151149,-1.2607257242116463,0.49912791538250295,1,44.59573,6.592110000000001,Rupicapra_rupicapra,149
41,0.4060829829182801,-1.3480025802990012,0.0068969034587703275,-0.5033068032018362,-0.9831087180555742,1.1104031465105053,-0.4120979592138788,0.08130296019762932,-0.6404063463099636,-0.7697520771226762,-0.005555683692015537,-0.510389669150605,-0.5412078913906301,-0.5611467701751881,-0.43255013559638544,0.08597545388430093,-0.419685895177582,-1.6291376689340473,-0.35499393732716694,0.8515332822868678,0.8956824198927347,4.750794016071742,-0.12429202665330105,-0.46208052143182476,0.04521034614379229,0.4919498460018332,-0.163191714286005,1.4160150311426647,-1.456163980843135,-0.06245199449351376,1.5647167068228616,0.17915558955596153,0.5906938630417602,-0.6665182106966364,-0.25118919301613796,-0.41329898704488977,-0.47872675610909815,0.1453023103775559,-0.5684580512160267,-1.1756193228212202,-0.027824794555203553,1,44.68567,6.59784,Rupicapra_rupicapra,148
42,0.0810168008497705,-0.8578956444892761,-0.26723646537159335,-0.9333495911163192,-2.104046375248139,1.5633691835731067,-0.5649589578795612,0.18398016503231565,-0.9672661707673911,-0.9634644021978461,-0.2133249866992319,-0.9885679705476161,-1.390288948867982,-0.6933431482023306,-0.9048269552634137,-0.6618807468361215,-1.1553135971117818,-0.6036895382158254,-0.6633837695498455,-0.043966437283497514,-0.9207770487120457,0.6807932878154217,-0.46172272823934696,-1.052111899140973,-0.14597949534775634,0.3754309657347641,0.03290357798418687,0.7853266427666662,-0.8656754628764903,0.09844814492621984,0.7201314385775143,0.6879153150101559,0.0994667807118449,-1.591824754826893,-0.5415250832383333,-0.5156009597864335,-1.2144512099417757,0.010218538446892005,-0.9233141367128356,-0.6460683808363453,-0.38400579293902365,1,46.304764,10.550061,Rupicapra_rupicapra,129
43,-1.5120001063359945,0.4082139396858469,0.1896524826790128,-0.545195276861304,-1.196837173725155,1.4604223792810969,-0.4086238998233786,0.3046639435203086,-0.6123725648701781,-0.6836794954344175,-0.03787535304869364,-0.4267084664061281,-0.5412078913906301,-0.6261804237327596,-0.08922162054265236,0.13323168389392354,-0.4578773719362351,-1.861805612618615,-0.33224386773696934,-0.39261818593690306,0.6479834014466282,-0.2757432232744122,-0.09729757052641738,-0.41032338303628546,0.05991725702775757,0.8968529549298985,0.1309512241192828,2.2043755166126626,-1.456163980843135,0.2325315944426645,2.2100178106507675,0.5819237055405321,1.197503788272832,-0.9536823105991298,-0.3479678230902031,-0.40137657668779253,-0.4884073410279492,0.20533954234673985,-0.6626035432866085,-1.4498510606348158,0.17710125930946008,1,46.77028,6.21149,Rupicapra_rupicapra,123
44,1.1037391514068977,0.36737169503503647,1.834452695661195,-0.6210159409388021,-1.5848832336205105,1.5633691835731067,-0.4120979592138788,0.32488450723528983,-0.7217947440383732,-0.804651666053223,-0.09789759613966725,-0.6538431595697084,-0.5412078913906301,-0.6279223992328524,0.28743547861535396,-0.0422224209049232,-0.5951710912445097,-1.859863468710996,-0.47885542731824277,-0.237822596285806,1.308514117302912,4.6155000902372425,-0.23226985116083573,-0.6173519366184427,-0.03322651190402253,0.9623948250801249,0.14877806887111844,2.456650871963062,-1.5152128326397993,0.22247533572893113,2.295425309686814,0.6455186712223063,1.192687836485284,-0.8579609439649654,-0.29957850805317054,-0.4046456246889321,-0.6820190394049696,0.08026197574427328,-0.6263937386440771,-1.6200638634156685,0.48449034010645553,1,46.0306,6.81532,Rupicapra_rupicapra,132
45,0.40197622319201787,0.612425162939899,0.281030272289134,-0.6574968223075804,-1.7944432390613625,1.6457267006400333,-0.4155721511312498,0.3838733942114998,-0.7928337529198368,-0.8187683537105229,-0.12098307425158018,-0.7016609897094095,-0.753478155759968,-0.6364387197980608,0.2487219355015943,-0.11634442050806865,-0.6635241070900243,-1.8571444894663176,-0.5167722099685721,-0.39406487369065163,1.473646796266983,4.748843097834054,-0.2660129213194403,-0.6898119303721978,-0.05773803004396466,1.0687183033238254,0.22899887025437876,2.551254130219462,-1.485688406741467,0.3029254054387979,2.38083280872286,0.6985144759571182,1.3082706793864405,-0.9217751883877416,-0.3479678230902031,-0.4134912839861332,-0.7497831338369267,0.055246462423779966,-0.6408776605010896,-1.7902766661965213,0.45521518955436074,1,45.94492,6.680160000000001,Rupicapra_rupicapra,133
46,0.6975803643002243,-1.3071603356481907,-0.3586142549817146,-0.5315047381228133,-1.2006267002164384,1.2545287093359785,-0.4364167725279925,0.15883975686182433,-0.6717559513609066,-0.7854372856307872,-0.028641161803928467,-0.594070871895082,-0.5412078913906301,-0.5805020206942548,0.3957171646552727,0.048957443571017396,-0.46179454226069266,-1.6444805280132786,-0.3903829344674743,0.18461022780877664,0.6479834014466282,1.2367831504238693,-0.16478371084362656,-0.5345405151855799,0.02069882800385016,0.6303160163189778,-0.0829709129027447,1.5736871282366642,-1.456163980843135,0.02470224769217527,1.688083094319373,0.25864929665817943,0.7785159827561396,-0.6665182106966364,-0.20279987797910543,-0.4292596331681005,-0.5561714354599063,0.1302930023852599,-0.6046678558585581,-1.2229006569270124,0.5284030659345977,1,44.88431,5.97682,Rupicapra_rupicapra,146
47,-0.22067933889562363,-0.5719999319336031,0.09827469306889156,-1.0117351995336488,-2.104046375248139,2.0781033891164524,-0.5545366471811899,0.8847135747966006,-1.025745241727804,-1.0290155027546597,-0.31490109039164876,-1.2157026637111965,-1.390288948867982,-0.7198598391984193,-0.1669399041762191,-0.818321035060468,-1.4839567160953064,-1.937743146764341,-0.8403287552513823,0.1817168523012795,-0.4253790118198329,2.6710156252737556,-0.623689465000649,-1.2901947357604537,-0.2538301751635017,1.6090746105623588,0.54988207578742,3.30808019627066,-1.485688406741467,0.6314298567540874,3.054603078896115,0.9846918215251026,1.7706020509910667,-1.5599176326155046,-0.49313576820130073,-0.5225236496711996,-1.4467852479942,-0.1098559254914759,-0.9233141367128356,-2.0361396035466415,0.18198045106814253,1,45.40099,6.7721100000000005,Rupicapra_rupicapra,140
48,-1.1342086774383577,-0.653684421235224,0.281030272289134,-0.9556824457152284,-2.104046375248139,1.9545671748771616,-0.5545366471811899,0.6937744234895932,-0.9974100217779132,-0.9749668884371274,-0.2641130385454403,-1.0842036308270184,-1.390288948867982,-0.6962464283967484,-0.09926390592031777,-0.7329972630934984,-1.3928846353546305,-1.9154085844350064,-0.7468006913805699,-0.1336610780159089,0.4002843830005218,1.4365630319700573,-0.542706096619998,-1.1556261759320516,-0.19500253162764059,1.2813652598112266,0.35378678351722814,2.551254130219462,-1.456163980843135,0.4370088549552426,2.5041991962193717,0.6773161540631936,1.4527492330128862,-1.5280105104041166,-0.49313576820130073,-0.5225236496711996,-1.3112570591302857,-0.03981248819409462,-0.9233141367128356,-1.9321206685138983,0.24540994393101462,1,44.78353,6.3510300000000015,Rupicapra_rupicapra,147
49,0.7585174682059888,0.44905618433665734,0.09827469306889156,-0.5276164887122704,-1.980129332411979,1.0074562808573968,-0.34261571118890877,0.009719245891218158,-0.6292531214360705,-0.6900842889085629,-0.051726639915841394,-0.4745262965458292,-0.5412078913906301,-0.6137930752140643,-0.8450100807457782,0.12584981462795244,-0.4645364867754283,0.08130193976982453,-0.40491770115010056,-0.3347506757869602,-0.095113653891691,5.198433958780908,-0.13104064068502197,-0.44137766607360907,0.0010896134918964551,0.3637790777080572,0.14877806887111844,0.848395481604266,-0.7180533333848291,0.20236281830146444,0.7580903270379793,0.8522023096880729,0.11873058786203765,-0.6346110884852483,-0.29957850805317054,-0.33157278701640086,-0.5174490957845023,0.0902681810724706,-0.5177643247164825,-0.08814863838799511,-0.23763004017854966,1,47.285488,11.233459,Rupicapra_rupicapra,117
50,-0.3642934731108371,-0.653684421235224,0.281030272289134,-0.7695043110397036,-1.419660521885498,1.6457267006400333,-0.5058990205529625,0.37383694455344146,-0.8872509929183497,-0.9001680503640735,-0.13945145674111054,-0.809251107523737,-0.9657484201293061,-0.6370193721452233,0.11555294795180958,-0.40351196178537774,-0.8907149054664069,-1.731488234276125,-0.5546889926189014,-0.1336610780159089,0.4002843830005218,4.1489297918234485,-0.34699628970009133,-0.8450833455588157,-0.07734724455591836,0.8720926928731463,0.06855726748785812,1.9205657418434634,-1.456163980843135,0.17554612839817552,2.0012439241182096,0.4388350327565399,1.0144976203460008,-1.208939288290235,-0.39635713812723566,-0.48906398189483,-0.943394832213947,0.060249565087878626,-0.792958839999722,-1.430938526992499,0.38690650493280615,1,44.59976,6.46623,Rupicapra_rupicapra,149
51,0.8818126946768469,0.36737169503503647,1.834452695661195,-0.7552256588729064,-2.104046375248139,1.8104416120516884,-0.453787334534235,0.5432271531226368,-0.8804518798570876,-0.8970636861801765,-0.16715403047540603,-0.8212055650586623,-0.9657484201293061,-0.6612134352940567,0.13141684965041286,-0.300843541649143,-0.8390094525817213,-1.8820038314668943,-0.5926057752692308,-0.237822596285806,1.308514117302912,1.0575625724401108,-0.3537449037318123,-0.8347319178797078,-0.10676106632384892,1.294473633841272,0.407267317772735,2.898132743826261,-1.456163980843135,0.4839380622859982,2.656034750061232,0.8787002120554788,1.5683320759140427,-1.1132179216560705,-0.39635713812723566,-0.4398359649364932,-0.9240336623762451,0.02022474377508933,-0.720539230714659,-1.884839334408106,0.39178569669148866,1,46.12054000000001,6.82158,Rupicapra_rupicapra,131
52,0.35558757468382907,-1.3071603356481907,-0.3586142549817146,-0.9002505115313681,-2.104046375248139,1.9751566461855417,-0.49895076924509135,0.7262454269243072,-0.9783189161379159,-0.9667321539703693,-0.25026175167829257,-1.024431343152392,-1.390288948867982,-0.694117357484749,-0.03580852120209613,-0.5945498261045103,-1.1071335228067234,-1.9150201482448197,-0.7341617638304602,0.18461022780877664,0.8131160804106992,3.593687880338139,-0.5089630264613934,-1.0831661821782965,-0.19500253162764059,1.494012216298628,0.4964015415319131,3.1504080991766603,-1.456163980843135,0.5710923044716872,2.8932778029391386,1.0323880457864334,1.6935468223902956,-1.3365677771357876,-0.4447464531642682,-0.47368022659534975,-1.2047706250229246,-0.05482179618639061,-0.8219266837137473,-2.0550521371889587,0.2795642862417919,1,45.67082,6.79051,Rupicapra_rupicapra,136
53,0.10242846562282991,-0.0410507514730677,-0.3586142549817146,-0.8282853408011375,-1.1028572925932039,1.6457267006400333,-0.5684330835334968,0.39312272581053676,-0.8399921331674091,-0.8959199730597934,-0.10251469176204984,-0.6777520746395589,-0.9657484201293061,-0.6288901654505269,0.17245908370778595,-0.5816618015648605,-1.2144615989005518,-1.7336245962788375,-0.47885542731824277,-0.043966437283497514,-0.4253790118198329,3.3808217889666996,-0.31325321954148677,-0.8036776348423843,-0.01851960102005725,0.7424654385760319,0.03290357798418687,1.4790838699802644,-1.3971151290464705,0.13532109354324212,1.7355317048949543,0.24805013571121703,0.8507552595693625,-1.5599176326155046,-0.49313576820130073,-0.5348306539107838,-0.9821171718893511,0.1453023103775559,-0.9450400194983545,-1.3363758587809142,0.406423271967536,1,44.11919,7.31257,Rupicapra_rupicapra,155
54,-0.11750208665595036,-0.653684421235224,0.281030272289134,-0.8738333697124806,-2.104046375248139,1.8310309606378707,-0.5336919595210118,0.5383565551570378,-0.964251785666339,-0.9604580705671248,-0.2087078910768493,-0.9646590554777656,-1.390288948867982,-0.6697297374006598,-0.0037896869559857667,-0.5878104186374671,-1.0730549628201738,-1.891908732056769,-0.6608559840398235,-0.1336610780159089,0.4002843830005218,1.1503476427714503,-0.45497411420762607,-1.0210576161036493,-0.1410771917197679,1.0876526213672242,0.22008544787846093,2.2359099360314625,-1.456163980843135,0.3062774916767091,2.257466421226349,0.608421607907938,1.2504792579358621,-1.4003820215585638,-0.4447464531642682,-0.5094474576666413,-1.1466871155098184,0.005215435782793342,-0.8653784492847851,-1.8281017334811551,0.3088394367938867,1,44.69358,6.3456800000000015,Rupicapra_rupicapra,148
55,-1.3184315602530077,-1.3071603356481907,-0.3586142549817146,-0.8185648169888238,-1.8857704733331773,1.7692629148793242,-0.5058990205529625,0.45919620081402024,-0.9453616390330785,-0.9520926260294656,-0.1810053173425538,-0.892932310268214,-0.9657484201293061,-0.6561810657290341,0.06170324681884976,-0.47859765408691485,-0.9714066716282318,-1.7563475947983584,-0.6204114158794722,0.18461022780877664,0.4002843830005218,3.3234806956423473,-0.4077338159855796,-0.9382461946707865,-0.11656567357982578,1.014828321200306,0.16660491362295407,2.1728410971938628,-1.485688406741467,0.24929202563222008,2.1910383664205346,0.5713245445935697,1.1637921257599948,-1.2727535327130113,-0.39635713812723566,-0.4888716849535865,-1.0402006814024574,0.02022474377508933,-0.8074427618567347,-1.5065886615617667,0.34787297086334645,1,44.77964,6.47733,Rupicapra_rupicapra,147
56,1.3306605045252917,0.20400271643179482,0.281030272289134,-0.5090411584129326,-1.4628609359601905,1.3574755136279881,-0.4086238998233786,0.2576794139560135,-0.5789128902484986,-0.6637788871397519,-0.014789874936780708,-0.3669361787315017,-0.32893762702129203,-0.6188254263204817,-0.05400100280621711,0.20255286389932725,-0.3932456305427629,-1.8544254916999825,-0.28927151406659607,-0.28845666766700595,0.9782487593747701,0.24728717172907239,-0.056805886336091876,-0.3482148169616383,0.0844287751676997,0.8007248787095664,0.04181700036010468,2.078237838937463,-1.485688406741467,0.15543361097070882,2.0297130904635585,0.5395270617526825,1.0626571382214827,-0.8898680661763535,-0.29957850805317054,-0.39714604398043546,-0.43032383151484305,0.2353581583313318,-0.6626035432866085,-1.4025697265290236,0.21125560162023735,1,46.86025,6.21683,Rupicapra_rupicapra,122
57,0.1881150217363589,-0.9395801337908969,-0.17585867576147213,-0.9236943301454479,-2.104046375248139,1.9545671748771616,-0.5302178338670762,0.7058771988104614,-0.9797256291850736,-0.9679085446084775,-0.2410275604335274,-1.0124768856174666,-1.390288948867982,-0.6902463110726568,-0.07583198073116229,-0.6712988055132104,-1.168827573237814,-0.9684228230987231,-0.7164672652603065,-0.35211092883194306,0.8956824198927347,0.713865061568936,-0.5022144124296725,-1.0935176098574044,-0.1753933171156869,1.3702109060148668,0.3181330940135569,3.21347693801426,-1.5742616844364639,0.42360051000359816,2.978685301975185,1.0747846895742827,1.3853259079872116,-1.432289143769952,-0.4447464531642682,-0.5063707066067453,-1.2434929646983286,-0.034809385529995955,-0.8798623711417978,-1.2039881232846956,0.2746850944831094,1,45.633871,7.346799000000002,Rupicapra_rupicapra,137
58,-1.3770836379764764,-0.00020850682225728276,0.281030272289134,-0.5989607899509193,-1.606104480780808,1.5633691835731067,-0.42599446182962114,0.3697042932278215,-0.6599998494668029,-0.7795553324402456,-0.07019502240537175,-0.5223441266855303,-0.5412078913906301,-0.6381806768395484,-0.13797744903407744,0.024902094270537266,-0.5583505867432245,-1.87171051320849,-0.3903829344674743,-0.0598800025747318,0.7305497409286638,-0.16577175128808766,-0.15128648278018472,-0.5138376598273641,0.02069882800385016,0.9958940031569072,0.22008544787846093,2.3305131942878625,-1.4266395549448028,0.3062774916767091,2.342873920262395,0.6932148954836371,1.3082706793864405,-0.9855894328105179,-0.3479678230902031,-0.41579884728105526,-0.6045743600541614,0.16531472103395053,-0.6915713870006338,-1.5160449283829254,0.12830934172263542,1,46.85261,6.4791,Rupicapra_rupicapra,122
59,0.03599373652578334,-0.5719999319336031,0.09827469306889156,-0.8831128583105862,-2.104046375248139,1.892799129118615,-0.5197955231687048,0.6050696339624156,-0.9726920639492851,-0.9641179525523508,-0.23179336918876223,-1.0124768856174666,-1.390288948867982,-0.6815364520307978,-0.011357821484633704,-0.5806810250958784,-1.0789306435944754,-1.9023962684102667,-0.6987727666901528,0.1817168523012795,0.4002843830005218,0.3222392778644824,-0.48196857033450974,-1.052111899140973,-0.16558870985971003,1.2376706797110757,0.3270465163894747,2.551254130219462,-1.456163980843135,0.40348799257613144,2.475730029874023,0.7515102806919302,1.4190375705000489,-1.3684748993471758,-0.4447464531642682,-0.4942559993084046,-1.1757288702663715,-0.024803180201798634,-0.8436525664992662,-1.8753830675869474,0.2942018615178393,1,45.05339,6.3672,Rupicapra_rupicapra,144
60,0.9958507588213995,-1.3071603356481907,-0.3586142549817146,-0.7078479271211582,-1.6955369879465843,1.6663160492262155,-0.4433650238358636,0.3843654086853983,-0.8663847493855107,-0.8895478571033734,-0.13945145674111054,-0.7853421924538865,-0.9657484201293061,-0.6391484430572227,0.1922524015380215,-0.23688512526918307,-0.761451123829924,-1.8666609538660057,-0.5622723491489673,0.18461022780877664,-0.4253790118198329,3.841520862806065,-0.3267504476049286,-0.7829747794841685,-0.08715185181189522,1.0235672372203362,0.17551833599887187,2.3305131942878625,-1.485688406741467,0.24929202563222008,2.257466421226349,0.6243203493283817,1.197503788272832,-0.9855894328105179,-0.3479678230902031,-0.4356054322291361,-0.8465889830254368,0.030230949103286654,-0.6770874651436212,-1.7146265316272533,0.416181655484901,1,45.4093,6.5167199999999985,Rupicapra_rupicapra,140
61,1.1859844248423717,-0.9395801337908969,-0.17585867576147213,-0.9641941361787189,-2.104046375248139,2.016335343357906,-0.5406401445654475,0.7874483039621917,-0.9994196118452813,-0.9765354092879386,-0.2733472297902055,-1.0961580883619437,-1.390288948867982,-0.7026336780499574,-0.11891176384514929,-0.7407633771668491,-1.4193248999894497,-1.9225944872585456,-0.7695507609707676,-0.35211092883194306,0.8956824198927347,3.6995724650558817,-0.5562033246834398,-1.1763290312902672,-0.20970944251160586,1.4794473562652442,0.3894404730208994,3.27654577685186,-1.5447372585381316,0.48729014852390934,3.0356236346658823,0.9740926605781403,1.54906826876385,-1.4961033881927284,-0.49313576820130073,-0.5123319117852939,-1.3306182289679878,-0.06482800151458794,-0.9015882539273167,-1.9604894689773738,0.23565156041364968,1,45.513088,7.2233649999999985,Rupicapra_rupicapra,138
62,0.24650477325300316,-0.0410507514730677,-0.3586142549817146,-0.7229434367319509,-1.2999119473478684,1.481011727867279,-0.5336919595210118,0.2770636131220623,-0.7837236112811012,-0.8150431166898465,-0.051726639915841394,-0.5821164143601567,-0.5412078913906301,-0.5998572896719268,0.3075200493706848,-0.3913408954869027,-1.0499441808925667,-1.69186866895994,-0.408077433037628,-0.043966437283497514,-0.4253790118198329,0.2366309226051204,-0.23226985116083573,-0.6691090750139821,0.025601131631838584,0.6361419603323313,-0.029490378647237823,1.3529461923050647,-1.3675907031481382,0.0716314550229309,1.6026755952833267,0.17385600908248033,0.7544362238183987,-1.3365677771357876,-0.39635713812723566,-0.5098320515491284,-0.8078666433500328,0.1703178236980492,-0.8508945274277725,-1.251269457390488,0.4698527648304081,1,44.21862,7.06946,Rupicapra_rupicapra,154
63,0.982284718195623,0.5307406736382781,0.646541430729619,-0.7269624112534653,-2.104046375248139,1.748673566293142,-0.4398909644453634,0.46416529175944143,-0.8736527667958254,-0.8934691592304012,-0.15791983923064085,-0.809251107523737,-0.9657484201293061,-0.6521164623816859,0.16969379097176893,-0.25338090608336966,-0.7902416906594175,-1.8728757847357358,-0.582494633229143,-0.25518284933078883,0.8956824198927347,4.6326000513758,-0.34024767566837044,-0.8036776348423843,-0.1018587626958605,1.1794112395775411,0.3003062492617213,2.6458573884758616,-1.485688406741467,0.36996713019702027,2.4852197519891392,0.7674090221123737,1.4045897151374043,-1.0174965550219062,-0.3479678230902031,-0.429451930109344,-0.87563073778199,0.02022474377508933,-0.6843294260721275,-1.8753830675869474,0.40154408020885357,1,45.76502,6.66817,Rupicapra_rupicapra,135
64,-0.4971209275102373,-1.3480025802990012,0.0068969034587703275,-0.5808429476829599,-0.4400716462679089,1.04863503939086,-0.5510625215272543,0.12804148252497516,-0.3121398088053784,-0.566367206800838,0.11910589811231428,-0.1398014855679214,-0.32893762702129203,-0.5274686387020773,0.4565528275809771,-0.23679914629260468,-0.8668206894739082,-1.605055180792187,-0.12243767040514703,0.8515332822868678,0.8956824198927347,5.623404181480375,0.017428868012838224,-0.296457678566099,0.21188866949539878,0.34047530165464335,-0.10079775765458032,0.6591889650914664,-1.1609197218598126,-0.0490436495418693,0.9573744914554209,-0.12292049743246636,0.4895588755032482,-1.3365677771357876,-0.39635713812723566,-0.5269464793198001,-0.47872675610909815,0.36543882759789703,-0.887104332070304,-0.9013875850076242,0.645503668142977,1,43.93449,7.423319999999999,Rupicapra_rupicapra,157
65,1.6991288521319894,-1.3071603356481907,-0.3586142549817146,-0.67198786538694,-1.0490462187987597,1.5221904864007423,-0.4711578965404775,0.28478772988036133,-0.8059630746933086,-0.8273952183899839,-0.10251469176204984,-0.7375243623141853,-0.753478155759968,-0.6172770077556448,0.23402237927479774,-0.2087345721087112,-0.7070037264305028,-1.6973066644926107,-0.4990777113984184,0.18461022780877664,0.6479834014466282,3.681178987524814,-0.27951014938288216,-0.7208662134095214,-0.04303111915999938,0.7919859626895362,0.023990155608269056,1.8259624835870636,-1.456163980843135,0.12526483482950876,1.8873672587368144,0.3805396475482468,0.9518902471078744,-0.9855894328105179,-0.29957850805317054,-0.4586810651783565,-0.7885054735123308,0.08026197574427328,-0.7060553088576464,-1.355288392423231,0.4454568060369958,1,44.79088,6.09839,Rupicapra_rupicapra,147
66,-0.32104641876433637,0.5307406736382781,0.646541430729619,-0.7971141325323743,-1.1119521128047598,1.625137352053851,-0.5441142702193831,0.3700486433028554,-0.8458869306983556,-0.897553848946055,-0.11636597862919759,-0.7375243623141853,-0.9657484201293061,-0.6283095131033644,0.07698486474345395,-0.5019303038790545,-1.155705388856612,-1.7260502757867684,-0.5091888534385062,-0.25518284933078883,0.5654170619645927,0.6474653621286615,-0.3267504476049286,-0.8243804902006,-0.04303111915999938,0.7715951586427992,0.01507673323235124,1.5736871282366642,-1.3971151290464705,0.1520815247327977,1.7734905933554193,0.26924845760514177,0.9181785845950371,-1.4003820215585638,-0.4447464531642682,-0.5175239291988685,-0.9627560020516491,0.11028059172886526,-0.8798623711417978,-1.3742009260655481,0.40154408020885357,1,44.23189,6.6943899999999985,Rupicapra_rupicapra,154
67,1.5740225905758445,-0.653684421235224,0.281030272289134,-0.912536029540535,-2.104046375248139,1.9339778262909795,-0.5371660851749473,0.6446743968434457,-0.9849505633602307,-0.9696077755301895,-0.24564465605591,-1.0602947157571678,-1.390288948867982,-0.687149473942983,-0.047015041013472536,-0.6413299510321028,-1.137490957766,-1.9082226630898098,-0.7240506217903724,-0.1336610780159089,0.4002843830005218,0.5145706399805617,-0.5157116404931144,-1.1038690375365123,-0.18519792437166374,1.2682568857811813,0.3359599387653925,2.6143229690570617,-1.485688406741467,0.42024842376568705,2.523178640449604,0.7833077635328174,1.4334854258626935,-1.4003820215585638,-0.4447464531642682,-0.5050246280180408,-1.2338123797794776,-0.034809385529995955,-0.8726204102132914,-1.9037518680504228,0.26980590272442695,1,44.95953,6.4884900000000005,Rupicapra_rupicapra,145
68,-0.3735692013777434,0.6532674075907094,0.1896524826790128,-0.5731154084572113,-1.224500666516078,1.5427798349869246,-0.4086238998233786,0.3627672945285438,-0.6557797103253299,-0.7770064860576775,-0.06096083116060657,-0.510389669150605,-0.5412078913906301,-0.6244384482326668,0.3463791634279442,0.06214373394146849,-0.5076243143710765,-1.8451032268737306,-0.3878551489574524,-0.40419168796689164,1.143381438338841,3.787732869930647,-0.15128648278018472,-0.49313480446914837,0.025601131631838584,1.030849667237028,0.2735659821339678,2.2359099360314625,-1.3675907031481382,0.3565587852453758,2.162569200075186,0.5448266422261637,1.3853259079872116,-0.9217751883877416,-0.3479678230902031,-0.4057994063363931,-0.5561714354599063,0.1603116183698519,-0.648119621429596,-1.629520130236827,0.5430406412106451,1,46.3274,5.92531,Rupicapra_rupicapra,129
69,1.0150455712827031,-0.5719999319336031,0.09827469306889156,-0.9600444864032548,-2.104046375248139,1.9957459947717238,-0.5441142702193831,0.7689496407641178,-1.0000224888654918,-0.9765354092879386,-0.2733472297902055,-1.108112545896869,-1.390288948867982,-0.701665911832283,-0.10945165120338723,-0.7350449350389475,-1.4065943579283087,-1.921429197209643,-0.7695507609707676,0.1817168523012795,0.8956824198927347,2.545124737164777,-0.5562033246834398,-1.1763290312902672,-0.20970944251160586,1.4459481781884618,0.3894404730208994,3.1188736797578605,-1.5447372585381316,0.48729014852390934,2.912257247169371,0.9051981144228848,1.5442523169763016,-1.4641962659813401,-0.4447464531642682,-0.5113704270790764,-1.3306182289679878,-0.06482800151458794,-0.9015882539273167,-1.9604894689773738,0.23565156041364968,1,45.3921,7.0274100000000015,Rupicapra_rupicapra,140
70,-0.1636426625961095,-0.653684421235224,0.281030272289134,-0.868507443223382,-2.104046375248139,1.8310309606378707,-0.5267437082131406,0.52649971200225,-0.9612374005652867,-0.9590202597872147,-0.2040907954544667,-0.940750140407915,-1.178018684498644,-0.6677942234239163,0.003923907478066212,-0.5793675351931011,-1.254024047916573,-1.8897723700540565,-0.6532726275097576,-0.1336610780159089,0.4002843830005218,2.597130231894271,-0.4482255001759051,-1.0003547607454337,-0.13617488809177947,1.0760007333405173,0.2022586031266253,2.2359099360314625,-1.456163980843135,0.2928691467250646,2.2479766991112324,0.6031220274344569,1.2263994989981213,-1.4003820215585638,-0.4447464531642682,-0.5015632830756577,-1.1273259456721165,0.010218538446892005,-0.8581364883562788,-1.8186454666599965,0.3185978203112516,1,44.6897,6.4717699999999985,Rupicapra_rupicapra,148
71,-1.4111319600402297,0.12231822713017397,1.103430378780225,-0.697359505460186,-2.104046375248139,1.4192436207476335,-0.44683908322636384,0.17901107408689443,-0.7992644411354148,-0.822885720943902,-0.11636597862919759,-0.7255699047792601,-0.753478155759968,-0.6507616007521049,-0.7608880358148942,-0.2087345721087112,-0.761255377382278,-0.21293176945670414,-0.5268833520086599,0.30323862361615944,0.8956824198927347,1.407258092527285,-0.27951014938288216,-0.7208662134095214,-0.0675426372999415,0.5895344082255036,0.21117202550254313,1.3214117728862649,-0.9247243146731547,0.3096295779146202,1.1946175443333273,1.021788884839471,0.37397603260209167,-0.9217751883877416,-0.29957850805317054,-0.42041397387089935,-0.8369083981065859,0.04023715443148398,-0.6843294260721275,-0.34346784255927404,-0.26690519073064445,1,47.421001,10.412292,Rupicapra_rupicapra,115
72,1.7217118829162974,-0.653684421235224,0.281030272289134,-0.8052989603614144,-2.052887961866183,1.7898522634655063,-0.49547670985459114,0.4901420644788652,-0.9170264190831877,-0.9526154663130694,-0.19023950858731895,-0.9287956828729897,-0.9657484201293061,-0.6612134352940567,0.0816421355925851,-0.43318255043568415,-0.9383074415789888,-1.8847228292332296,-0.635578128939604,-0.1336610780159089,1.473646796266983,4.0056139982352965,-0.4144824300173005,-0.9382461946707865,-0.13127258446379106,1.1094999114172996,0.2468257150062144,2.3620476137066624,-1.456163980843135,0.32303792286626465,2.30491503180193,0.6508182516957876,1.2890068722362478,-1.1770321660788468,-0.39635713812723566,-0.4779107593027068,-1.0305200964836063,0.005215435782793342,-0.7784749181427094,-1.809189199838838,0.34299377910466394,1,45.05716,6.24028,Rupicapra_rupicapra,144
73,0.045191777523508385,-0.0410507514730677,-0.3586142549817146,-0.8788815427335313,-1.7413900850210162,1.7898522634655063,-0.5614848322256256,0.49338917983651037,-0.9509884912217093,-0.9545761173765832,-0.1717711260977886,-0.8570689376634381,-0.9657484201293061,-0.6556004133818716,-0.01834367223928255,-0.6413642586041903,-1.2839896911310191,-1.762950861858275,-0.5951335607792527,-0.043966437283497514,-0.4253790118198329,2.5787151540168614,-0.4144824300173005,-0.9589490500290022,-0.09695645906787206,0.9288956470033425,0.08638411223969375,1.8574969030058637,-1.4266395549448028,0.22917950820475338,2.010733646233326,0.40173796944217155,1.0530252346463864,-1.5280105104041166,-0.49313576820130073,-0.5286771517909917,-1.1176453607532655,0.06525266775197729,-0.9305560976413418,-1.4782198610982913,0.3381145873459815,1,44.31309,6.95072,Rupicapra_rupicapra,153
74,-0.5777741386208455,0.5307406736382781,0.646541430729619,-0.8447532147920221,-1.7948221989384114,1.7692629148793242,-0.5336919595210118,0.4609181764017963,-0.9463664340667625,-0.9524847562421684,-0.1717711260977886,-0.8690233951983634,-0.9657484201293061,-0.6546326471641972,0.025609314459511617,-0.5522837374781897,-1.2248418387670181,-1.757901302515791,-0.6027169173093185,-0.25518284933078883,0.8956824198927347,2.0274448888219165,-0.4077338159855796,-0.9382461946707865,-0.1018587626958605,0.9492864510500796,0.10421095699152937,2.015169000099863,-1.485688406741467,0.22247533572893113,2.0961411452693723,0.4494341937035023,1.0722890417965791,-1.4003820215585638,-0.4447464531642682,-0.5088705668429109,-1.0692424361590103,0.045240257095582645,-0.8653784492847851,-1.48767612791945,0.34787297086334645,1,44.50165,6.712039999999999,Rupicapra_rupicapra,150
75,-0.9006149754473244,-0.5719999319336031,0.09827469306889156,-0.9188421949338328,-2.104046375248139,1.9545671748771616,-0.5302178338670762,0.6768009000613883,-0.9871611124343357,-0.970653456097397,-0.25487884730067517,-1.0722491732920931,-1.390288948867982,-0.692956052790424,-0.05196345374960322,-0.6442780217062148,-1.144149923180424,-1.9128838047637644,-0.7366895493404821,0.1817168523012795,0.4002843830005218,-0.17714351188460326,-0.5224602545248352,-1.1142204652156202,-0.19010022799965218,1.3367117279380845,0.407267317772735,2.740460646732261,-1.456163980843135,0.4738818035722649,2.6085861394856504,0.8363035682676293,1.5298044616136572,-1.4003820215585638,-0.4447464531642682,-0.5013709861344142,-1.2434929646983286,-0.04481559085819328,-0.8653784492847851,-1.9226644016927399,0.2649267109657445,1,45.14335,6.37262,Rupicapra_rupicapra,143
76,-0.6420263163105798,-0.5719999319336031,0.09827469306889156,-0.9156891371656948,-2.104046375248139,1.9339778262909795,-0.5267437082131406,0.6614510093828748,-0.9833428913063362,-0.968954225175685,-0.24564465605591,-1.0363858006873172,-1.390288948867982,-0.6896656587254942,-0.05181788280610345,-0.6455055326324137,-1.3290361786012805,-1.9097763893288993,-0.7240506217903724,0.1817168523012795,0.8956824198927347,1.420349624176997,-0.5089630264613934,-1.1038690375365123,-0.18519792437166374,1.3090384938746555,0.35378678351722814,2.740460646732261,-1.485688406741467,0.4370088549552426,2.6085861394856504,0.7356115392714866,1.4671970883755308,-1.4003820215585638,-0.4447464531642682,-0.4990634228394922,-1.2338123797794776,-0.03981248819409462,-0.8653784492847851,-1.9037518680504228,0.26980590272442695,1,45.13537,6.62682,Rupicapra_rupicapra,143
77,1.3087861396439222,-1.3480025802990012,0.0068969034587703275,-0.8625116876473643,-2.0866146195688846,1.8104416120516884,-0.5302178338670762,0.49840736713010514,-0.9538019173160246,-0.9558832180855925,-0.18562241296493637,-0.892932310268214,-1.178018684498644,-0.6610198783588007,0.004797111062873387,-0.581334829398231,-1.2528489715316202,-1.7672235488203858,-0.6279947724095382,0.8515332822868678,0.8956824198927347,2.9901219244563286,-0.4279796580807424,-0.96930047770811,-0.1214679772078142,1.0162848072036443,0.1309512241192828,2.1728410971938628,-1.485688406741467,0.24258785315639786,2.2195075327658835,0.5183287398587578,1.115632607884513,-1.4003820215585638,-0.4447464531642682,-0.5046400341355538,-1.1079647758344144,0.025227846439187993,-0.8653784492847851,-1.5160449283829254,0.33323539558729903,1,44.67718,6.849939999999999,Rupicapra_rupicapra,148
78,1.3410437372347128,-1.3071603356481907,-0.3586142549817146,-0.7666289568825919,-2.104046375248139,1.7692629148793242,-0.453787334534235,0.4718402370986982,-0.892408940757928,-0.9026188641934658,-0.1717711260977886,-0.8451144801285129,-0.9657484201293061,-0.6567617180761967,0.1219567370086508,-0.34041389529482763,-0.8642744914068186,-1.8827806853256104,-0.6103002738393845,0.18461022780877664,-0.4253790118198329,1.6066214630472784,-0.373990745826975,-0.8657862009170314,-0.11656567357982578,1.1561074635241273,0.23791229263029656,2.6143229690570617,-1.5152128326397993,0.3163337503904424,2.4852197519891392,0.7727086025858549,1.3082706793864405,-1.1132179216560705,-0.39635713812723566,-0.4417589343489282,-0.943394832213947,0.005215435782793342,-0.7132972697861527,-1.7713641325542042,0.37714812141544124,1,45.58087,6.78435,Rupicapra_rupicapra,138
79,-0.6496754180015016,-1.3480025802990012,0.0068969034587703275,-0.5943700551042254,-0.7182218354516856,1.1515818436828698,-0.5232695825592051,0.13620844233813043,-0.4979264105335627,-0.7611252124432152,0.049849463776575495,-0.34302726366165115,-0.5412078913906301,-0.5472110030916558,0.45742603116578423,-0.21058143973426877,-0.8634912067666962,-1.6254475992139024,-0.24377137488620088,0.8515332822868678,0.8956824198927347,3.5822143398488073,-0.07705172843125463,-0.4310262383945012,0.12854950781959554,0.41038662981488483,-0.10971118003049814,0.8799299010230659,-1.2790174254531415,-0.035635304590224834,1.1756381001030949,-0.027528048909804922,0.5569822005289229,-1.1770321660788468,-0.3479678230902031,-0.5044477371943102,-0.5658520203787574,0.27037987698002247,-0.814684722785241,-1.0432315873250013,0.5820741752801049,1,44.03885,7.0566,Rupicapra_rupicapra,156
80,0.01792749624100968,-0.0410507514730677,-0.3586142549817146,-0.8460275602673962,-2.0794145479212567,1.7898522634655063,-0.5163213975147692,0.48748530643320326,-0.9503856142014988,-0.9544454073056824,-0.18562241296493637,-0.892932310268214,-0.9657484201293061,-0.6598585736644758,0.02575488540301139,-0.541678496775968,-1.0274209371574359,-1.7621739894779018,-0.6279947724095382,-0.043966437283497514,0.4002843830005218,2.7138923127617174,-0.42123104404902145,-0.9589490500290022,-0.1214679772078142,1.0323061532403663,0.14877806887111844,2.2359099360314625,-1.485688406741467,0.2526441118701312,2.238486976996116,0.5978224469609756,1.1493442703973502,-1.3365677771357876,-0.4447464531642682,-0.49560207789710914,-1.0789230210778613,0.02022474377508933,-0.8364106055707599,-1.5160449283829254,0.3381145873459815,1,44.77143,6.72986,Rupicapra_rupicapra,147
81,1.5923125438611927,0.5307406736382781,0.646541430729619,-0.7797803417881134,-1.783074695727116,1.7280842177069597,-0.492002650464091,0.44620781445430835,-0.9029592886116107,-0.948171323902438,-0.1717711260977886,-0.8809778527332887,-0.9657484201293061,-0.6523100193169418,0.11060464625377463,-0.3947363649072166,-0.8967863326883544,-1.8765658544558805,-0.6052447028193405,-0.25518284933078883,0.7305497409286638,2.732510246065638,-0.38748797389041684,-0.896840483954355,-0.11166336995183734,1.035219125247043,0.1933451807507075,2.2043755166126626,-1.456163980843135,0.2727566292975979,2.200528088535651,0.5819237055405321,1.2119516436354767,-1.1451250438674587,-0.3479678230902031,-0.47502630518405425,-0.9821171718893511,0.025227846439187993,-0.7712329572142032,-1.7713641325542042,0.3625105461393938,1,44.97081,6.10835,Rupicapra_rupicapra,145
82,-0.6281036384499262,-0.20441973007630937,-0.8155032030323207,-0.7272728210707453,-1.3165857482627847,1.3986542721614514,-0.5475883958733186,0.24902051473982853,-0.6424494295451212,-0.7924956294594371,-0.010172779314398124,-0.4147540088712028,-0.5412078913906301,-0.5909538736948119,0.290200771351371,-0.4315765359692712,-1.0726631710753434,-1.683129039897311,-0.31960494018685953,-0.1235342637396689,0.8956824198927347,4.684426482364606,-0.15803509681190564,-0.5655947982229034,0.0844287751676997,0.5254490240786156,-0.03840380102315564,1.1006708369546654,-1.3085418513514737,0.014645988978441918,1.3844119866356526,0.0784635605598189,0.6147736219795011,-1.4961033881927284,-0.49313576820130073,-0.5244466190836347,-0.7497831338369267,0.24536436365952913,-0.9160721757843292,-1.137794255536586,0.5186446824172328,1,44.10908,7.56203,Rupicapra_rupicapra,155
83,-0.21828643933150285,0.08147598247936355,0.281030272289134,-0.5865609497909294,-1.4890085892429177,1.5427798349869246,-0.41904621052174995,0.3585853967130127,-0.6524638867141724,-0.7562235847844305,-0.06557792678298915,-0.510389669150605,-0.5412078913906301,-0.6354709535803864,0.32469375644649884,0.0542744170900424,-0.5319103221084054,-1.8561734175125082,-0.38279957793740843,-0.24071597179330315,0.8956824198927347,0.34986846869904786,-0.1445378687484638,-0.49313480446914837,0.025601131631838584,0.9900680591435538,0.21117202550254313,2.3305131942878625,-1.4266395549448028,0.3062774916767091,2.3333841981472787,0.6614174126427499,1.3130866311739886,-0.9855894328105179,-0.3479678230902031,-0.4107991268087242,-0.5755326052976083,0.1703178236980492,-0.6770874651436212,-1.629520130236827,0.5430406412106451,1,46.76655,6.34242,Rupicapra_rupicapra,123
84,-0.8087131744526184,0.5307406736382781,0.646541430729619,-0.9111800681205918,-1.9964242366941516,1.8310309606378707,-0.5684330835334968,0.5420464384986704,-0.9658594577202334,-0.9611116209216295,-0.19485660420970155,-0.9168412253380644,-1.390288948867982,-0.6658586909885674,-0.05370986091921757,-0.691952944126211,-1.331582227243601,-1.778099539885727,-0.635578128939604,-0.25518284933078883,0.8956824198927347,0.727033759673332,-0.45497411420762607,-1.0210576161036493,-0.1214679772078142,0.9929810311502305,0.1398646464952006,1.9521001612622633,-1.4266395549448028,0.2694045430596868,2.086651423154256,0.4441346132300211,1.1348964150347056,-1.591824754826893,-0.49313576820130073,-0.5361767324994883,-1.1854094551852226,0.04023715443148398,-0.9450400194983545,-1.5349574620252422,0.3088394367938867,1,44.31752,6.8255,Rupicapra_rupicapra,153
85,-0.3149968189418544,-1.3480025802990012,0.0068969034587703275,-0.7936343118438294,-0.7546011162979096,1.5633691835731067,-0.5753812685779326,0.3437766919274401,-0.7981926597661518,-0.8234739162629562,-0.056343735538223985,-0.5582074992903061,-0.753478155759968,-0.6105026811491345,0.20476883776470442,-0.5467831834407701,-1.1725488476898565,-1.7122610873816555,-0.40049407650756214,0.8515332822868678,0.8956824198927347,4.162699856091932,-0.2457670792242776,-0.7001633580513056,0.030503435259827013,0.6448808763523615,0.0061633108564334285,1.2583429340486652,-1.338066277249806,0.0917439724503976,1.5362475404775129,0.15795726766203677,0.7592521756059468,-1.591824754826893,-0.49313576820130073,-0.5392534835593844,-0.8949919076196919,0.20033643968264117,-0.9595239413553671,-1.2418131905693295,0.45033599779567823,1,44.02435,7.43031,Rupicapra_rupicapra,156
86,0.1412560360662794,-0.5719999319336031,0.09827469306889156,-1.0060171974256793,-2.104046375248139,2.05751404053027,-0.5510625215272543,0.8641486610065855,-1.0219270205998046,-1.0285580175065063,-0.3102839947692662,-1.191793748641346,-1.390288948867982,-0.7163758881982336,-0.16242814875153988,-0.8155278385689223,-1.4778852141609742,-1.9350241489980056,-0.8327453987213165,0.1817168523012795,0.8956824198927347,0.7302188716132163,-0.616940850968928,-1.2694918804022381,-0.24402556790752486,1.585770834508945,0.5231418086596665,3.27654577685186,-1.485688406741467,0.6079652530887095,3.0356236346658823,0.9740926605781403,1.732074436690681,-1.5280105104041166,-0.49313576820130073,-0.5223313527299561,-1.427424078156498,-0.10485282282737723,-0.9160721757843292,-2.0266833367254833,0.19173883458550747,1,45.39661,6.899769999999998,Rupicapra_rupicapra,140
87,-0.07902516231051734,-0.0410507514730677,-0.3586142549817146,-0.8349836316703279,-1.1729632797047214,1.6663160492262155,-0.5719072091874323,0.40640629082624025,-0.8509778922023549,-0.9422893707118963,-0.11174888300681501,-0.7136154472443348,-0.9657484201293061,-0.6314063502330381,0.16096142200941002,-0.5943490217846188,-1.226212811024386,-1.7373146659989822,-0.4965499258883964,-0.043966437283497514,-0.4253790118198329,1.6609178466829664,-0.3267504476049286,-0.8347319178797078,-0.03322651190402253,0.7643127286261073,0.03290357798418687,1.5106182893990645,-1.3971151290464705,0.1487294384948866,1.764000871240303,0.2639488771316606,0.8844669220821998,-1.5599176326155046,-0.49313576820130073,-0.5330999814395923,-1.0111589266459042,0.1302930023852599,-0.9450400194983545,-1.3647446592443897,0.39178569669148866,1,44.12404,7.187810000000002,Rupicapra_rupicapra,155
88,-0.5499869825147555,0.4082139396858469,0.1896524826790128,-0.41176980987898504,-1.188121313390648,1.1104031465105053,-0.36693452450302244,0.1266147606640595,-0.3807673096060003,-0.6280950377837995,0.035998176909427734,-0.2593460609171742,-0.32893762702129203,-0.5808891345647667,0.5364541756956096,0.3676885112924222,-0.21599767047363694,-1.8206323210633406,-0.22228519805101427,-0.3318573002794631,1.0608150988568057,2.8134263956550467,0.010680253981117304,-0.22399768481234394,0.12364720419160712,0.6128381842789175,-0.11862460240641595,1.7944280641682637,-1.5447372585381316,-0.012170700924847016,1.8209392039310006,0.31164510139299134,0.8074116934814287,-0.7303324551194128,-0.29957850805317054,-0.36734001808769245,-0.2463927180566737,0.2603736716518251,-0.5612160902875203,-1.3363758587809142,0.6650204351777069,1,46.14742,5.91571,Rupicapra_rupicapra,131
89,0.2755821963941902,-0.20441973007630937,-0.906880992642442,-1.041321802080823,-2.104046375248139,2.0986927377026348,-0.5719072091874323,0.95093463912808,-1.0371999051118024,-1.0303879584991193,-0.3287523772587965,-1.2635204938508975,-1.390288948867982,-0.6548262040994531,-0.2079821382335922,-0.8877340753405223,-1.539187547559619,-1.9425984880117315,-0.8656066103516019,-0.26096960034578315,0.8956824198927347,1.7975228196258481,-0.6506839211275327,-1.341951874155993,-0.268537086047467,1.6717035087059084,0.5587954981633378,3.4972867127834597,-1.5152128326397993,0.648190287943643,3.2064386327379752,1.0694851091008017,1.7128106295404883,-1.591824754826893,-0.49313576820130073,-0.5352152477932708,-1.5145493424261571,-0.12486523348377188,-0.9522819804268607,-2.064508404010117,0.1575844922747302,1,45.48203,7.0339399999999985,Rupicapra_rupicapra,139
90,-0.7240131808210227,-1.3071603356481907,-0.3586142549817146,-0.7852369933881835,-1.8622755030501894,1.7280842177069597,-0.492002650464091,0.4282012408010017,-0.8989736016446639,-0.9467335131225278,-0.16253693485302345,-0.8451144801285129,-0.9657484201293061,-0.6486325113815001,0.09459517361167158,-0.41640572759219324,-0.9155883019714429,-1.7437237149638054,-0.5926057752692308,0.18461022780877664,0.8956824198927347,-0.13770534909541704,-0.373990745826975,-0.8864890562752471,-0.1018587626958605,0.9915245451468921,0.122037801743365,2.2359099360314625,-1.5152128326397993,0.2157711632531089,2.228997254881,0.5925228664874944,1.1060007043094164,-1.1770321660788468,-0.39635713812723566,-0.4759877898902718,-0.9821171718893511,0.030230949103286654,-0.7784749181427094,-1.4687635942771329,0.3722689296567588,1,44.95129,6.74183,Rupicapra_rupicapra,145
91,0.316342994780215,-1.3071603356481907,-0.3586142549817146,-0.6008559550608535,-1.293469773996449,1.4192436207476335,-0.4503132751437348,0.23677007502009564,-0.7196846744676366,-0.8064162520103855,-0.07019502240537175,-0.6657976171046337,-0.5412078913906301,-0.603921893019275,0.31625241833304374,-0.06902517659053028,-0.5802861428611097,-1.673612575497623,-0.4485220011979793,0.18461022780877664,0.4002843830005218,4.115729120351005,-0.22552123712911482,-0.6277033642975506,-0.013617297392068824,0.746834896586047,-0.011663533895402197,1.7628936447494639,-1.485688406741467,0.08503979997457536,1.839918648161233,0.35404174518084086,0.9085466810199407,-0.8260538217535772,-0.25118919301613796,-0.44272041905514575,-0.6723384544861185,0.1052774890647666,-0.6553615823581023,-1.2985507914962804,0.48449034010645553,1,44.97761,5.8548300000000015,Rupicapra_rupicapra,145
92,-0.3796580398548288,-1.3071603356481907,-0.3586142549817146,-0.7725266436968702,-1.7228214485812523,1.7074947463985797,-0.4850543991562198,0.40866945230695717,-0.8926433929324543,-0.944642151988113,-0.15791983923064085,-0.8331600225935876,-0.9657484201293061,-0.6455356742518263,0.1167172934236163,-0.3881690554242365,-0.8891480373366238,-1.7398394271485673,-0.5850224187391648,0.18461022780877664,0.4002843830005218,3.2054272897218734,-0.3672421317952541,-0.8657862009170314,-0.09695645906787206,0.971133741100155,0.11312437936744718,2.1728410971938628,-1.485688406741467,0.20571490453937558,2.1815486443054186,0.5660249641200885,1.0963688007343202,-1.1770321660788468,-0.39635713812723566,-0.4704111785942102,-0.9530754171327981,0.03523405176738532,-0.7639909962856969,-1.4593073274559745,0.3820273131741237,1,44.95548,6.61517,Rupicapra_rupicapra,145
93,0.9178846055111003,0.5307406736382781,0.646541430729619,-0.8854000491823696,-2.104046375248139,1.892799129118615,-0.5267437082131406,0.6020193544226774,-0.9747016540166532,-0.9650329230486572,-0.23179336918876223,-1.024431343152392,-1.390288948867982,-0.6813428950955419,-0.014850746861958128,-0.5914124336448381,-1.0869605812662673,-1.9022020503151733,-0.6987727666901528,-0.25518284933078883,0.7305497409286638,3.2530188006337477,-0.48196857033450974,-1.0624633268200807,-0.16558870985971003,1.2216493336743537,0.3270465163894747,2.519719710800662,-1.456163980843135,0.40348799257613144,2.437771141413558,0.7303119587980055,1.4094056669249524,-1.3684748993471758,-0.4447464531642682,-0.5013709861344142,-1.1854094551852226,-0.024803180201798634,-0.8508945274277725,-1.8753830675869474,0.2893226697591568,1,44.9672,6.23508,Rupicapra_rupicapra,145
94,-0.14303762868915937,0.5307406736382781,0.646541430729619,-0.8149215649830537,-1.206689913690809,1.6663160492262155,-0.5475883958733186,0.39445110483336776,-0.8891266103145601,-0.9432043412082028,-0.12560016987396277,-0.7494788198491106,-0.9657484201293061,-0.6331483257331311,0.05573605955441213,-0.5350767396899939,-1.1843000598136906,-1.7349840859011765,-0.521827780988616,-0.25518284933078883,0.5654170619645927,2.2899758113055197,-0.34024767566837044,-0.8450833455588157,-0.0479334227879878,0.7992683927062281,0.023990155608269056,1.6052215476554643,-1.3971151290464705,0.16548986968444215,1.8114494818158844,0.29044677949906655,0.9470742953203263,-1.432289143769952,-0.4447464531642682,-0.5215621649649821,-0.9917977568082021,0.1052774890647666,-0.8943462929988103,-1.3931134597078652,0.39178569669148866,1,44.22761,6.8194300000000005,Rupicapra_rupicapra,154
95,0.4460749406860855,0.36737169503503647,-0.08448088615135091,-0.962789115449395,-2.104046375248139,1.9751566461855417,-0.5545366471811899,0.7216207611247887,-1.0018311199261232,-0.9767968294297404,-0.2733472297902055,-1.108112545896869,-1.390288948867982,-0.7005045886793526,-0.10683192941086998,-0.7379644394081377,-1.4030689793486817,-1.9198754894922103,-0.7619674044407017,-0.1336610780159089,0.7305497409286638,3.225666814243899,-0.5562033246834398,-1.1763290312902672,-0.20480713888361746,1.3294292979213926,0.3983538953968172,2.6458573884758616,-1.456163980843135,0.4738818035722649,2.5611375289100695,0.7091136369040807,1.5201725580385608,-1.5280105104041166,-0.49313576820130073,-0.5240620252011476,-1.3306182289679878,-0.04981869352229194,-0.9233141367128356,-1.9510332021562153,0.23565156041364968,1,44.87724,6.22989,Rupicapra_rupicapra,146
96,1.0780507366287406,-1.3071603356481907,-0.3586142549817146,-0.7421068804595953,-1.406018255428561,1.6457267006400333,-0.4850543991562198,0.3640464270614636,-0.8804518798570876,-0.8969002985915504,-0.13945145674111054,-0.809251107523737,-0.9657484201293061,-0.6356645105156423,0.15091913663174458,-0.33727650283515537,-0.8325462336149434,-1.7246907861644292,-0.5572167781289233,0.18461022780877664,1.143381438338841,3.3534150190897525,-0.34024767566837044,-0.8243804902006,-0.07734724455591836,0.9012224129399136,0.09529753461561155,1.9836345806810634,-1.456163980843135,0.18560238711190885,2.0297130904635585,0.4706325155974271,1.0626571382214827,-1.1132179216560705,-0.3479678230902031,-0.47387252353659326,-0.904672492538543,0.050243359759681305,-0.7495070744286843,-1.4214822601713406,0.3966648884501711,1,44.78728,6.22472,Rupicapra_rupicapra,147
97,1.6768726345715934,0.20400271643179482,0.281030272289134,-0.5500800684221511,-1.360923041968624,1.4398330306949148,-0.4155721511312498,0.29418465080739414,-0.6117696878499677,-0.6836794954344175,-0.03787535304869364,-0.4267084664061281,-0.5412078913906301,-0.628503051580015,-0.08732964242953824,0.12270668090111453,-0.47217478212715897,-1.8645245918632936,-0.33224386773696934,-0.28845666766700595,0.9782487593747701,-0.02447637270411421,-0.09729757052641738,-0.42067481071539337,0.05991725702775757,0.858984318843101,0.09529753461561155,2.141306677775063,-1.456163980843135,0.1956586458256422,2.086651423154256,0.6402190907488252,1.120448559672061,-0.9536823105991298,-0.3479678230902031,-0.40849156351380217,-0.5077685108656512,0.20533954234673985,-0.6770874651436212,-1.4498510606348158,0.17710125930946008,1,47.03251,6.4907,Rupicapra_rupicapra,120
98,1.3724754796521053,0.5307406736382781,0.646541430729619,-0.8228124358119839,-1.4662715025744248,1.7074947463985797,-0.5406401445654475,0.4169347549581971,-0.8992080538191902,-0.946472092980726,-0.1440685523634931,-0.7972966499888117,-0.9657484201293061,-0.6399226523396412,0.04671254870505367,-0.535403571825717,-1.1964430636823549,-1.742752624488339,-0.5546889926189014,-0.25518284933078883,0.8956824198927347,0.798984043764263,-0.3672421317952541,-0.8761376285961393,-0.07244494092792994,0.8546148608330859,0.04181700036010468,1.7944280641682637,-1.456163980843135,0.18225030087399774,1.9348158693123958,0.35934132565432203,0.9807859578331636,-1.4003820215585638,-0.4447464531642682,-0.5127165056677809,-1.0208395115647553,0.08026197574427328,-0.8798623711417978,-1.430938526992499,0.37714812141544124,1,44.40743,6.8315800000000015,Rupicapra_rupicapra,152
99,1.0547758941287066,0.4082139396858469,0.1896524826790128,-0.5532331261902892,-1.3271964079825365,1.4604223792810969,-0.4120979592138788,0.30692702993015675,-0.6208128431531242,-0.6887118331641031,-0.04710954429345881,-0.45061738147597863,-0.5412078913906301,-0.6279223992328524,-0.09693521497670433,0.1157149377405952,-0.4747208307694794,-1.862970884145861,-0.3448827952870791,-0.39261818593690306,0.6479834014466282,0.6179128795863301,-0.1040461845581383,-0.4310262383945012,0.05011264977178072,0.8924834969198834,0.122037801743365,2.2043755166126626,-1.456163980843135,0.22247533572893113,2.1815486443054186,0.6190207688549004,1.1782399811226394,-0.9217751883877416,-0.29957850805317054,-0.40329954610022756,-0.5174490957845023,0.19533333701854252,-0.6698455042151149,-1.4687635942771329,0.16734287579209514,1,46.8565,6.34797,Rupicapra_rupicapra,122
100,-0.3365736020802584,0.36737169503503647,-0.08448088615135091,-1.030882340015188,-2.104046375248139,2.0986927377026348,-0.5614848322256256,0.9157085348096192,-1.0339845610040133,-1.0298651182155156,-0.3287523772587965,-1.2515660363159722,-1.390288948867982,-0.724892208763442,-0.18746102120490565,-0.8512668065824225,-1.5115721318274626,-1.9424042699166382,-0.860551039331558,-0.32173048600322307,-0.4253790118198329,5.536414264938523,-0.6439353070958117,-1.3212490187977775,-0.2636347824194786,1.6367478446257877,0.5855357652910913,3.27654577685186,-1.456163980843135,0.6649507191331986,3.0356236346658823,0.9740926605781403,1.8235775206540967,-1.591824754826893,-0.5415250832383333,-0.5302155273209397,-1.4855075876696042,-0.11986213081967322,-0.9377980585698482,-2.064508404010117,0.16734287579209514,1,45.31527,6.63853,Rupicapra_rupicapra,141
101,-0.03148015855156593,-1.3480025802990012,0.0068969034587703275,-0.7425807215941006,-1.3343965010880539,1.5016011378145602,-0.5441142702193831,0.29182314648859253,-0.79578115168531,-0.821905395412145,-0.06096083116060657,-0.6060253294300073,-0.753478155759968,-0.6035347791487632,0.28263274786081877,-0.43018854962424685,-1.081476692236796,-1.6994429894520091,-0.42071636058773776,0.8515332822868678,0.8956824198927347,0.771228694385123,-0.2457670792242776,-0.7001633580513056,0.015796524375861733,0.6405114183423464,-0.029490378647237823,1.3214117728862649,-1.3675907031481382,0.08168771373666425,1.583696151053094,0.16855642860899916,0.7737000309685914,-1.3684748993471758,-0.4447464531642682,-0.517716226140112,-0.8465889830254368,0.16531472103395053,-0.8726204102132914,-1.2607257242116463,0.4600943813130432,1,44.13329,6.9382199999999985,Rupicapra_rupicapra,155
102,-0.8080650124483051,0.5307406736382781,0.646541430729619,-0.7290535144587915,-2.104046375248139,1.7898522634655063,-0.4433650238358636,0.5193167060660231,-0.8729494102722466,-0.8933057716417749,-0.16253693485302345,-0.809251107523737,-0.9657484201293061,-0.6561810657290341,0.16474537823563826,-0.2524403184845472,-0.7912210205967242,-1.8769542721244101,-0.582494633229143,-0.25518284933078883,1.473646796266983,3.9003564496584535,-0.34024767566837044,-0.8036776348423843,-0.09695645906787206,1.2755393157978732,0.4161807401486528,2.7089262273134613,-1.4266395549448028,0.49064223476182045,2.523178640449604,0.7939069244797797,1.5779639794891391,-1.0174965550219062,-0.3479678230902031,-0.4352208383466491,-0.885311322700841,0.025227846439187993,-0.6988133479291401,-1.865926800765789,0.40154408020885357,1,45.94904,6.55121,Rupicapra_rupicapra,133
103,0.13611682569993186,-0.5719999319336031,0.09827469306889156,-0.8961988806606218,-2.104046375248139,1.9133884777047971,-0.5232695825592051,0.6187467955430642,-0.9769122030907582,-0.9659478935449637,-0.2364104648111448,-1.024431343152392,-1.390288948867982,-0.6840526368133091,-0.027076152239737205,-0.6068068713795638,-1.1067418804866622,-1.9051152476549449,-0.7088839087302407,0.1817168523012795,0.4002843830005218,2.4584876262798367,-0.4954657983979516,-1.0728147544991886,-0.17049101348769846,1.2522355397444593,0.3359599387653925,2.582788549638262,-1.456163980843135,0.41019216505195366,2.5041991962193717,0.7727086025858549,1.423853522287597,-1.3684748993471758,-0.4447464531642682,-0.5006017983694402,-1.1950900401040736,-0.029806282865897295,-0.8508945274277725,-1.884839334408106,0.28444347800047437,1,45.04948,6.4941,Rupicapra_rupicapra,144
104,-0.8294448122736664,0.4082139396858469,0.0068969034587703275,-0.6156900144497034,-2.104046375248139,1.2957074065083427,-0.40514984043287844,0.12322005597841854,-0.7034069949219547,-0.7968090617991676,-0.07942921365013692,-0.6179797869649325,-0.5412078913906301,-0.6304385840153638,-0.7310523770879453,-0.05291364058372332,-0.6163233627222727,-0.06921363889928772,-0.4712720707881769,-0.3347506757869602,-0.26024633285576193,2.7779664531746766,-0.21202400906567298,-0.596649081260227,-0.03812881553201095,0.5443833421220143,0.16660491362295407,1.226808514629865,-0.8951998887748225,0.27610871553550903,1.0902306010670484,0.968793080104659,0.34026437008925436,-0.7303324551194128,-0.25118919301613796,-0.3873388999770168,-0.6916996243238206,0.060249565087878626,-0.6046678558585581,-0.2299926407053723,-0.22299246490250224,1,47.428772,10.209974,Rupicapra_rupicapra,115
105,1.6630951265656386,-1.3480025802990012,0.0068969034587703275,-0.34143830417972393,-0.8391072173412559,0.6368476534797988,-0.3843050865092649,-0.05404193374794047,-0.39476745374199834,-0.6372447427468642,0.0821691331332536,-0.3549817211965764,-0.32893762702129203,-0.5083069451182665,-0.6093810512365366,0.3595151873430292,-0.14294405023877338,-1.1226284344446662,-0.23113244733609112,0.8515332822868678,0.8956824198927347,3.2030709736796594,-0.002816974082324531,-0.25505196784966755,0.12364720419160712,0.2618250574743717,-0.24341251566926533,1.0376019981170657,-1.3675907031481382,-0.17307084034458062,1.147168933757746,-0.027528048909804922,0.3787919843896399,-0.34744698858275497,-0.15441056294207287,-0.39060794797815634,-0.22703154821897167,0.20533954234673985,-0.46707059821693836,-0.5893307799093944,-0.05709994510729836,1,44.50982,6.46071,Rupicapra_rupicapra,150
106,1.5472310165753131,-1.3071603356481907,-0.3586142549817146,-0.5788171571760976,-1.4056392955515122,1.316296816455624,-0.42599446182962114,0.16390719064533021,-0.6973782247198503,-0.7946523456293023,-0.051726639915841394,-0.6060253294300073,-0.5412078913906301,-0.5897925505418815,0.3404119761635066,-0.03393441164312354,-0.5448366106171921,-1.6646787653832147,-0.4282997171178036,0.18461022780877664,0.4002843830005218,3.7924395540936193,-0.19852678100223115,-0.5759462259020113,0.0010896134918964551,0.6317725023223162,-0.0829709129027447,1.668290386493064,-1.485688406741467,0.011293902740530801,1.764000871240303,0.30104594044602895,0.7303564648806578,-0.7941466995421891,-0.29957850805317054,-0.42368302187203893,-0.6142549449730125,0.1052774890647666,-0.6119098167870645,-1.2607257242116463,0.5137654906585504,1,44.86554,6.609380000000002,Rupicapra_rupicapra,146
107,-0.08836290871943109,-0.653684421235224,0.281030272289134,-0.9280890271827062,-2.104046375248139,1.9545671748771616,-0.5371660851749473,0.7057296094824657,-0.9927879646229665,-0.9730062373736136,-0.2641130385454403,-1.0961580883619437,-1.390288948867982,-0.6974077515496788,-0.061569026296769316,-0.6583074381645787,-1.158643229243763,-1.9173507098209683,-0.7493284768905919,-0.1336610780159089,0.8956824198927347,7.217281216082878,-0.535957482588277,-1.1452747482529437,-0.19990483525562902,1.36729793400819,0.44292100727640626,2.740460646732261,-1.4266395549448028,0.5074026659513761,2.6085861394856504,0.8416031487411104,1.5827799312766873,-1.432289143769952,-0.4447464531642682,-0.5107935362553458,-1.2725347194548817,-0.04981869352229194,-0.8798623711417978,-1.9321206685138983,0.2502891356896971,1,45.15075,6.11836,Rupicapra_rupicapra,143
108,0.868733582053498,-0.5719999319336031,0.09827469306889156,-0.9631485347190339,-2.104046375248139,1.9957459947717238,-0.5441142702193831,0.7552724791834692,-1.0016301609193863,-0.9771889596424431,-0.2733472297902055,-1.108112545896869,-1.390288948867982,-0.7010852410265151,-0.11250797478830807,-0.7394900761342315,-1.4107072747004124,-1.9206523433509266,-0.7695507609707676,0.1817168523012795,-1.4161750856042585,4.694115959465526,-0.5562033246834398,-1.1866804589693751,-0.20970944251160586,1.4211879161317096,0.37161362826906374,3.0558048409202607,-1.5447372585381316,0.4705297173343538,2.874298358708906,0.88399979252896,1.5105406544634643,-1.4961033881927284,-0.49313576820130073,-0.5167547414338944,-1.3306182289679878,-0.06482800151458794,-0.9015882539273167,-1.9604894689773738,0.23077236865496722,1,45.30217,7.0209100000000015,Rupicapra_rupicapra,141
109,0.17948146433690523,-1.3071603356481907,-0.3586142549817146,-0.8472528464333897,-2.104046375248139,1.8516204319462508,-0.49547670985459114,0.5588722975280107,-0.9572182204305504,-0.9574517389364036,-0.2087078910768493,-0.940750140407915,-1.178018684498644,-0.672633036053683,0.025900456346511162,-0.5096447465479143,-1.0162572632260782,-1.8959872194454435,-0.6684393405698893,0.18461022780877664,0.4002843830005218,0.6152528282392189,-0.4482255001759051,-0.9900033330663258,-0.15088179897574475,1.2114539316509851,0.25573913738213216,2.6773918078946615,-1.5152128326397993,0.3431504402937313,2.5611375289100695,0.8151052463737045,1.3275344865366332,-1.2727535327130113,-0.4447464531642682,-0.4775261654202198,-1.0982841909155634,-0.014796974873601309,-0.8002008009282284,-1.8375580003023135,0.3185978203112516,1,45.30668,6.89347,Rupicapra_rupicapra,141
110,0.9826715744614782,0.44905618433665734,-0.17585867576147213,-0.5299526890364128,-0.8538862911501337,0.6368476534797988,-0.5336919595210118,-0.019061836666428984,-0.1726742581300297,-0.39624804952328496,0.1144888024899317,-0.1398014855679214,-0.11666736265195404,-0.6646973862942425,-0.4629679670592376,0.33605636970415154,-0.37463940770732046,0.17044608212201115,-0.05924303265459814,-0.3984049369518973,0.2351517040364509,-0.5330000024963625,0.11190946445693108,-0.17224054641680464,0.24130249126332934,0.08850322307710635,-0.3592870065561969,0.7537922233478662,-1.3675907031481382,-0.29374594490938083,0.7770697712682119,0.06786439961285652,0.25839318970093517,-1.1132179216560705,-0.25118919301613796,-0.5071398943717194,-0.32383739740748185,0.425476059567081,-0.8581364883562788,0.1577142989621253,0.16734287579209514,0,51.79166666666667,6.541666666666668,Rupicapra_rupicapra,63
111,0.9039949118215144,0.28568720573341566,1.0120525891701038,-0.39500787917394714,-0.6822214422033045,0.32800713322184627,-0.453787334534235,-0.09246590693413526,-0.19558358489802646,-0.4012477097352453,0.09140332437801876,-0.18761931570762252,-0.11666736265195404,-0.5930829446068113,-0.3330008740378735,0.3888931113987935,-0.2351914315015557,0.30872610601681505,-0.10979874285503725,-0.24794941056204597,0.31771804351848637,-0.30119533789722963,0.09841223639348924,-0.1618891187376968,0.21188866949539878,0.04043918496694034,-0.3236333170525256,0.6907233845102664,-1.2199685736564772,-0.32391472105058083,0.7296211606926305,0.020168175351525798,0.3210005629390616,-0.6984253329080246,-0.15441056294207287,-0.4523352661173209,-0.2367121331378227,0.3604357249337984,-0.6988133479291401,0.1671705657832838,0.1624636840334127,0,48.20833333333334,5.124999999999999,Rupicapra_rupicapra,106
112,0.40299945669847154,-0.08189299612387813,0.281030272289134,-0.341046228560853,-0.36958669927934246,0.7192051245259011,-0.3148228384842949,0.0021426809254804953,-0.019543494996577645,-0.2947843569864424,0.1421913762242272,0.25469561308461275,-0.11666736265195404,-0.5263073340077522,0.8605713790978669,0.42695519215078787,-0.10122734432526224,-1.5706793558702654,0.012166908003522102,-0.1886352126583546,-0.5905116907839039,-0.4223215300435057,0.21988728896446577,0.1486537116355391,0.27071631303125987,0.3215409836112446,0.0061633108564334285,0.6907233845102664,-1.0723464441648158,-0.0088186146869359,0.8434978260740257,-0.25011042879601497,0.5232705380160856,-1.1132179216560705,-0.49313576820130073,-0.3183042980705991,0.044024829508856854,0.4354822648952783,-0.5974258949300518,-0.7122622485844546,0.8601881055250056,0,44.04166666666667,11.124999999999998,Rupicapra_rupicapra,156
113,-1.0031188502385349,0.612425162939899,0.0068969034587703275,0.3916584458860839,0.6437288826035402,-0.9073549784905133,-0.3252451491826662,-0.3847046938662386,0.30440242386316607,0.34468198737860467,0.4146000179447998,0.26665007061953805,0.30787316608672194,-0.10668549684763215,1.6776321040191007,1.193876740819295,0.6575112889613138,-1.0464967192471613,0.2832719039533768,-0.4403588818106059,1.5562131357490183,-0.2059382605382433,0.449340166042977,0.5109536804043143,0.4471992436388432,-0.4372882241280431,-0.6266896778337313,-0.25530919805373126,-0.8361510369781581,-0.5987857925592924,-0.23833049504922818,-0.7959672175645777,-0.03537986933950441,0.5459524333361133,0.0875360122430899,-0.31772740724686865,0.7216657738284282,0.5105288048567582,-0.19911804386220508,-0.7406310490479301,1.0260806253202095,0,35.79166666666667,7.791666666666668,Rupicapra_rupicapra,255
114,1.4054936224408467,0.12231822713017397,0.5551636411194977,-0.4199220312158148,-0.8785181772038713,0.1427028118629099,0.015217839634312839,-0.24985175809141577,-0.4541173470649373,-0.5750267489980242,-0.13021726549634535,-0.008302452683743352,-0.32893762702129203,-0.6838590798780532,-0.752446725460963,0.6287817376596303,-0.1411814356613444,0.40194871723601916,-0.2665214444763985,0.23524429918997664,-0.26024633285576193,-0.5087087597479196,0.03092609607628006,-0.027320558909294565,-0.008714993764080397,-0.08627509732349734,-0.19884540378967627,0.21770709322826756,-0.5409067779948358,-0.14290206420338056,0.1887070001310036,0.3063455209195101,-0.14614676045311276,-0.6984253329080246,-0.5415250832383333,-0.039473733267519476,-0.10118394427390842,0.07025577041607596,-0.17739216107668615,0.290102034458344,-0.17420054731567758,0,50.20833333333334,20.95833333333333,Rupicapra_rupicapra,82
115,0.22589552579924996,0.12231822713017397,0.4637858515093765,-0.5234505356907013,-0.770896029614983,0.4103646042679486,-0.3565122138046511,-0.13536695659185274,-0.5680611038847106,-0.6521130133118443,-0.04710954429345881,-0.3191183485918006,-0.32893762702129203,-0.6766976394010311,-0.46093041800262374,0.3697648895736996,-0.3593628170038592,0.18559472310614925,-0.30127849523920036,-0.15102133106089174,-0.9207770487120457,0.17745653901609182,-0.05005727230437096,-0.30680910624520685,0.07462416791172284,-0.022189713176609317,-0.3414601618043613,0.6276545456726665,-1.2199685736564772,-0.29374594490938083,0.6442136616565842,0.06786439961285652,0.12354653964958584,-0.8579609439649654,-0.29957850805317054,-0.3459950576096636,-0.391601491839439,0.2353581583313318,-0.6336356995725834,0.034782830287065095,0.02584631479030359,0,50.29166666666667,11.374999999999998,Rupicapra_rupicapra,81
116,-1.7060317904954434,-0.16357748542549896,-0.17585867576147213,-0.5044667766693656,-0.5082828339941818,-0.0631908887627581,-0.05773860030802817,-0.2958030872888715,-0.5077734018636666,-0.6063644884965208,-0.15791983923064085,-0.1398014855679214,-0.32893762702129203,-0.7192791868512568,-0.7945077340466431,0.5595865854700581,-0.2494886922677103,0.29454859255145743,-0.33666749237950777,0.3914865765948223,-0.17767999337372647,-0.38570514728155675,-0.029811430209208203,-0.14118626337948106,-0.03322651190402253,-0.2523145017040708,-0.3592870065561969,0.09156941555306787,-0.5999556297915002,-0.32391472105058083,0.027381724174027153,0.020168175351525798,-0.22801794084143198,-0.8898680661763535,-0.5415250832383333,-0.06985664998399299,-0.22703154821897167,0.08526507840837194,-0.29326353593278703,0.18608309942560075,-0.2034756978677724,0,51.62500000000001,20.791666666666668,Rupicapra_rupicapra,65
117,-0.9727595871558569,0.1631604717809844,-0.17585867576147213,-0.49936959419595617,-1.6872000513495231,1.1104031465105053,-0.40514984043287844,0.09916201959380895,-0.5828315908798665,-0.666066313380518,-0.005555683692015537,-0.4147540088712028,-0.32893762702129203,-0.612438195125878,-0.4350242864454029,0.20791576755567753,-0.3797316544167306,0.16539648573621316,-0.3069660126367498,-0.3173904227419774,-0.26024633285576193,-0.20856047214819456,-0.0635545003678128,-0.368917672319854,0.07462416791172284,0.5006887620218634,-0.06514406815090908,1.5106182893990645,-1.3085418513514737,0.034758506405908614,1.4508400414414664,0.5872232860140133,0.5617981523164711,-0.6984253329080246,-0.25118919301613796,-0.39656915315670493,-0.4400044164336941,0.19533333701854252,-0.6119098167870645,-0.02195477063988577,0.030725506548986058,0,47.95833333333334,8.458333333333332,Rupicapra_rupicapra,109
118,-0.011438949876199216,0.08147598247936355,0.0068969034587703275,-0.5307695464804085,-0.5772519414745527,0.20447091898255534,-0.40514984043287844,-0.17974397460039698,-0.4736438638861977,-0.6390746837394772,0.003678507552749635,-0.2593460609171742,-0.32893762702129203,-0.679600919595449,-0.7534654999892699,0.37177797388524825,-0.3617131191985337,0.1832641059650296,-0.24377137488620088,-0.24071597179330315,-0.095113653891691,0.0671366049207611,-0.016314202145766368,-0.2654033955287754,0.11384259693563026,-0.14162156545035517,-0.37711385130803254,0.46998244857866694,-1.1313952959614804,-0.3607876696676031,0.39748088666356135,-0.038127209856767305,-0.04501177291460079,-0.8898680661763535,-0.29957850805317054,-0.3759933804436501,-0.381920906920588,0.2753829796441211,-0.6843294260721275,0.07260789757169901,-0.0814959039007107,0,51.29166666666667,10.70833333333333,Rupicapra_rupicapra,69
119,-1.3106676394117027,-0.4903154426319823,-0.44999204459183584,-0.18167736118010835,-0.7769592430893537,0.45154333979099975,-0.19322890444059732,-0.08557815472476864,-0.22934469802981117,-0.4244160698024341,0.035998176909427734,-0.08002919789329502,0.09560290171738395,-0.5315332605080307,-0.5935172050569811,0.7923112305554059,0.18452391764741402,0.6196620528149724,-0.15529888203543246,-0.19152858816585172,0.6479834014466282,0.21552636682181597,0.12540669252037293,0.04513943484446047,0.14325641870356082,0.29095477754113896,-0.163191714286005,1.1322052563734655,-1.2790174254531415,-0.13954997796546945,0.9858436578007695,0.23745097476425464,0.35471222545189895,-0.28363274415997863,-0.25118919301613796,-0.20542599356066277,0.06338599934655889,0.24536436365952913,-0.3077474577897996,0.2049956330679177,-0.01806641103783862,0,44.54166666666667,17.958333333333332,Rupicapra_rupicapra,150
120,-1.0378370933256391,0.6532674075907094,0.1896524826790128,-0.1170803104059872,-0.41581879237042624,-0.0631908887627581,-0.5024249611624623,-0.13310383264657022,0.09942423699161608,0.011926824382576544,0.3130239142523829,0.11124212266550942,0.09560290171738395,-0.39353030363344715,0.8035197834364864,0.5608885928385041,0.15083699998092548,0.1883137023508276,0.1530909501872461,-0.3622377431081831,1.143381438338841,-0.366945579097956,0.3008706573451168,0.1486537116355391,0.3785669928470053,0.001114062876804509,-0.37711385130803254,0.7537922233478662,-1.4266395549448028,-0.34737932471595867,0.8055389376135607,-0.23421168737557138,0.2246815271880978,-0.34744698858275497,-0.009242617830975207,-0.4869487155411515,0.10210833902196297,0.4905163942003636,-0.6336356995725834,-0.02195477063988577,0.8553089137663231,0,43.70833333333334,1.2916666666666667,Rupicapra_rupicapra,160
121,-0.048239935980718275,0.44905618433665734,0.9206747995599827,-0.12377850156113422,-0.5412515482261716,0.20447091898255534,-0.5406401445654475,-0.05433711240393207,0.03632310887625657,-0.16541406431225256,0.29917262738523515,-0.04416582528851919,0.09560290171738395,-0.4198534561528853,-0.14598218535512897,0.6276057581070158,0.1618047780398681,0.21919360156106973,0.1202297385569607,-0.308710296219486,0.7305497409286638,-0.11798826338499681,0.26037897315479125,0.055490862523568336,0.3540554747070631,0.16860995326071637,-0.3147198946766078,0.9745331592794657,-1.4266395549448028,-0.29709803114729194,1.0997203231821648,-0.06992469269765444,0.4125036469024772,-0.21981849973720233,0.0875360122430899,-0.5144471781389724,0.053705414427707876,0.47050398354396894,-0.6408776605010896,-0.07869237156683664,0.2893226697591568,0,44.54166666666667,1.5416666666666667,Rupicapra_rupicapra,150
122,-0.7014273848966254,0.44905618433665734,-0.5413698342019571,-0.5552425635940246,-0.45106126586470946,0.06034535615708228,-0.26271115246556737,-0.24094681410284713,-0.41335616186515356,-0.6011034081427586,-0.03787535304869364,-0.06807474035836975,-0.32893762702129203,-0.7171501159392575,-0.7927612713579808,0.4633881533368002,-0.3405608477207708,0.2042392157153389,-0.236188018356135,-0.36802449412317734,0.1525853645544154,-0.4933415807407452,0.03092609607628006,-0.12048340802126532,0.09913568605166498,-0.22464126764064193,-0.47516149744312847,0.2807759320658674,-1.101870870063148,-0.42112522195000324,0.2646247770519337,-0.13351965837942875,-0.07390748363988993,-1.1132179216560705,-0.49313576820130073,-0.25042347781164254,-0.26575388789437576,0.2603736716518251,-0.5757000121445329,0.2049956330679177,-0.0961334791767581,0,53.12500000000001,13.95833333333333,Rupicapra_rupicapra,47
123,1.2974495919703106,0.3265294503842261,-0.17585867576147213,-0.2581188448921666,-0.3593549994366397,-0.10436958593512242,-0.036893846384414695,-0.26239733893170586,-0.22344990049886462,-0.5132662404973375,-0.04710954429345881,0.06342429252580832,0.09560290171738395,-0.6172770077556448,-0.6710899455065721,0.8212362946596157,0.08914280012506569,0.6068441771452098,-0.16604197045302577,-0.40129831245939446,-0.095113653891691,-0.5558586668399552,0.118658078488652,0.10724800091910765,0.0844287751676997,-0.12268724740695644,-0.2879796275488544,0.4069136097410671,-0.9837731664698192,-0.3172105485747586,0.3595219982030963,0.020168175351525798,0.012779648535977482,-0.41126123300553125,-0.39635713812723566,-0.0762024490450286,0.06338599934655889,0.1703178236980492,-0.19911804386220508,0.2806457676371855,-0.07661671214202823,0,47.79166666666667,21.95833333333333,Rupicapra_rupicapra,111
124,-1.205566968893105,0.44905618433665734,0.37240806189925524,-0.3106591715298318,-0.32903893206478635,0.32800713322184627,-0.6170706438982887,-0.027277967898626583,-0.14534383321382302,-0.40271819803288067,0.2160649061823486,-0.21152823077747307,-0.11666736265195404,-0.4467572425608806,0.8188015123991864,0.2311622983403323,-0.4042134086017055,-1.4896922623820557,0.01911831815608248,0.4131868929010508,1.2259477778208765,0.7158031448182184,0.13215530655209384,-0.1825919740959125,0.31483704568315574,0.10015511110381327,-0.26123936042110096,0.5330512874162667,-1.1313952959614804,-0.21664796143742512,0.6347239395414679,-0.3561020382656388,0.40287174332738085,-0.6984253329080246,-0.009242617830975207,-0.6230949499415518,-0.21735096330012066,0.45549467555167295,-0.8219266837137473,-0.7311747822267716,0.6942955857298017,0,42.79166666666667,-3.791666666666667,Rupicapra_rupicapra,171
125,-0.8795600137458108,0.24484496108260523,-1.272392151082927,-0.6184183901067603,-0.5571675739454021,0.2662390261022008,-0.39820158912500725,-0.1848606173383796,-0.3649250412415815,-0.621232759061501,0.026763985664662565,-0.0919836554282203,-0.32893762702129203,-0.7113435370918163,-0.5299162771547837,0.2552520952438064,-0.4899974214729407,0.0560542541873463,-0.1932156646857618,-0.38249137166066305,-0.8382107092300103,-0.6068486212372874,0.02417748204455914,-0.19294340177502037,0.14815872233154925,-0.17512074352713755,-0.47516149744312847,0.3753791903222672,-1.2199685736564772,-0.4043647907604477,0.36901172031821255,-0.1070217560120228,-0.0016682068266670863,-1.208939288290235,-0.4447464531642682,-0.368686096676397,-0.3625597370828859,0.3204109036210091,-0.7350231525716716,0.13880176531980837,0.055121465342398396,0,53.37500000000001,11.624999999999998,Rupicapra_rupicapra,44
126,-0.14614130092962,0.48989842898746777,0.1896524826790128,-0.1275196727575787,0.24393524721768337,-0.33085266582752204,-0.5024249611624623,-0.23760131837168288,-0.06696982058646568,-0.2356707274214994,0.22991619304949637,-0.2593460609171742,-0.11666736265195404,-0.38714307243884355,0.874397842777952,0.6058850040793612,0.2099847029201572,-1.3947217994369536,0.021646103666104435,-0.3564509920931888,0.07001902507237993,-0.40733932242638216,0.18614421880586118,-0.04802341426751029,0.3344462601951094,-0.19259857556719792,-0.4395078079394572,0.18617267380946764,-1.0428220182664836,-0.4110689632362699,0.21717616647635238,-0.5468869353109617,0.08983487713674851,-0.12409713310303788,0.039146697206057346,-0.5532911602701601,0.06338599934655889,0.4054636489106863,-0.5394902075020014,-0.6366121140151868,0.7626042703513563,0,42.458333333333336,-4.625,Rupicapra_rupicapra,175
127,-1.5372301826851493,0.8983208754955719,-0.7241254134221995,-0.12077242229305107,-0.46697714702552795,0.12211343259617825,-0.5232695825592051,-0.08424977570193766,0.03592119086278294,-0.16476051395774793,0.29455553176285254,-0.03221136775359391,0.09560290171738395,-0.41907926532907214,-0.4898928176257175,0.6410445242018494,0.17571024706119234,0.22152421870218938,0.11517416753691678,-0.2624162880995317,-1.0859097276761167,-0.3615391532804919,0.26037897315479125,0.06584229020267619,0.34915317107907473,0.11617645714053527,-0.3236333170525256,0.848395481604266,-1.3971151290464705,-0.3172105485747586,1.0238025462612346,-0.12822007790594755,0.34508032187680254,-0.1879113775258142,0.0875360122430899,-0.5011786891931708,0.0730665842654099,0.4655008808798703,-0.6191517777155707,-0.06923610474567816,0.17222206755077762,0,44.45833333333334,1.9583333333333328,Rupicapra_rupicapra,151
128,-0.0908117694520299,0.612425162939899,0.1896524826790128,0.08023972191430188,0.39741060029981257,-0.7838187642512223,-0.3877792784266359,-0.3534636703131192,0.27908158901432756,0.31997778397833,0.38689744421050426,0.39814910350371613,0.30787316608672194,-0.25359185124072536,-0.362254360028919,0.7922826642504841,0.44618491833040735,0.4339938509301932,0.2643135126282122,-0.43457213079561163,1.3910804567849475,-0.0133404158884938,0.4290943239478142,0.40743940361323566,0.46190615452280853,-0.4285493081080129,-0.5642957212023066,-0.09763710095973166,-0.8951998887748225,-0.5987857925592924,0.01789200205891089,-0.6528785447805855,-0.25691365156672114,-0.09219001089164974,-0.05763193286800776,-0.40772237574882814,0.4312482262628976,0.5355443181772516,-0.4525866763599257,0.1577142989621253,0.2746850944831094,0,41.458333333333336,0.1249999999999997,Rupicapra_rupicapra,187
129,1.418257245747317,0.3265294503842261,0.1896524826790128,-0.3069996661349782,-0.7424746893491683,0.6574370174062557,-0.3321934004905374,-0.018717449055960653,-0.1465495872542439,-0.363309111656252,0.10063751562278393,-0.04416582528851919,-0.11666736265195404,-0.559985465480863,0.1094403007819679,0.5835789208626225,-0.0193602029289462,-1.133698606561787,-0.09210424428488356,-0.3550043043394402,0.07001902507237993,0.12866949589148793,0.13215530655209384,-0.016969131230186705,0.20698636586741034,0.322997469614583,-0.20775882616559407,1.3529461923050647,-1.4266395549448028,-0.20323961648578065,1.2610455991391412,0.18975475050292392,0.4751110201406037,-0.6346110884852483,-0.29957850805317054,-0.3398415554898715,-0.023739264923100276,0.3454264169415024,-0.5177643247164825,-0.42857424394970034,0.34787297086334645,0,46.37500000000001,6.291666666666668,Rupicapra_rupicapra,128
130,-0.4770257327664565,0.20400271643179482,0.1896524826790128,-0.597964247800615,-0.6105996878627973,0.34859649714830315,-0.3947273972076363,-0.16439404638644914,-0.37155668846389633,-0.624206413174497,0.022146890042279977,-0.1398014855679214,-0.32893762702129203,-0.7094080046564676,-0.5207473064000212,0.3153161120836661,-0.4380962221406092,0.10752075287108324,-0.2033268067258496,-0.25084278606954313,-0.5079453513018684,-0.4311415345075844,0.017428868012838224,-0.20329482945412822,0.14325641870356082,-0.11831778939694135,-0.4395078079394572,0.5015168679974669,-1.2790174254531415,-0.37754810085715873,0.46390894146937517,-0.06462511222417326,0.056123214623911184,-1.1132179216560705,-0.39635713812723566,-0.36753231502893596,-0.3431985672451839,0.31040469829281175,-0.7060553088576464,0.12934549849864987,0.05024227358371593,0,53.45833333333334,11.124999999999998,Rupicapra_rupicapra,43
131,0.13153064335148487,0.28568720573341566,0.8292970099498614,-0.4498353468263741,-0.2668909578128841,0.24564966217574388,-0.6066483331999174,-0.08838246456299202,-0.16222438977971537,-0.40154180739477235,0.16989394995852275,-0.21152823077747307,-0.11666736265195404,-0.603921893019275,-0.3753529689915052,0.3164231964302927,-0.30295690915459395,-1.6780794805548271,-0.0162706789842249,-0.31015698397323455,1.3910804567849475,-0.31498289375052324,0.118658078488652,-0.20329482945412822,0.2756186166592483,-0.05714537725673006,-0.4305943855635394,0.7222578039290662,-1.4266395549448028,-0.3943085320467143,0.6631931058868167,-0.26600917021645853,0.1909698646752605,-0.8579609439649654,-0.05763193286800776,-0.578482059573059,-0.31415681248863087,0.44548847022347565,-0.8798623711417978,-0.797368649974881,0.18685964282682502,0,49.54166666666667,1.9583333333333328,Rupicapra_rupicapra,90
132,0.5274944906214987,-0.08189299612387813,0.281030272289134,-0.3519104724516126,-0.3597340315928946,0.6780263966729873,-0.3252451491826662,-0.01064890715175886,-0.05089310004752058,-0.315371193153338,0.13295718497946205,0.20687778294491166,-0.11666736265195404,-0.5247589154429153,0.8490738284375867,0.4022170521503139,-0.11669968147636949,-1.5728156808296638,-0.007423429699148054,-0.1886352126583546,-0.5905116907839039,2.1478824721009,0.19964144686930302,0.10724800091910765,0.2658140094032715,0.28658531953112387,-0.029490378647237823,0.7537922233478662,-1.101870870063148,-0.042339477066047064,0.8340081039589095,-0.25541000926949614,0.4943748272907964,-1.1132179216560705,-0.49313576820130073,-0.33484183501754045,0.014983074752303798,0.425476059567081,-0.6046678558585581,-0.7311747822267716,0.8406713384902758,0,43.95833333333334,11.541666666666664,Rupicapra_rupicapra,157
133,-0.01978769784643408,0.3265294503842261,1.6516971164409524,-0.21876270908032003,-0.37034461903344024,0.225060298249287,-0.5024249611624623,-0.08444657398441019,-0.08786955728709431,-0.3536038888918584,0.23915038429426153,-0.10393811296314558,-0.11666736265195404,-0.43572475567176633,0.9644868251375582,0.479109423207249,0.038612423625332876,-1.4780394730229691,0.026701674686148345,-0.2768831656370174,0.6479834014466282,0.5057213850474789,0.17264699074241935,-0.03767198658840243,0.29522783117120205,0.11180699913052018,-0.3236333170525256,0.6907233845102664,-1.3085418513514737,-0.28704177243355855,0.9099258808798395,-0.21301336548164662,0.3161846111515134,-0.3793541107941431,-0.05763193286800776,-0.4896408727185605,-0.023739264923100276,0.41546985423888366,-0.6191517777155707,-0.7406310490479301,0.7723626538687212,0,43.87500000000001,3.2916666666666665,Rupicapra_rupicapra,158
134,0.8560987352711961,0.48989842898746777,-1.3637699406930481,-0.10373278797698682,-0.5291251212774303,0.45154333979099975,-0.5858036455397393,0.042829815592392184,0.06084010769814784,-0.024018445115177648,0.3361093923642958,-0.04416582528851919,0.09560290171738395,-0.3838526783739138,1.0388576988182525,0.5529734858806592,0.13869384668749182,-1.643509474581126,0.1530909501872461,-0.2971367941894974,-2.406971159388684,-0.5369225197381186,0.2738762012182331,0.055490862523568336,0.3785669928470053,0.355040161688027,-0.09188433527866252,1.0376019981170657,-1.3085418513514737,-0.06915616696933599,1.1756381001030949,-0.06462511222417326,0.6918288505802722,-0.12409713310303788,0.184314642317155,-0.5530988633289166,0.03434424459000584,0.48551329153626493,-0.6770874651436212,-0.8635625177229903,0.8162753796968634,0,44.20833333333334,-0.29166666666666724,Rupicapra_rupicapra,154
135,0.9448678958911705,-0.16357748542549896,-1.0896365718626844,-0.5416991030696322,-0.8811708240640077,0.6574370174062557,-0.5510625215272543,-0.014289581538914697,-0.19156440476329017,-0.4083060535638952,0.1144888024899317,-0.17566485817269725,-0.11666736265195404,-0.665084481706149,-0.4682074106442721,0.30816949474058053,-0.3989254154446494,0.14636348285020898,-0.066826389184664,0.32204556441489085,-1.663874104050365,-0.5280211715784647,0.09841223639348924,-0.20329482945412822,0.2364001876353409,0.08704673707376799,-0.3592870065561969,0.7537922233478662,-1.3675907031481382,-0.29374594490938083,0.7580903270379793,0.06786439961285652,0.25839318970093517,-1.1132179216560705,-0.25118919301613796,-0.520023789435034,-0.3528791521640349,0.4204729569029823,-0.8726204102132914,0.12934549849864987,0.1575844922747302,0,51.95833333333334,6.541666666666668,Rupicapra_rupicapra,61
136,-1.5434714165913341,0.612425162939899,0.0068969034587703275,0.30314388493444283,0.6028020832327293,-0.7632294156650402,-0.34608990310627974,-0.345444318595677,0.18422893783455146,0.08669298493790527,0.35919487047620874,0.14710549527028527,0.09560290171738395,-0.14675085951534655,1.5654210018475498,1.0644974252721038,0.5452870114552596,-1.1049549952676292,0.1884799473275535,-0.4403588818106059,1.5562131357490183,0.3716425569568157,0.36160818363060504,0.37638512057591206,0.398176207358959,-0.34116014790771104,-0.5464688764504709,-0.2868436174725312,-0.6590044815881647,-0.48146277423240336,-0.2573099392794607,-0.7959672175645777,0.1379943950122304,0.5140453111247252,0.0875360122430899,-0.3446489790209591,0.5764570000456629,0.45549467555167295,-0.2280858875762303,-0.8351937172595149,0.9528927489399724,0,35.87500000000001,7.458333333333332,Rupicapra_rupicapra,254
137,1.3676796733502063,0.36737169503503647,2.2913416437118013,-0.44895307696987097,-0.7875698305298994,0.5750795463601533,-0.4711578965404775,-0.03318180376649932,-0.23698114028581008,-0.5203572618437126,0.059083655021340664,-0.23543714584732364,-0.32893762702129203,-0.6234707004735976,-0.3724421608310363,0.3555747176346972,-0.316274989408211,0.22832166681388524,-0.14265995448532268,-0.21612227997957742,0.9782487593747701,-0.4781501099856724,0.07141778026660557,-0.2136462571332361,0.19227945498344506,0.12491537316056546,-0.3414601618043613,0.9114643204418659,-1.3971151290464705,-0.2903938586714697,0.8624772703042581,0.07316398008633772,0.3787919843896399,-0.8579609439649654,-0.20279987797910543,-0.457334986589652,-0.3335179823263329,0.35042951960560104,-0.7567490353571905,0.1198892316774914,0.1429469169986828,0,49.04166666666667,5.291666666666667,Rupicapra_rupicapra,96
138,-0.4572157424719072,0.28568720573341566,1.0120525891701038,-0.36463707553200936,-0.2380905853908144,0.03975597689035064,-0.5441142702193831,-0.14151676216124034,-0.10354435981256578,-0.3618386233586166,0.1791281412032879,-0.12784702803299614,-0.11666736265195404,-0.5750825741759309,-0.3136440469619458,0.451371821189985,-0.15978750907201764,-1.6380714790484554,0.009007176115994657,-0.24794941056204597,0.31771804351848637,-0.5884886753579993,0.1591497626789775,-0.09978055266304961,0.2854232239152252,-0.10520941536689607,-0.5019017645708819,0.8168610621854661,-1.5447372585381316,-0.46135025680493663,0.6726828280019329,-0.3137053944777892,0.15725820216242317,-0.7622395773308009,-0.10602124790504032,-0.5232928374361736,-0.16894803870586556,0.45549467555167295,-0.7857168790712158,-0.7689998495114055,0.2161347933789198,0,48.20833333333334,1.5416666666666667,Rupicapra_rupicapra,106
139,-0.054396717900002896,0.1631604717809844,-0.5413698342019571,-0.6386110821909625,-0.7125375095751578,0.5339008108371022,-0.05426440839065721,-0.20567153836534402,-0.538520129894399,-0.6226052148059606,-0.19023950858731895,-0.056120282823444466,-0.32893762702129203,-0.7608929773131108,-0.5654280367782185,0.3650329651819457,-0.4645364867754283,0.08130193976982453,-0.35752172283718886,-0.06277337808222894,-0.26024633285576193,-0.5433367464973458,-0.0635545003678128,-0.17224054641680464,-0.05283572641597623,-0.06588429327676024,-0.2968930499247722,0.34384477090346727,-0.9837731664698192,-0.28368968619564744,0.33105283185774753,0.0837631410333001,0.007963696748429292,-1.2727535327130113,-0.686693028349431,-0.06504922645290541,-0.32383739740748185,0.10027438640066792,-0.387409028003369,0.1577142989621253,-0.03270398631388602,0,53.87500000000001,16.791666666666668,Rupicapra_rupicapra,38
140,0.17844651190340557,0.612425162939899,0.281030272289134,-0.3119334172911624,-0.888749877046574,0.8015626109122782,-0.3321934004905374,0.01208078774545413,-0.21045455139655067,-0.3968362448423391,0.0821691331332536,-0.15175594310284668,-0.11666736265195404,-0.5497272063327725,-0.3070947979997005,0.5421961471943743,-0.040512474406709124,-1.1381655857056188,-0.14771552550536657,-0.39406487369065163,1.473646796266983,-0.36314147245045625,0.0849150083300474,-0.08942912498394175,0.16776793684350294,0.4162125738282383,-0.163191714286005,1.5421527088178644,-1.5152128326397993,-0.15966249539293614,1.5742064289379778,0.18975475050292392,0.5473502969538265,-0.5388897218510839,-0.25118919301613796,-0.3398415554898715,-0.08182277443620639,0.2903922876364171,-0.48155452007395094,-0.4853118448766512,0.13806772524000033,0,45.95833333333334,6.041666666666668,Rupicapra_rupicapra,133
141,1.7238276101047798,0.12231822713017397,-0.17585867576147213,-0.4189908017639745,-1.9210129468274606,0.9250987944710196,-0.2557629011576962,0.0025362774904255547,-0.5207352577981911,-0.6226052148059606,-0.019406970559163295,-0.23543714584732364,-0.32893762702129203,-0.6147608229731334,-0.6818598912850689,0.42034181249957603,-0.23714994195139985,0.3067839991525099,-0.29053540682160706,-0.2768831656370174,-0.012547314409655536,-0.3635011651743176,-0.00956558811404545,-0.20329482945412822,0.05991725702775757,0.41766905983157665,0.11312437936744718,0.9745331592794657,-0.8361510369781581,0.22247533572893113,0.9478847693403045,0.88399979252896,0.24394533433829058,-0.5388897218510839,-0.29957850805317054,-0.25215415028283406,-0.26575388789437576,0.1603116183698519,-0.4308607935744068,0.12934549849864987,-0.10589186269412303,0,48.12500000000001,12.541666666666664,Rupicapra_rupicapra,107
142,-1.0656804739468821,0.4082139396858469,0.4637858515093765,-0.21680223127192175,-0.3180493124679858,1.2339393607497962,-0.3773568352013938,0.30505754008525365,0.02225597840467961,-0.2791971810315072,0.22991619304949637,0.20687778294491166,0.09560290171738395,-0.4167566190232115,0.9313037564577369,0.4019876815255006,-0.00604227210009828,-1.6481705977334236,0.0519795297863679,-0.27977654114451456,0.6479834014466282,1.5883339524326834,0.24688174509134944,0.1486537116355391,0.31483704568315574,1.0395885832570582,0.6568431442984338,0.848395481604266,-0.7475777592831614,0.6850632365606653,1.0427819904914672,-0.13881923885290995,1.5924118348517835,-0.6984253329080246,-0.29957850805317054,-0.3744550049137021,0.06338599934655889,0.4204729569029823,-0.5612160902875203,-0.9486689191134167,0.8601881055250056,0,42.37500000000001,18.95833333333333,Rupicapra_rupicapra,176
143,0.2407502533800724,0.24484496108260523,0.09827469306889156,-0.17978229578421756,0.7941725566692781,-0.4132101215333497,-0.5614848322256256,-0.20537635970935242,0.3763457482749454,0.41487329545240104,0.4376854960567127,0.6850560843419228,0.732413694825398,-0.2870764257785802,0.895501077023494,0.1740238071986414,-0.3239132847599417,-1.3211148083457196,0.4210362142495734,-0.24939609831579457,1.0608150988568057,1.3880660282785757,0.4965804642650234,0.43849368665055927,0.5697568343385538,-0.27124881974746956,-0.36820042893211474,-0.5075845534041307,-0.03899153772318781,-0.30045011738520305,-0.47557354792713474,-0.8436634418259084,0.35952817723944713,-1.3365677771357876,-0.39635713812723566,-0.5294463395559657,0.23763652788587722,0.7406715274052966,-0.8943462929988103,-0.1732550397784214,0.9919262830094322,0,37.62500000000001,13.291666666666664,Rupicapra_rupicapra,233
144,0.16039975927259603,0.36737169503503647,0.1896524826790128,0.15818439483146687,0.7577929867062302,-0.8249974614235867,-0.24186653106882464,-0.3674852382719533,0.3783553383423135,0.41683394651591493,0.4053658267000346,0.780691744621325,0.5201434304560599,-0.15662207862734648,1.3453648154284836,0.7211144765886163,0.2934187124462562,-1.3954986718173268,0.3464665417039257,-0.38972481042940593,1.3910804567849475,-0.14801841880376157,0.4965804642650234,0.6558736679118243,0.4766130654067738,-0.4314622801146896,-0.5375554540745532,-0.5391189728229305,-0.36376022260484236,-0.4982232054219589,-0.41863521523643715,-0.9337563098750886,0.12354653964958584,-0.41126123300553125,-0.29957850805317054,-0.2602306218150612,0.653901679396471,0.5805722421541395,-0.3511992233608375,-0.6555246476575038,1.094389309941764,0,35.708333333333336,2.4583333333333326,Rupicapra_rupicapra,256
145,-0.8187846705352824,0.24484496108260523,-1.1810143614728057,-0.5297239450207236,-0.77051714201714,0.5133114430755765,-0.40514984043287844,-0.10638907575173306,-0.3748725120750538,-0.6267225820393398,0.022146890042279977,-0.23543714584732364,-0.32893762702129203,-0.7039885396795383,-0.4824703095596172,0.4802221087901347,-0.31314125314864505,0.23142915633537808,-0.20585459223587155,0.05006826671015958,-1.5813077645683296,-0.439948097451793,0.017428868012838224,-0.22399768481234394,0.13835411507557238,0.020048380920203245,-0.3592870065561969,0.6591889650914664,-1.2494929995548092,-0.28704177243355855,0.6157444953112354,0.0784635605598189,0.16689010573751956,-0.8579609439649654,-0.25118919301613796,-0.3871466030357733,-0.31415681248863087,0.3054015956287131,-0.6770874651436212,0.11043296485633292,0.06487984885976333,0,53.29166666666667,9.958333333333332,Rupicapra_rupicapra,45
146,-1.2669507416783272,-1.5522138035530533,-0.17585867576147213,-0.23202846599368607,0.6751816127689223,-0.2896739072940588,-0.5302178338670762,-0.17925199766193287,0.3096273580383232,0.3497796801437407,0.39151453983288687,0.649192711737147,0.30787316608672194,-0.33430324738192196,0.8570785647586382,0.1680299242776947,-0.36367162964837785,-1.368502912249067,0.36289714751906843,0.7589452660469592,0.8131160804106992,0.40786735517919975,0.449340166042977,0.3970879759341278,0.5256361016866581,-0.21881532362728848,-0.3236333170525256,-0.4760501339853307,-0.1275648154181845,-0.26022508253026966,-0.40914549312132087,-0.8012667980380589,0.4125036469024772,-1.4003820215585638,-0.4447464531642682,-0.49810193813327464,0.18923360329162214,0.7106529114207046,-0.887104332070304,-0.24890517434768925,0.9724095159747024,0,37.958333333333336,13.374999999999998,Rupicapra_rupicapra,229
147,-0.7951110553323407,0.6941096522415199,-0.8155032030323207,-0.206591513221976,0.0029222586342284858,-0.3514420144137042,-0.08205728109527108,-0.3038224390063137,-0.15565972889297947,-0.28978469677448204,0.003678507552749635,0.13515103773536,0.09560290171738395,-0.5872763842179756,-0.6345594391143543,0.8482799035043673,0.15201207636587813,0.6460751210546384,-0.10221538632497139,-0.4548257593480916,-0.6730780302659393,-0.5974921458072634,0.17939560477414027,0.1797079946728627,0.14325641870356082,-0.25085801570073246,-0.4216809631876216,0.2807759320658674,-1.0428220182664836,-0.43788565313955885,0.20768644436123612,-0.20771378500816542,-0.07872343542743812,-0.4750754774283075,-0.39635713812723566,-0.09850889422927497,0.13115009377851602,0.24536436365952913,-0.2570537312902555,0.3468396353852949,-0.01318721927915615,0,46.62500000000001,19.791666666666668,Rupicapra_rupicapra,125
148,1.2687424342544418,0.7349518968923303,0.5551636411194977,-0.06654952088610087,0.28220939972835796,-0.5779250329450049,-0.42599446182962114,-0.3106118296098785,-0.005878282538474313,-0.1882883267199143,0.22991619304949637,-0.12784702803299614,-0.11666736265195404,-0.37262663454954353,0.9515337871184718,0.7283529542063524,0.32338435566070245,-1.374717743118797,0.04439617325630203,-0.3984049369518973,1.473646796266983,-0.30010657478774794,0.2333845170279076,0.055490862523568336,0.3442508674510863,-0.33242123188768086,-0.5642957212023066,-0.034568262122131814,-1.0132975923681515,-0.5451524127527145,-0.010577164286437894,-0.6528785447805855,-0.03537986933950441,-0.09219001089164974,-0.009242617830975207,-0.4904100604835345,0.18923360329162214,0.41546985423888366,-0.45982863728843204,-0.6082433135517114,0.8162753796968634,0,42.04166666666667,-4.208333333333333,Rupicapra_rupicapra,180
149,1.1494545541399614,0.04063373782855314,1.103430378780225,-0.2004487292888817,0.8858786785389359,-0.5161569871864584,-0.5997000818920463,-0.2241701640279836,0.4342219422151477,0.47134004608160035,0.479239356658156,0.780691744621325,0.732413694825398,-0.07010408518010346,0.8029377217386788,-0.008066502289173307,-0.42614911414435996,-1.2954786124864268,0.4817030664901003,-0.3810446839069145,0.1525853645544154,0.4243888026940003,0.5370721484553489,0.4798993973669907,0.6089752633624613,-0.34552960591772613,-0.39494069605986815,-0.5391189728229305,-0.009467111824855575,-0.3507314109538698,-0.5040427142724835,-0.8701613441933144,0.12836249143713402,-1.432289143769952,-0.3479678230902031,-0.5657904614509878,0.20859477312932417,0.7856994513821847,-0.981249824140886,-0.09760490520915359,1.0065638582854797,0,37.458333333333336,13.70833333333333,Rupicapra_rupicapra,235
150,0.6283004377244169,0.48989842898746777,0.4637858515093765,0.5228948904724023,0.726718999580279,-0.9485336756628776,-0.23144422037045329,-0.3979882588819421,0.4362315322825159,0.47330069714511425,0.45615387854624306,0.48183030624819306,0.5201434304560599,-0.0619748415681964,1.8636320181735384,1.4421450965856755,1.2485986185555695,-0.9913400397133375,0.3786958069567056,-0.47218601239307445,1.3910804567849475,-0.006950196035934213,0.5370721484553489,0.6869279509491479,0.49622227991872747,-0.43874471013138144,-0.6623433673374025,-0.349912456310131,-0.9247243146731547,-0.6289545687004925,-0.20037160658876313,-0.833064280878946,-0.03537986933950441,0.6735809221816659,0.039146697206057346,-0.2619612942862527,0.9830415666374057,0.5555567288336463,-0.06876274714909159,-0.6460683808363453,1.113906076976494,0,35.708333333333336,8.708333333333332,Rupicapra_rupicapra,256
151,-0.42813436913059233,0.3265294503842261,0.1896524826790128,-0.4883909782973519,-1.0285828913925603,1.2545287093359785,-0.3773568352013938,0.18255336810053122,-0.6126740033802833,-0.7344603579794267,-0.06096083116060657,-0.4267084664061281,-0.5412078913906301,-0.5814698053705345,0.4692148347511597,0.1349579849090023,-0.39383316873523927,-1.6159311348142142,-0.349938366307123,-0.34777086557069736,0.31771804351848637,0.12460534377005207,-0.09729757052641738,-0.3999719553571776,0.05501495339976914,0.6696411384091137,0.10421095699152937,1.7628936447494639,-1.338066277249806,0.1487294384948866,1.6406344837437916,0.21625265287032988,0.8603871631444588,-0.8898680661763535,-0.3479678230902031,-0.3729166293837541,-0.4593655862713961,0.19533333701854252,-0.6263937386440771,-1.1188817218942693,0.5918325587974698,0,43.29166666666667,18.541666666666668,Rupicapra_rupicapra,165
152,0.06402461997976233,0.28568720573341566,0.281030272289134,0.24068699667502857,0.7759827716877541,-0.8455868100097689,-0.18280659374222594,-0.38042441567718843,0.3506229954126332,0.38977696183942356,0.3822803485881217,0.6850560843419228,0.5201434304560599,-0.14868642886790595,1.472566504675735,0.9278048556031162,0.43893811587396864,-1.3883127134288165,0.30665391992107993,-0.2725431023757717,1.308514117302912,0.5574269793161727,0.47633462216986067,0.6455222402327165,0.4422969400108548,-0.42709282210467453,-0.5642957212023066,-0.4445157145665308,-0.4818579261981713,-0.5116315503736034,-0.35220716043062333,-0.8966592465607203,0.06575511819900756,-0.09219001089164974,-0.25118919301613796,-0.2140793559166204,0.7313463587472792,0.5205350101849556,-0.20636000479071137,-0.7217185154056132,1.0895101181830815,0,35.958333333333336,3.7916666666666665,Rupicapra_rupicapra,253
153,1.5335709611864936,0.1631604717809844,-0.17585867576147213,-0.5626106336931124,-0.7697592222630423,0.3074177539551146,-0.32177108979216607,-0.17895678147050686,-0.46694523032830393,-0.629010008280106,-0.042492448671076224,-0.18761931570762252,-0.32893762702129203,-0.6917947296374937,-0.7750054193057874,0.3457036589751473,-0.38893681789824425,0.15626842048339767,-0.267153390853904,-0.3173904227419774,-0.26024633285576193,-0.28468889714478773,-0.00956558811404545,-0.2136462571332361,0.08933107879568812,-0.11540481739026462,-0.3325467394284435,0.46998244857866694,-1.0132975923681515,-0.29709803114729194,0.37850144243332884,0.06256481913937532,-0.040195821127052604,-1.1132179216560705,-0.4447464531642682,-0.2963824467688398,-0.3528791521640349,0.2553705689877265,-0.6336356995725834,0.1198892316774914,-0.10589186269412303,0,51.04166666666667,13.291666666666664,Rupicapra_rupicapra,72
154,1.615381975954578,0.3265294503842261,-1.3637699406930481,-0.5149061390209572,-0.6196945803535593,0.3074177539551146,-0.44683908322636384,-0.13585897106575126,-0.2695364993771739,-0.5940123867963835,0.05446655939895808,-0.21152823077747307,-0.32893762702129203,-0.6863752646605645,-0.46587877521970655,0.45811122865702836,-0.3008025028323346,0.2436645629364306,-0.16035445305547635,-0.2595229125920345,-1.9115731224964714,-0.4941524252636251,0.044423324139721894,-0.20329482945412822,0.17267024047149138,-0.06879726528343696,-0.4216809631876216,0.5330512874162667,-1.2494929995548092,-0.34067515224013645,0.5398267183903053,-0.006329727015880157,0.07538702177410395,-0.8898680661763535,-0.25118919301613796,-0.4154142533985683,-0.31415681248863087,0.34042331427740374,-0.7277811916431653,0.12934549849864987,0.08927580765317567,0,52.62500000000001,9.708333333333332,Rupicapra_rupicapra,53
155,-1.1105850322670336,0.44905618433665734,0.9206747995599827,0.3203469505677323,0.6922345903985055,-1.0308911927298043,-0.4711578965404775,-0.41048466830318986,0.4872751199936665,0.5231012341583664,0.5715812691058078,0.56551150899267,0.732413694825398,-0.040296981660479625,1.4603412103360516,0.7704641686501068,0.42131137240060207,-1.029988514554056,0.46906413893999055,-0.1727216473671203,1.3910804567849475,0.10221001076859164,0.5775638326456745,0.604116529516285,0.5893660488505076,-0.5610895344118041,-0.6266896778337313,-0.5391189728229305,-0.4818579261981713,-0.6591233448416925,-0.41863521523643715,-0.8966592465607203,-0.22801794084143198,0.22688121122223176,0.13592532728012247,-0.47214185106540174,0.634540509558769,0.6306032687951262,-0.43810275450291314,-0.16379877295726294,1.0699933511483517,0,38.04166666666667,-1.4583333333333333,Rupicapra_rupicapra,228
156,0.32710399829519715,-1.1846336016957595,-1.0896365718626844,-0.5189251135424714,-0.9664348448614519,0.225060298249287,-0.009100973679800832,-0.25054053331235243,-0.5336971137327156,-0.6230627000541139,-0.2087078910768493,-0.1995737732425478,-0.32893762702129203,-0.717537211351164,-0.7924701849900292,0.4616386071912459,-0.3152956594709044,0.22929279433266572,-0.3910148808449798,1.0063288719379648,0.4002843830005218,-0.4931262425053874,-0.07030311439953371,-0.2136462571332361,-0.08224954818390678,-0.11686130339360298,-0.23449909329334753,0.21770709322826756,-0.5704312038931679,-0.18312709905831395,0.16972755590077107,0.24275055523773584,-0.15096271224066096,-0.8260538217535772,-0.5899143982753658,-0.04793479868223362,-0.2947956426509288,0.010218538446892005,-0.2353278485047366,0.1198892316774914,-0.252267615454597,0,50.79166666666667,20.70833333333333,Rupicapra_rupicapra,75
157,0.06300941854690198,0.24484496108260523,-1.1810143614728057,-0.6355560433275422,-0.6284104406880664,0.32800713322184627,-0.40167564851550747,-0.17639847886923277,-0.44952878307778005,-0.6285525230319527,0.017529794419897392,-0.11589257049807085,-0.32893762702129203,-0.7144403742214902,-0.539230818853046,0.21661112672442592,-0.5236843391394292,0.02264948269757723,-0.20838237774589352,0.05006826671015958,-1.5813077645683296,-0.5142622303144143,0.010680253981117304,-0.2136462571332361,0.13835411507557238,-0.16201236949709227,-0.45733465269129286,0.4069136097410671,-1.1904441477581449,-0.3943085320467143,0.37850144243332884,-0.09112301459157922,0.012779648535977482,-1.2408464105016233,-0.4447464531642682,-0.3650324547927704,-0.391601491839439,0.31040469829281175,-0.742265113500178,0.1198892316774914,0.04048389006635099,0,53.37500000000001,11.791666666666664,Rupicapra_rupicapra,44
158,-1.3198527105856745,0.08147598247936355,0.37240806189925524,-0.6729027417356533,-0.435145240145479,0.47213270755252534,-0.6969752026216302,-0.036035322559199424,-0.11278847412245921,-0.28011215152781366,0.211447810559966,0.015606462386107205,-0.11666736265195404,-0.6414710709044781,-0.4881463549370553,-0.2062682077528885,-1.029183701159634,-1.4011308113584628,0.06714624284649963,0.32204556441489085,-0.4253790118198329,0.05811360807145275,0.1524011486472566,-0.20329482945412822,0.33934856382309786,-0.1285131914203099,-0.3414601618043613,0.5330512874162667,-1.1313952959614804,-0.3540834971917809,0.44492949723914266,-0.28720749211038327,0.10909868428694126,-1.623731877038281,-0.3479678230902031,-0.665592573956366,-0.47872675610909815,0.5405474208413502,-1.1405729645680247,-0.3340115757381155,0.19661802634418996,0,50.87500000000001,1.875,Rupicapra_rupicapra,74
159,1.2681169859008639,0.3265294503842261,2.19996385410168,-0.4354096164454786,-1.0043299652158715,0.6986157605994442,-0.4364167725279925,-0.005827480605202226,-0.23215812412412656,-0.5135603381568645,0.06831784626610583,-0.17566485817269725,-0.32893762702129203,-0.6062445208665304,-0.3632731900762738,0.3356892086673624,-0.29179323522323614,0.2525983730508388,-0.1401321689753007,-0.3130503594807317,0.31771804351848637,-0.3449465850601193,0.07141778026660557,-0.1825919740959125,0.18247484772746822,0.2166739913708824,-0.27015278279701876,1.0691364175358655,-1.3675907031481382,-0.24346465134071407,1.0143128241461183,0.14735810671507438,0.4654791165655073,-0.8579609439649654,-0.25118919301613796,-0.4234907249307954,-0.27543447281322675,0.3454264169415024,-0.7060553088576464,0.14825803214096683,0.13806772524000033,0,48.04166666666667,5.624999999999999,Rupicapra_rupicapra,108
160,-1.2853933701986173,0.04063373782855314,-0.906880992642442,-0.5226336782467056,-0.643947434251042,0.32800713322184627,-0.453787334534235,-0.13049632109081938,-0.2751633515658047,-0.6189453328207348,0.05446655939895808,-0.21152823077747307,-0.32893762702129203,-0.6854074984428901,-0.4686440124366757,0.42899684276725836,-0.32489261469724834,0.2197762188030357,-0.16035445305547635,-0.2899033554207545,-1.2510424066401875,-0.5382737740129246,0.044423324139721894,-0.2136462571332361,0.16776793684350294,-0.06588429327676024,-0.4127675408117038,0.5330512874162667,-1.2494929995548092,-0.33732306600222534,0.5493164405054215,-0.0010301465423989654,0.08020297356165214,-0.8898680661763535,-0.25118919301613796,-0.4198370830471688,-0.3335179823263329,0.34042331427740374,-0.742265113500178,0.1198892316774914,0.08927580765317567,0,52.54166666666667,9.708333333333332,Rupicapra_rupicapra,54
161,1.1080783145740158,-0.0410507514730677,0.09827469306889156,-0.529609573012879,-1.0327513054816864,0.24564966217574388,-0.26618534438293834,-0.2062127242582849,-0.5768028206777621,-0.6550866674248403,-0.10713178738443242,-0.378890636266427,-0.32893762702129203,-0.6825041997898669,-0.7637988439753631,0.3646943704500784,-0.3523120598446049,0.19258642635625234,-0.3758481677848481,-0.23637590853205742,-0.6730780302659393,-0.17799903429776473,-0.07705172843125463,-0.3171605339243147,0.010894220747873308,-0.11977427540027971,-0.25232593804518316,0.24924151264706748,-0.5113823520965035,-0.17307084034458062,0.1412583895554223,0.25864929665817943,-0.1798584229659501,-0.8579609439649654,-0.39635713812723566,-0.26119210652127867,-0.40128207675829003,0.14029920771345722,-0.5032804028594698,0.02532656346590662,-0.16444216379831264,0,49.79166666666667,16.375,Rupicapra_rupicapra,87
162,0.9684037149463185,0.5715829182890886,-0.44999204459183584,-0.4708776025608258,-0.4139240652643877,-0.10436958593512242,-0.16891009112648364,-0.2838478637605646,-0.49270147635840555,-0.602704606511295,-0.07942921365013692,-0.16371040063777198,-0.32893762702129203,-0.6946980098319115,-0.7680194852725667,0.5905362164201479,-0.1940621143557517,0.3495109428602459,-0.3000146024841894,-0.3390907390482059,0.07001902507237993,-0.5575780710394435,0.010680253981117304,-0.12048340802126532,0.04521034614379229,-0.2537709877074092,-0.3592870065561969,0.12310383497186779,-0.7180533333848291,-0.34737932471595867,0.0653406126344922,-0.01692888796284254,-0.19912223011614286,-0.7622395773308009,-0.4447464531642682,-0.1785044217865723,-0.20767037838126964,0.1603116183698519,-0.387409028003369,0.2049956330679177,-0.13028782148753537,0,51.70833333333334,17.041666666666668,Rupicapra_rupicapra,64
163,1.113107709376809,-0.2452619747271198,0.1896524826790128,-0.20845397212565653,-1.0331302653587353,0.45154333979099975,-0.14111721842186978,-0.09910772697742139,-0.19139693892434284,-0.31978265804624423,0.035998176909427734,0.06342429252580832,0.09560290171738395,-0.5497272063327725,-0.6042871508354779,0.765445460961883,0.13144734308059153,0.6722940823291529,-0.1293890805577074,-0.20599546570333743,-1.0859097276761167,0.16957389958179295,0.1524011486472566,0.10724800091910765,0.14815872233154925,0.2691074874910635,-0.12753802478233375,0.8799299010230659,-1.1313952959614804,-0.10602911558635827,0.7296211606926305,0.36464090612780325,0.21504962361300142,-0.3793541107941431,-0.29957850805317054,-0.17619685849165026,0.08274716918426094,0.24036126099543048,-0.2860215750042807,0.4130335031334042,-0.01318721927915615,0,45.70833333333334,16.625,Rupicapra_rupicapra,136
164,-0.4375828528164238,0.08147598247936355,0.0068969034587703275,-0.36545393297600504,-0.1964060108243176,0.2868283900286577,-0.6761305812248875,-0.02826195931098923,-0.050491182034046955,-0.12071122006413643,0.26223586240617447,-0.1398014855679214,0.09560290171738395,-0.5354042884615178,0.7854728727758653,0.33981872009944164,-0.20228794789995866,-1.7876160042854152,0.10506302549682896,-0.21467559222582885,-0.8382107092300103,-0.5558586668399552,0.19964144686930302,-0.12048340802126532,0.35895777833505155,0.03315675495024852,-0.3414601618043613,0.7853266427666662,-1.2790174254531415,-0.2769855137198252,0.7296211606926305,-0.3137053944777892,0.38842388796473626,-0.7941466995421891,0.039146697206057346,-0.6423246440659021,-0.21735096330012066,0.5255381128490543,-0.9233141367128356,-0.9108438518287827,0.7333291197992614,0,47.79166666666667,-1.2083333333333333,Rupicapra_rupicapra,111
165,-1.597377156039922,0.4082139396858469,2.9309861709826497,0.08177551761161893,0.3223781347866591,-0.6396932014257493,-0.3148228384842949,-0.3339318818190747,0.03592119086278294,-0.27302113018143853,0.2853213405180874,0.0753787500607336,0.09560290171738395,-0.28959262901969685,1.1365150377826982,0.9204689164744704,0.5797572137618704,-0.28576188816756487,0.08547268779415881,-0.3318573002794631,1.3910804567849475,0.018622305299781376,0.26037897315479125,0.231465133068402,0.3246416529391326,-0.32513880187098904,-0.5197286093227176,-0.12917152037853158,-0.954248740571487,-0.5149836366115145,0.00840227994379463,-0.6952751885684351,-0.040195821127052604,0.2906954556450081,-0.009242617830975207,-0.3323419747813749,0.4118870564251956,0.395457443582489,-0.2642956922187618,-0.45694304441317574,0.8943424478357829,0,40.208333333333336,-2.458333333333333,Rupicapra_rupicapra,202
166,1.465298335643291,0.48989842898746777,0.1896524826790128,0.2009876451256047,0.5095801218548759,-0.7220505957704779,-0.3947273972076363,-0.33973729977799394,-0.012710888767525979,-0.30301909145320066,0.2807042448957048,-0.1995737732425478,-0.11666736265195404,-0.18913890540613224,1.4321064433542652,0.8949166367837249,0.6678915288277801,-1.163413345374725,0.046923958766323985,-0.37091786963067447,1.308514117302912,2.483834537041895,0.2266359029961867,0.11759942859821551,0.30503243842717886,-0.34407311991438777,-0.46624807506721067,-0.2868436174725312,-0.7475777592831614,-0.5250398953252479,-0.14343327389806557,-0.8012667980380589,0.03685940747371843,0.5778595555475015,0.13592532728012247,-0.39253091739059137,0.3538035469120895,0.3704419302619957,-0.27153765314726813,-1.0054065200403675,0.8455505302489582,0,35.37500000000001,6.624999999999999,Rupicapra_rupicapra,260
167,-0.38887991372665864,0.28568720573341566,0.281030272289134,-0.16565062211747525,-0.226343190598328,-0.186727103002049,-0.49547670985459114,-0.16734594555266832,0.16493687318781736,0.20861280357074244,0.3499606792314436,0.37424018843386553,0.09560290171738395,-0.30352839610322907,0.9069986276837743,0.25295782887204693,-0.3000190687674431,-0.9534683631663643,0.2213411589578389,-0.34777086557069736,0.31771804351848637,0.7235302774112831,0.3481109555671632,0.24181656074750985,0.4422969400108548,-0.11686130339360298,-0.39494069605986815,0.06003499613426795,-0.954248740571487,-0.3708439283813365,0.46390894146937517,-0.38259994063304475,0.003147744960881103,-0.7303324551194128,-0.15441056294207287,-0.5004095014281967,0.10210833902196297,0.5505536261695475,-0.720539230714659,-0.10706117203031207,0.8992216395944653,0,41.208333333333336,0.9583333333333328,Rupicapra_rupicapra,190
168,-1.7102578033174276,0.24484496108260523,0.1896524826790128,-0.6877369008385468,-1.0736780325732913,0.9250987944710196,-0.5475883958733186,0.02364241470881596,-0.26109622109422775,-0.5344739495010125,0.07293494188848842,-0.12784702803299614,-0.11666736265195404,-0.7078595860916307,-0.5425782843249664,0.007947432175817481,-0.6883976530198296,-0.1406842679878093,-0.12496545591516899,-0.09026044540345178,-0.26024633285576193,-0.6148410251353622,0.05117193817144281,-0.25505196784966755,0.20208406223942194,0.10743754112050509,-0.3236333170525256,0.6907233845102664,-1.2494929995548092,-0.2736334274819141,0.6537033837717005,0.09966188245374367,0.229497478975646,-1.4641962659813401,-0.4447464531642682,-0.49175613907223903,-0.5077685108656512,0.3854512382542917,-0.9377980585698482,0.08206416439285749,0.08927580765317567,0,53.37500000000001,7.291666666666668,Rupicapra_rupicapra,44
169,0.11903102508689337,-1.1846336016957595,-1.0896365718626844,-0.5646527773031015,-0.5268515065735487,0.18388153971582372,-0.09942784310151358,-0.24921215428952145,-0.49149572231798466,-0.5988159819019925,-0.12560016987396277,-0.020256910218668628,-0.32893762702129203,-0.7357311387173003,-0.8080429448016329,0.47474465985228426,-0.34819914307250144,0.19666489522326985,-0.29622292421915647,1.0063288719379648,0.07001902507237993,-0.5129116412676659,-0.002816974082324531,-0.09978055266304961,0.010894220747873308,-0.17512074352713755,-0.37711385130803254,0.24924151264706748,-1.0132975923681515,-0.3607876696676031,0.25513505493681743,-0.038127209856767305,-0.06909153185234174,-1.1132179216560705,-0.5899143982753658,-0.11177738317507668,-0.2367121331378227,0.15530851570575321,-0.4018929498603816,0.22390816671023467,-0.16444216379831264,0,53.12500000000001,15.70833333333333,Rupicapra_rupicapra,47
170,-0.2837793090447297,0.28568720573341566,1.0120525891701038,-0.45955597035273116,-1.0111510984443401,0.6780263966729873,-0.44683908322636384,-0.012420054158577241,-0.2639096471885431,-0.5289841265231736,0.049849463776575495,-0.22348268831239837,-0.32893762702129203,-0.6134059613435524,-0.3775360889916189,0.2889376500446918,-0.33840644139851145,0.2063755777180513,-0.16541002407552027,-0.24794941056204597,0.31771804351848637,-0.23948125054292582,0.05117193817144281,-0.22399768481234394,0.17267024047149138,0.18608778530077674,-0.27015278279701876,0.9745331592794657,-1.3085418513514737,-0.24346465134071407,0.9383950472251883,0.14735810671507438,0.44139935762776633,-0.8898680661763535,-0.25118919301613796,-0.4338747597579446,-0.3335179823263329,0.3304171089492064,-0.7277811916431653,0.11043296485633292,0.12343014996395293,0,48.20833333333334,5.541666666666668,Rupicapra_rupicapra,106
171,0.8307463508505822,-1.8789517607595365,0.09827469306889156,-0.3066565501114444,-0.6822214422033045,0.47213270755252534,-0.5510625215272543,-0.01045210886928633,-0.13931506301171862,-0.38301365484456634,0.1837452368256705,-0.22348268831239837,-0.11666736265195404,-0.5197265458778927,-0.2717286093197655,0.4218502254241728,-0.11885408779862881,-1.7687772565378184,-0.018798464494246853,2.3155812890804213,-0.5905116907839039,-0.5214536293174872,0.13890392058381476,-0.1515376910585889,0.27071631303125987,0.1919137293141302,-0.2968930499247722,1.1637396757922653,-1.5152128326397993,-0.28704177243355855,1.1281894895275135,-0.043426790330248495,0.4173195986900254,-0.4750754774283075,0.039146697206057346,-0.5342537630870533,-0.18830920854356759,0.410466751574785,-0.7350231525716716,-1.0621441209673184,0.19661802634418996,0,46.45833333333334,1.875,Rupicapra_rupicapra,127
172,-0.8340229625485202,0.36737169503503647,0.4637858515093765,-0.5634601973433617,-1.116120599173092,0.8015626109122782,-0.4398909644453634,-0.008484163579995417,-0.3656618909329498,-0.6274088099115697,0.00829560317513222,-0.23543714584732364,-0.32893762702129203,-0.6993432839850277,-0.4827613959275689,0.3111062229112677,-0.42791172872178895,0.12480575585793373,-0.20079902121582766,-0.3116036717269831,0.07001902507237993,-0.046289161582410615,0.02417748204455914,-0.25505196784966755,0.1628656332155145,0.16278400924736294,-0.3147198946766078,1.0376019981170657,-1.3971151290464705,-0.25016882381653627,0.9099258808798395,0.136758945768112,0.34508032187680254,-1.1451250438674587,-0.3479678230902031,-0.43329786893421407,-0.40128207675829003,0.32541400628510775,-0.7712329572142032,-0.050323571103361206,0.0990341911705406,0,51.45833333333334,9.041666666666666,Rupicapra_rupicapra,67
173,-0.43973004993259157,0.24484496108260523,-0.5413698342019571,-0.35628881638574417,-1.3196173549999701,0.7809732316455466,-0.22102177714521118,-0.03003310631780761,-0.5216395733285067,-0.6216902443096542,-0.06096083116060657,-0.27130051845209946,-0.32893762702129203,-0.5986959665189965,-0.6703622573462168,0.5304035844361132,-0.10298995890269122,0.361552242496147,-0.3019104416167059,-0.37381124513817166,-0.6730780302659393,1.3052045953244376,-0.016314202145766368,-0.1825919740959125,0.05501495339976914,0.36086610570138045,0.01507673323235124,1.1006708369546654,-1.1313952959614804,-0.005466528449024782,0.9289053251100721,0.4918308374913518,0.3210005629390616,-0.5388897218510839,-0.29957850805317054,-0.23273215921724022,-0.19798979346241863,0.17532092636214786,-0.4018929498603816,-0.0030422369975688143,-0.11565024621148796,0,45.37500000000001,17.375,Rupicapra_rupicapra,140
174,1.2035907301589246,-0.08189299612387813,-0.26723646537159335,-0.29757309932277437,-0.3707235066312832,0.6162582818832045,-0.3321934004905374,-0.009664953274830594,0.11550095753056117,-0.09515740120300573,0.23453328867187895,0.4220580185735667,0.09560290171738395,-0.4653383022561342,0.8301536031540626,0.3159412100501904,-0.14216076559865107,-1.0843683957941344,0.10759081100685092,-0.4403588818106059,-0.17767999337372647,0.2784145230012257,0.31436788540855864,0.2521679884266177,0.3442508674510863,0.3026066655678459,0.05073042273602249,0.46998244857866694,-0.9247243146731547,-0.012170700924847016,0.7580903270379793,-0.29780665305734566,0.3498962736643507,-1.0174965550219062,-0.4447464531642682,-0.3575328740842738,0.10210833902196297,0.46049777821577165,-0.5901839340015456,-0.15434250613610445,0.9089800231118302,0,44.70833333333334,8.541666666666666,Rupicapra_rupicapra,148
175,-1.4490674436214706,0.5715829182890886,0.1896524826790128,-0.10584034399948343,0.6096232164611978,-0.4132101215333497,-0.5510625215272543,-0.19686501228572884,0.5600222804323931,0.5940768026575683,0.5531128866162773,0.9719630651801294,1.156954223564074,-0.17675148305301572,0.9154399657972294,0.06718540669835489,-0.2367582996313387,-1.4067630249862269,0.5701755593408687,-0.3463241778169488,1.143381438338841,0.6779024414633786,0.6248041308677208,0.6455222402327165,0.662900603270334,-0.24357558568404067,-0.2166722485415119,-0.6021878116605304,0.10863059176847335,-0.2099437889616029,-0.5704707690782973,-0.9496550512955322,0.47029506835305546,-1.3365677771357876,-0.39635713812723566,-0.5484837367390725,0.40220647150634453,0.8157180673667765,-0.8798623711417978,-0.3056427752746401,1.0699933511483517,0,36.54166666666667,1.3749999999999998,Rupicapra_rupicapra,246
176,-1.1728214886681891,0.5307406736382781,-0.17585867576147213,-0.5012483064887201,-1.0467725318156722,0.9045094458848375,-0.5336919595210118,0.07987623833671366,-0.2401964843935991,-0.5036263727683943,0.08678622875563619,-0.2593460609171742,-0.11666736265195404,-0.6397291138629906,-0.4209069584735576,0.3104867261810026,-0.3648467060333305,-1.889383952385527,-0.11738209938510312,-0.3955115614444002,0.2351517040364509,-0.551031723140037,0.06466916623488465,-0.24470054017055967,0.21679097312338722,0.2982372075578308,-0.27906620517293657,1.3214117728862649,-1.5152128326397993,-0.2099437889616029,1.2041072664484436,0.16855642860899916,0.48474292371570005,-0.9536823105991298,-0.20279987797910543,-0.5061784096655018,-0.381920906920588,0.3754450329260944,-0.8291686446422536,-1.1850755896423786,0.1429469169986828,0,50.29166666666667,4.958333333333333,Rupicapra_rupicapra,81
177,-1.1415644109331171,0.24484496108260523,0.1896524826790128,-0.59750685948328,-0.8269807903925146,0.7192051245259011,-0.5267437082131406,-0.030869470866740075,-0.2735556795119102,-0.5381338314862383,0.06831784626610583,-0.22348268831239837,-0.32893762702129203,-0.7008917025498645,-0.5118693664941625,0.265002727323784,-0.47060791399737595,0.07528136403850191,-0.1401321689753007,-0.09026044540345178,-0.26024633285576193,-0.6217474168681999,0.044423324139721894,-0.24470054017055967,0.19227945498344506,0.07102539103704598,-0.3236333170525256,0.5330512874162667,-1.2199685736564772,-0.26357716876818077,0.6252342174263517,0.11556062387418724,0.18133796110016412,-1.1451250438674587,-0.29957850805317054,-0.4757954929490283,-0.42064324659599206,0.36543882759789703,-0.8436525664992662,0.09152043121401597,0.0843966158944932,0,53.37500000000001,8.458333333333332,Rupicapra_rupicapra,44
178,-0.7010795697753671,-3.1042191002838493,-0.08448088615135091,-0.5490508200655931,-0.9959930647584134,0.6780263966729873,-0.5024249611624623,-0.023834091793943274,-0.2667230732828585,-0.5336896890756069,0.05446655939895808,-0.23543714584732364,-0.11666736265195404,-0.6917947296374937,-0.47533883234242075,0.3355113694161335,-0.4075428913089175,0.13781818301261528,-0.14771552550536657,6.15364389977538,-0.9207770487120457,-0.5835209478790044,0.05117193817144281,-0.25505196784966755,0.18737715135545666,0.09432916709045981,-0.2968930499247722,0.9429987398606657,-1.338066277249806,-0.25352091005444743,0.7770697712682119,0.13145936529463081,0.25839318970093517,-1.0174965550219062,-0.25118919301613796,-0.46848820918177514,-0.410962661677141,0.3604357249337984,-0.8291686446422536,0.08206416439285749,0.10391338292922307,0,52.54166666666667,8.541666666666666,Rupicapra_rupicapra,54
179,-0.24147740591548858,0.8574786308447615,-0.6327476238120783,-0.17440730998573828,-0.643568402094787,0.4103646042679486,-0.3530381544141509,-0.05674786321264477,-0.04004131368373264,-0.3047836774103631,0.1883623324480531,0.015606462386107205,0.09560290171738395,-0.4752094844509235,-0.7408035483381351,0.6836892563992905,0.14319870462919485,-1.0383397074264982,-0.009951215209170009,-0.41142512673563447,-0.17767999337372647,0.28938045535153095,0.20639006090102394,0.07619371788178406,0.2560094021472946,0.27493343150441696,-0.25232593804518316,1.0376019981170657,-1.3675907031481382,-0.1864791852962251,1.2230867106786762,-0.01692888796284254,0.35471222545189895,-0.3155398663713668,-0.15441056294207287,-0.36022503126168287,0.09242775410311195,0.36543882759789703,-0.45982863728843204,-0.3340115757381155,0.016087931272938654,0,45.12500000000001,5.208333333333333,Rupicapra_rupicapra,143
180,-0.359140437044042,0.12231822713017397,0.4637858515093765,-0.46408129278691757,-0.5238198275571574,0.34859649714830315,-0.4503132751437348,-0.10087887398423977,-0.2108564694100243,-0.5085933554626294,0.06831784626610583,-0.15175594310284668,-0.32893762702129203,-0.6420517417102459,-0.40766283408651943,0.4171356648648224,-0.275341418710053,0.26891239669216466,-0.11485431387508116,-0.15102133106089174,-0.9207770487120457,0.19235631705066378,0.0849150083300474,-0.1515376910585889,0.20698636586741034,-0.006168367139887312,-0.4395078079394572,0.7537922233478662,-1.4266395549448028,-0.3708439283813365,0.6821725501170492,-0.054025951277210875,0.20060176825035686,-0.9536823105991298,-0.25118919301613796,-0.43945137105400617,-0.2560733029755247,0.3854512382542917,-0.7495070744286843,0.17662683260444226,0.14782610875736527,0,49.79166666666667,6.708333333333332,Rupicapra_rupicapra,87
181,-1.2810850844291655,-0.00020850682225728276,-0.6327476238120783,-0.5482339626215974,-2.0331825000046764,1.028045629443579,-0.2939782170875522,-0.0008584271952154095,-0.6593969724465925,-0.7033513611050066,-0.11636597862919759,-0.5223441266855303,-0.32893762702129203,-0.6660522479238233,-0.7480805409797836,0.26247348909095203,-0.4155729784054785,0.1298553522437317,-0.45168173308550674,-0.22046234324082314,-1.7464404435324004,0.31285306649571354,-0.17153232487534747,-0.44137766607360907,-0.03812881553201095,0.3594096196980421,0.059643845111940305,1.0691364175358655,-0.8656754628764903,0.1520815247327977,0.9573744914554209,0.7727086025858549,0.24876128612583875,-0.6665182106966364,-0.29957850805317054,-0.2740760015845934,-0.4980879259468002,0.08026197574427328,-0.48879648100245726,-0.08814863838799511,-0.22299246490250224,0,48.54166666666667,14.874999999999998,Rupicapra_rupicapra,102
182,-1.2315568826960213,1.1433743434004344,1.0120525891701038,0.5292010060086784,0.8881522932428174,-1.133838058382913,-0.44683908322636384,-0.4370518358700312,0.6982820770673209,0.7289695958273222,0.6546889903086942,0.8046006596911756,1.156954223564074,0.09673815362061368,1.670646253264452,0.9473691336709872,0.718226158879867,-0.23623734817487724,0.6207312695413079,-0.3506642410781945,1.473646796266983,-0.5235765285736014,0.7192847273118137,0.8421993661357658,0.6923144250382645,-0.6149795165353236,-0.6979970568410738,-0.5706533922417305,-0.42280907440150683,-0.6993483796966259,-0.5040427142724835,-0.8701613441933144,-0.1798584229659501,0.32260257785639623,0.13592532728012247,-0.457719580472139,0.8959163023677466,0.735668424741198,-0.3946509889318753,0.5170524381661474,1.1626979945633185,0,35.54166666666667,10.291666666666666,Rupicapra_rupicapra,258
183,-0.5038506201213994,0.6941096522415199,-0.5413698342019571,-0.2090257324508361,-1.0422250855702913,0.49272207531405093,-0.1272208483329982,-0.09020278298885274,-0.1810810432451864,-0.31125382591995887,0.035998176909427734,0.09928766513058415,0.09560290171738395,-0.544114165961982,-0.600357595906226,0.7495978832137898,0.12341725598403055,0.6643312515602694,-0.11927793851761959,-0.4446989450718516,1.2259477778208765,-0.6160420289711503,0.1591497626789775,0.12795085627732336,0.14815872233154925,0.2967807215544924,-0.1542782919100872,0.9114643204418659,-1.1904441477581449,-0.12614163301382497,0.7960492154984443,0.3328434232869161,0.24876128612583875,-0.41126123300553125,-0.3479678230902031,-0.16158229095714402,0.09242775410311195,0.24036126099543048,-0.2787796140757744,0.4319460367757212,-0.01318721927915615,0,45.62500000000001,16.291666666666668,Rupicapra_rupicapra,137
184,0.4283023319441495,0.1631604717809844,-0.5413698342019571,-0.5820355276426996,-0.7265588081883497,0.2868283900286577,0.004795528935941488,-0.2522624713646941,-0.5333956752226103,-0.6178016197003517,-0.21794208232161447,-0.11589257049807085,-0.32893762702129203,-0.7568283739657626,-0.8365687703918471,0.5089866974755191,-0.3411483859132471,0.20365659847337295,-0.37079259676480414,-0.06277337808222894,-0.26024633285576193,-0.5841627266475933,-0.07030311439953371,-0.1618891187376968,-0.08224954818390678,-0.13433913543366335,-0.3414601618043613,0.24924151264706748,-0.8361510369781581,-0.2769855137198252,0.20768644436123612,0.09436230198026248,-0.09798724257763088,-1.0813107994446824,-0.686693028349431,-0.009667707374776478,-0.27543447281322675,0.045240257095582645,-0.27153765314726813,0.1671705657832838,-0.25714680721327954,0,53.37500000000001,19.875,Rupicapra_rupicapra,44
185,1.1145761304376725,0.4082139396858469,0.1896524826790128,-0.2901070103189688,-0.5780098612286505,0.03975597689035064,-0.05079034900015702,-0.2316483110847678,-0.3101972050735892,-0.538656671769842,-0.03787535304869364,0.06342429252580832,0.09560290171738395,-0.625793328320853,-0.3297989795094529,0.7894778451937006,0.04507564259211085,0.5742161298625581,-0.17109754147306966,-0.33764405129445735,-0.6730780302659393,-0.5832176527985575,0.118658078488652,0.09689657323999978,0.0844287751676997,-0.04694997523336151,-0.2879796275488544,0.5961201262538666,-1.0428220182664836,-0.2736334274819141,0.49237810781472396,0.09966188245374367,0.08501892534920032,-0.5069825996396957,-0.4447464531642682,-0.07889460622243764,0.03434424459000584,0.16531472103395053,-0.2136019657192177,0.27118950081602705,0.12830934172263542,0,48.37500000000001,22.45833333333333,Rupicapra_rupicapra,104
186,-1.2722357473477273,0.20400271643179482,0.1896524826790128,-0.1632490093808254,-0.5374620940140944,0.18388153971582372,-0.5406401445654475,-0.06078213416474567,0.008188847933102646,-0.29978401719840275,0.29455553176285254,-0.008302452683743352,0.09560290171738395,-0.38462690611493755,-0.4644233433799482,0.3979956804435842,0.02274829472939528,0.0995580702754555,0.10000745447678505,-0.2855632921595088,1.2259477778208765,-0.5346003651132162,0.24013313105962852,0.03478800716535261,0.3442508674510863,0.13365428918059566,-0.30580647230069,0.9745331592794657,-1.4266395549448028,-0.270281341244003,0.9953333799158859,-0.06992469269765444,0.2824729486386761,-0.3155398663713668,0.039146697206057346,-0.5136779903739984,-0.023739264923100276,0.4504915728875743,-0.6698455042151149,-0.12597370567262903,0.1624636840334127,0,43.20833333333334,0.7083333333333327,Rupicapra_rupicapra,166
187,-1.2772591180953254,0.24484496108260523,0.9206747995599827,-0.10394517888954917,0.5501278890694319,-0.22790580017441334,-0.48852845854672,-0.17679207543417783,0.2111574447372845,0.25370777803156136,0.36842906172097395,0.3622857308989403,0.30787316608672194,-0.32385143129857547,1.0732051129698805,0.5087800118575554,0.18491541054270597,-1.346556823153233,0.2617857271181902,-0.3955115614444002,-0.012547314409655536,-0.12490553951450246,0.3818540257257678,0.30392512682215705,0.4570038508948201,-0.1081223873735728,-0.3592870065561969,0.12310383497186779,-0.8066266110798258,-0.3071542898610253,0.15074811167053856,-0.6369798033601419,0.3354484183017062,-0.6984253329080246,-0.20279987797910543,-0.4656037550631226,0.23763652788587722,0.5855753448182381,-0.6698455042151149,-0.3907491766650664,0.9333759819052426,0,40.708333333333336,17.291666666666668,Rupicapra_rupicapra,196
188,-1.484679715752513,-0.9804223784417073,1.3775637476105889,-0.19891303330560808,0.010880343773049729,0.43095397202947416,-0.4642096452326063,-0.0032199315140169975,0.06485928783288411,-0.017907749300559436,0.2807042448957048,0.21883224047983693,-0.11666736265195404,-0.38714307243884355,0.9585198599493121,0.40229182865437396,-0.23225359111440488,-1.4067630249862269,0.13792423712711438,0.7922190843831763,-0.012547314409655536,-0.09607936861790542,0.28062481524995403,0.1486537116355391,0.37366468921901685,0.26328154347771004,0.09529753461561155,0.24924151264706748,-0.6590044815881647,0.10850440363995319,0.3879911645484451,-0.31900497495127045,0.7207245613055613,-0.7622395773308009,-0.20279987797910543,-0.45156607835234686,0.09242775410311195,0.5105288048567582,-0.6698455042151149,-0.5515057126247606,0.8601881055250056,0,41.37500000000001,13.541666666666664,Rupicapra_rupicapra,188
189,-1.1302874454447673,0.20400271643179482,3.2964973294231346,-0.4480055941289473,-1.5159140900005368,0.9456881737377513,-0.3738827758108936,0.036384831367012975,-0.3984517021988399,-0.6340423460097916,0.022146890042279977,-0.28325497598702476,-0.32893762702129203,-0.6143737275612269,-0.40140461597317795,0.3618668663864452,-0.27592910632729856,0.26832963127694287,-0.24629916039622285,-0.217568967733326,-0.4253790118198329,-0.48646444329830446,-0.002816974082324531,-0.25505196784966755,0.10894029330764184,0.38999582576814773,-0.10971118003049814,1.4160150311426647,-1.3085418513514737,-0.038987390828135945,1.2610455991391412,0.4706325155974271,0.45103126120286274,-0.6665182106966364,-0.25118919301613796,-0.3623402976153614,-0.31415681248863087,0.24036126099543048,-0.5829419730730392,0.08206416439285749,0.06975904061844579,0,48.37500000000001,8.458333333333332,Rupicapra_rupicapra,104
190,0.31075754347275675,0.5715829182890886,0.0068969034587703275,-0.5239242771111631,-0.7599064100181824,0.20447091898255534,-0.26271115246556737,-0.20852505715804415,-0.5641424032533429,-0.6459369624617757,-0.08404630927251949,-0.27130051845209946,-0.32893762702129203,-0.6819235474427044,-0.7578317122299734,0.38801567773879325,-0.3401692054007096,0.2046275778188976,-0.33729943875701324,-0.3651311186156802,0.2351517040364509,-0.4284804657528557,-0.0635545003678128,-0.25505196784966755,0.030503435259827013,-0.132882649430325,-0.3147198946766078,0.34384477090346727,-0.8361510369781581,-0.2736334274819141,0.30258366551239874,0.09966188245374367,-0.0835393872149863,-0.8898680661763535,-0.39635713812723566,-0.25176955640034704,-0.3528791521640349,0.18032402902624653,-0.5250062856449887,0.08206416439285749,-0.1546837802809477,0,49.95833333333334,13.541666666666664,Rupicapra_rupicapra,85
191,-0.7579164317850803,0.36737169503503647,0.646541430729619,-0.6190392097413204,-0.5238198275571574,0.49272207531405093,-0.6622340786091451,-0.03244381959108593,-0.12685560459403616,-0.3894838033541621,0.19297942807043567,-0.04416582528851919,-0.11666736265195404,-0.6383742337748043,-0.46456891432344793,-0.06240045443589362,-0.9200930104883767,-1.3671434226267278,0.03934060223625812,-0.28411660440576025,0.07001902507237993,-0.43767988499615107,0.14565253461553568,-0.20329482945412822,0.31483704568315574,-0.07025375128677533,-0.3503735841802791,0.6591889650914664,-1.2494929995548092,-0.34402723847804756,0.5493164405054215,-0.21831294595512782,0.13317844322468222,-1.4641962659813401,-0.29957850805317054,-0.6359788450048665,-0.43032383151484305,0.5105288048567582,-1.0609113943544553,-0.36238037620159097,0.19661802634418996,0,50.70833333333334,2.2916666666666665,Rupicapra_rupicapra,76
192,1.36288044354153,0.1631604717809844,0.37240806189925524,-0.3239576346494516,-0.4495454263565138,-0.14554834446858572,-0.18628065313272615,-0.25983903633043176,-0.2742925292032785,-0.5672494997794192,-0.005555683692015537,-0.06807474035836975,-0.32893762702129203,-0.6275353038209459,-0.6887002821343137,0.7463169590749762,0.008842825708071033,0.5507164441792336,-0.1919517719307508,-0.3173904227419774,0.4828507224825573,-0.16809050151057758,0.09166362236176832,0.0037337241280290213,0.11874490056361868,-0.180946687540491,-0.3592870065561969,0.31231035148466735,-0.8066266110798258,-0.3138584623368475,0.22666588859146866,0.036066916771969375,-0.14133080866556458,-0.5388897218510839,-0.3479678230902031,-0.19158061379113053,-0.023739264923100276,0.24036126099543048,-0.36568314521785006,0.31847083492181943,-0.05222075334861589,0,48.70833333333334,16.458333333333332,Rupicapra_rupicapra,100
193,-0.19660721433644965,0.44905618433665734,0.9206747995599827,0.07213655988685275,0.2837250946781416,-0.7632294156650402,-0.4329427131374923,-0.344411155764272,0.2155785428854944,0.25802121037129183,0.40998292232241723,0.3622857308989403,0.09560290171738395,-0.21410712246156818,1.2075385570295678,0.5662226501281196,0.09854400890376369,-0.6805981257937036,0.25420237058812434,-0.1727216473671203,1.3910804567849475,-0.19187780465707668,0.3818540257257678,0.35568226521769636,0.4422969400108548,-0.41835390608464434,-0.5821225659541422,-0.19224035921613142,-0.8951998887748225,-0.5920816200834702,-0.001087442171321632,-0.7111739299888786,-0.20875413369123924,-0.06028288868026159,-0.009242617830975207,-0.4246445065782564,0.36348413183094047,0.5255381128490543,-0.48879648100245726,-0.050323571103361206,0.9528927489399724,0,39.458333333333336,-1.2916666666666672,Rupicapra_rupicapra,211
194,-0.37516653063611294,1.0616898540988136,-1.272392151082927,-0.351796100443768,-0.6655476412883882,-0.02201213022929481,-0.1758583424343548,-0.23863451873852226,-0.38187258414305275,-0.580516571975863,-0.042492448671076224,-0.1398014855679214,-0.32893762702129203,-0.643213046404571,-0.7080570814507174,0.7187686788432724,-0.02739029002550718,0.5147868004099376,-0.24061164299867344,-0.49533301645305156,-0.095113653891691,-0.46264354613489556,0.05792055220316373,-0.04802341426751029,0.08933107879568812,-0.12705670541697153,-0.27906620517293657,0.2807759320658674,-0.6590044815881647,-0.22000004767533624,0.1887070001310036,0.18445517002944273,-0.14614676045311276,-0.570796844062472,-0.3479678230902031,-0.18638859637755595,-0.08182277443620639,0.20533954234673985,-0.3584411842893438,0.27118950081602705,-0.0814959039007107,0,48.95833333333334,17.208333333333332,Rupicapra_rupicapra,97
195,1.4618026718768087,-0.20441973007630937,-0.6327476238120783,-0.7700598179757998,-2.104046375248139,1.6869053978123976,-0.3843050865092649,0.3353145534582932,-0.910696210370978,-0.9099713056816429,-0.2641130385454403,-0.9885679705476161,-0.9657484201293061,-0.7070853768092122,-0.8151743942593055,-0.21209559392603114,-0.8223617401961231,-0.27352633339325655,-0.7265784073003944,-0.18140177388961173,-1.0859097276761167,0.5078587236655496,-0.44147688614418423,-0.9071919116334629,-0.19990483525562902,0.9623948250801249,0.44292100727640626,1.731359225330664,-1.0132975923681515,0.5777964769475095,1.6785933722042568,1.4457553227179663,0.6436693327047903,-0.9217751883877416,-0.3479678230902031,-0.3573405771430303,-0.9821171718893511,-0.07483420684278526,-0.6263937386440771,-0.5136806453401266,-0.39864336821507107,0,47.37500000000001,14.70833333333333,Rupicapra_rupicapra,116
196,-0.678571790303495,0.44905618433665734,-0.5413698342019571,-0.5991895339666085,-0.4821352529906606,0.16329219112964155,-0.30787458717642374,-0.21934869994599257,-0.4384760377072553,-0.6157429360836622,-0.028641161803928467,-0.0919836554282203,-0.32893762702129203,-0.7219889285690241,-0.5271510399378145,0.36273869881018633,-0.42203619737225645,0.12344626623559456,-0.24187553575368442,-0.36802449412317734,0.1525853645544154,-0.42158044642178594,0.010680253981117304,-0.1618891187376968,0.09913568605166498,-0.2057069495972432,-0.47516149744312847,0.2807759320658674,-1.1313952959614804,-0.414421049474181,0.2836042212821662,-0.12292049743246636,-0.05945962827724536,-1.208939288290235,-0.49313576820130073,-0.28253706699930753,-0.3335179823263329,0.27037987698002247,-0.6408776605010896,0.1671705657832838,0.04536308182503346,0,53.37500000000001,13.70833333333333,Rupicapra_rupicapra,44
197,0.03699590229822176,0.5307406736382781,-0.906880992642442,-0.4853032332276779,-0.3718604585416359,-0.08378023734894026,-0.10290203501888455,-0.29063725436412935,-0.46677776448935654,-0.5857776523296252,-0.09789759613966725,-0.04416582528851919,-0.32893762702129203,-0.7074724906797241,-0.7763152524425221,0.5897677268053886,-0.21345162183131644,0.3302838330090903,-0.26778533723140946,-0.3694711818769259,-0.17767999337372647,-0.5407235154661724,0.03092609607628006,-0.058374841946618156,0.03540573888781544,-0.2566839597140859,-0.40385411843578595,0.15463825439066772,-0.8361510369781581,-0.38090018709506984,0.09380977897984098,-0.06992469269765444,-0.1702265193908537,-0.8898680661763535,-0.5415250832383333,-0.12735343541580044,-0.15926745378701454,0.1603116183698519,-0.3511992233608375,0.2617332339948686,-0.13028782148753537,0,52.04166666666667,16.291666666666668,Rupicapra_rupicapra,60
198,-1.5813875606511156,-0.08189299612387813,-0.17585867576147213,-0.5133867961408104,-0.5780098612286505,0.8015626109122782,-0.48158020723884887,0.029595421995731043,-0.15699945560455822,-0.39213068228990583,0.156042663091375,0.08733320759565888,-0.11666736265195404,-0.5189523550540796,0.5434401374883542,-0.09129681220427509,-0.5279931517839479,-1.235660772756992,-0.033965177554378584,-0.036732998514754665,0.31771804351848637,3.174890660964887,0.12540669252037293,-0.11013198034215746,0.26091170577528305,0.20939156135419057,-0.1542782919100872,0.5645857068350667,-1.1313952959614804,-0.14290206420338056,0.8624772703042581,-0.23951126784905258,0.26320914148848334,-1.3365677771357876,-0.4447464531642682,-0.4731033357716192,-0.2851150577320778,0.4204729569029823,-0.8219266837137473,-0.4002054434862249,0.7382083115579439,0,44.29166666666667,7.791666666666668,Rupicapra_rupicapra,153
199,-0.6648041577978601,-0.28610421937793024,1.6516971164409524,-0.24174908952004312,-0.1509318374873316,-0.24849521012169445,-0.07163497039689971,-0.28025639832788546,-0.1508702058990854,-0.28596142720063,-0.005555683692015537,0.1829688678750611,0.09560290171738395,-0.5990830803895083,-0.6546439543506373,0.7999339529805216,0.0905139218072027,0.601988835897819,-0.09400008341740003,-0.25807622483828596,0.8956824198927347,0.056405771992231235,0.18614421880586118,0.19005942235197054,0.14325641870356082,-0.19696803357721301,-0.40385411843578595,0.438448029159867,-1.101870870063148,-0.42782939442582546,0.32156310974263125,-0.1653171412203159,-0.04501177291460079,-0.6346110884852483,-0.4447464531642682,-0.09581673705186593,0.12146950885966501,0.2553705689877265,-0.2787796140757744,0.3468396353852949,-0.01318721927915615,0,46.70833333333334,18.541666666666668,Rupicapra_rupicapra,124
200,-0.04590602607184022,0.28568720573341566,0.5551636411194977,-0.32276495497566837,-1.5367564134233882,0.842741338765192,-0.16891009112648364,-0.016355944737159067,-0.3768486089746324,-0.5784578883591734,-0.0009385880696329512,-0.056120282823444466,-0.32893762702129203,-0.5770181066112797,-0.6457660144447785,0.5686146580726017,-0.07028237117350936,0.472253963667353,-0.22418103718353075,-0.26096960034578315,-1.0859097276761167,-0.315938435158701,0.06466916623488465,-0.03767198658840243,0.09423338242367656,0.44679877989834393,-0.011663533895402197,0.8799299010230659,-1.0132975923681515,0.07498354126084202,0.7960492154984443,0.6508182516957876,0.2246815271880978,-0.5388897218510839,-0.3479678230902031,-0.1908114260261565,-0.08182277443620639,0.1853271316903452,-0.3294733405753186,0.2806457676371855,-0.07661671214202823,0,46.29166666666667,15.791666666666664,Rupicapra_rupicapra,129
201,0.5311863476609979,-1.5113715589022427,1.1948081683903464,-0.5208528851446159,-1.1551525268794522,1.2339393607497962,-0.6031742075459818,0.22043615539378514,-0.6976796632299556,-0.8015146243516008,0.04061527253181032,-0.6897065321744842,-0.5412078913906301,-0.5218556352484974,0.3919330973909487,-0.11466390959940868,-0.7318772723603081,-0.4727895796746832,-0.31202158365679367,1.7195459345360102,0.4828507224825573,3.47122393413352,-0.16478371084362656,-0.6070005089393349,0.0844287751676997,0.5968168382421954,-0.020576956271320012,1.4790838699802644,-1.3971151290464705,-0.005466528449024782,1.5172680962472802,0.12615978482114962,0.7640681273934951,-0.6346110884852483,-0.009242617830975207,-0.5742515268657019,-0.6432966997295655,0.2103426450108385,-0.7857168790712158,-0.7689998495114055,0.5040071071411854,0,42.79166666666667,-0.7083333333333334,Rupicapra_rupicapra,171
202,-0.04781726456703711,-0.4494731979811719,-0.906880992642442,-0.4685903618320206,-1.2946065813483896,0.4103646042679486,-0.13069490772349843,-0.1793011690809752,-0.5104863484546136,-0.6116255688502831,-0.10251469176204984,-0.17566485817269725,-0.32893762702129203,-0.6776653871601003,-0.7528833550128905,0.48533855805108117,-0.25223063678244595,0.2918296133067791,-0.33350776049198033,0.35821275825860516,-1.7464404435324004,-0.24681139850984019,-0.016314202145766368,-0.1618891187376968,0.005991917119884881,0.024417838930218337,-0.13645144715825158,0.3753791903222672,-0.5704312038931679,-0.06245199449351376,0.312073387627515,0.43353545228305873,-0.0835393872149863,-0.7303324551194128,-0.4447464531642682,-0.14542934789268974,-0.2560733029755247,0.10027438640066792,-0.33671530150382484,0.1671705657832838,-0.16444216379831264,0,50.12500000000001,19.541666666666668,Rupicapra_rupicapra,83
203,-0.38154057356242993,0.20400271643179482,0.1896524826790128,-0.12626178009937494,-0.09636291621799564,0.03975597689035064,-0.4225204024391209,-0.13207066981516524,0.06847654995414676,-0.10594098205233198,0.28993843614047,0.14710549527028527,0.09560290171738395,-0.4076596645694459,1.0924164801404042,0.6566282837221353,0.2107682864098179,-0.9651211525254508,0.11770195304693874,-0.2855632921595088,1.2259477778208765,-0.11809309550066527,0.28062481524995403,0.16935656699375481,0.3540554747070631,0.06374296102035416,-0.18993198141375844,0.438448029159867,-1.101870870063148,-0.22335213391324737,0.6916622722321655,-0.334903716371714,0.229497478975646,-0.3155398663713668,-0.10602124790504032,-0.43022111787431805,0.18923360329162214,0.46049777821577165,-0.5250062856449887,-0.22053637388421382,0.8699464890423705,0,44.20833333333334,4.124999999999999,Rupicapra_rupicapra,154
204,0.3108778929033189,-0.28610421937793024,0.281030272289134,-0.4507828296672978,-0.42226089344263984,0.3074177539551146,-0.6969752026216302,-0.0419883298461145,-0.10997504802814381,-0.38507233846125594,0.23915038429426153,-0.1995737732425478,-0.11666736265195404,-0.5760503219349999,-0.36603842729324293,0.22438844327029503,-0.3433027922355064,-1.6487532520187034,0.06461845733647768,0.30902537463115376,1.143381438338841,-0.08733267619888264,0.1591497626789775,-0.20329482945412822,0.33934856382309786,-0.02364619917994768,-0.3592870065561969,0.7537922233478662,-1.2790174254531415,-0.33732306600222534,0.6821725501170492,-0.3137053944777892,0.2728410450635797,-0.8898680661763535,-0.009242617830975207,-0.6680924341925315,-0.32383739740748185,0.5005225995285609,-0.9667659022838734,-0.7028059817632962,0.2210139851376023,0,49.29166666666667,0.1249999999999997,Rupicapra_rupicapra,93
205,-0.344472685602605,-0.20441973007630937,0.0068969034587703275,-0.5196439520817493,-2.104046375248139,1.1104031465105053,-0.22449596906258212,0.015081858330715651,-0.664219988608276,-0.7044950742253898,-0.1486856479858757,-0.5342985842204556,-0.32893762702129203,-0.6546326471641972,-0.8757189846968201,0.3015790801580313,-0.36504260190574567,0.17996250947838532,-0.492126301245858,-0.18140177388961173,-1.0859097276761167,1.4619066557228895,-0.19177816697051023,-0.44137766607360907,-0.07244494092792994,0.46573309794174267,0.1933451807507075,0.848395481604266,-0.7180533333848291,0.2928691467250646,0.8340081039589095,0.9952909824720649,0.15725820216242317,-0.570796844062472,-0.3479678230902031,-0.2252325785087436,-0.46904617119024716,0.025227846439187993,-0.387409028003369,-0.08814863838799511,-0.31081791655878666,0,47.45833333333334,15.20833333333333,Rupicapra_rupicapra,115
206,-1.5247761563137001,0.4082139396858469,0.5551636411194977,-0.8190712646155394,-2.104046375248139,1.7692629148793242,-0.4398909644453634,0.3973537950451102,-0.9660604167269702,-0.9624187216306387,-0.2641130385454403,-1.108112545896869,-1.390288948867982,-0.7032143303971199,-0.82041383784434,-0.3596283761583129,-0.9300814586100127,-0.3803438408358523,-0.7619674044407017,-0.24794941056204597,0.8956824198927347,0.15956049554787513,-0.48871718436623063,-1.0314090437827572,-0.2195140497675827,1.0381320972537198,0.42509416252457066,1.8574969030058637,-1.101870870063148,0.5845006494233317,1.8114494818158844,1.4563544836649287,0.7303564648806578,-0.9217751883877416,-0.29957850805317054,-0.4148373625748378,-1.1079647758344144,-0.1098559254914759,-0.6698455042151149,-0.6271558471940284,-0.41816013524980095,0,47.20833333333334,13.374999999999998,Rupicapra_rupicapra,118
207,1.0279319141398122,0.3265294503842261,0.1896524826790128,-0.36087955123243803,-0.589757400579549,0.1427028118629099,-0.34608990310627974,-0.15396396262801137,-0.11761149028414274,-0.34742783804178967,0.08678622875563619,0.015606462386107205,0.09560290171738395,-0.6199867494734119,-0.6757472163557032,0.6006195619339206,-0.10749451799485585,0.4353534887257882,-0.07693753122475183,-0.07579356786596607,-0.26024633285576193,-0.5489453331649675,0.1524011486472566,0.014085151807136884,0.22169327675137562,-0.03675457320999296,-0.3414601618043613,0.6907233845102664,-1.2199685736564772,-0.3138584623368475,0.5872753289658866,0.036066916771969375,0.08501892534920032,-0.7622395773308009,-0.29957850805317054,-0.34214911878479354,-0.07214218951735538,0.380448135590193,-0.6046678558585581,0.3279271017429779,0.04048389006635099,0,49.20833333333334,8.458333333333332,Rupicapra_rupicapra,94
208,-0.7637524574539826,0.4082139396858469,0.4637858515093765,-0.46870473383986516,-0.7049586011510035,0.4103646042679486,-0.3877792784266359,-0.10702867955362738,-0.34908277287716266,-0.6162004213318154,0.017529794419897392,-0.1995737732425478,-0.32893762702129203,-0.643213046404571,-0.4038787668221954,0.38070270367881004,-0.3076573641191737,0.23686711482473477,-0.20079902121582766,-0.3347506757869602,-0.26024633285576193,0.6792336019377384,0.037674710108000976,-0.20329482945412822,0.14815872233154925,0.022961352926879973,-0.37711385130803254,0.848395481604266,-1.3675907031481382,-0.3105063760989364,0.710641716462398,0.041366497245450565,0.21504962361300142,-0.8579609439649654,-0.29957850805317054,-0.38330066421090325,-0.3044762275697798,0.3054015956287131,-0.6698455042151149,0.12934549849864987,0.10391338292922307,0,49.45833333333334,8.124999999999998,Rupicapra_rupicapra,91
209,1.6287544567740893,-0.4494731979811719,-0.906880992642442,-0.4932431633659887,-0.8747287229917942,0.16329219112964155,-0.0924797243205132,-0.24030724783638718,-0.5026489471918778,-0.6061357458724442,-0.13945145674111054,-0.15175594310284668,-0.32893762702129203,-0.701665911832283,-0.7729678424896496,0.49592069365373376,-0.2786710508420342,0.2656106520322645,-0.3379313851345187,0.35821275825860516,-1.7464404435324004,-0.5934672935007462,-0.023062816177487285,-0.1515376910585889,-0.01851960102005725,-0.12560021941363317,-0.25232593804518316,0.21770709322826756,-0.5999556297915002,-0.20323961648578065,0.16972755590077107,0.21095307239684868,-0.15096271224066096,-0.8579609439649654,-0.5415250832383333,-0.10466239634906707,-0.2560733029755247,0.09527128373656926,-0.3294733405753186,0.17662683260444226,-0.17907973907436003,0,50.79166666666667,19.791666666666668,Rupicapra_rupicapra,75
210,0.909609199589906,0.44905618433665734,0.646541430729619,0.27363889833183785,0.6206128360579983,-0.5573356843588227,-0.3530381544141509,-0.2744509803689662,0.18503277386149872,0.08633353224292772,0.36381196609859134,0.17101441034013581,0.30787316608672194,-0.15565425703385616,1.5240877369412729,1.0080411647067806,0.5057244130144694,-1.374717743118797,0.19479941110260837,-0.3564509920931888,0.8956824198927347,0.5029124008775853,0.36160818363060504,0.3660336928968042,0.4030785109869474,-0.1692947995137841,-0.27015278279701876,-0.38144687572893093,-0.36376022260484236,-0.24681673757862518,-0.27628938350969323,-0.8224651199319836,0.5184545862285374,0.41832394449056065,0.0875360122430899,-0.35984043737919585,0.5280540754514078,0.4655008808798703,-0.2787796140757744,-0.9013875850076242,0.9431343654226075,0,36.208333333333336,7.374999999999999,Rupicapra_rupicapra,250
211,-0.15134950812486753,0.44905618433665734,2.0172082748814373,-0.10990827811633487,-0.3688287795252446,0.03975597689035064,-0.5336919595210118,-0.09197392999567112,0.07088805803498853,-0.012875411570873848,0.30378972300761775,0.027560919921032483,0.09560290171738395,-0.40436927050451615,0.8071582797573107,0.592927944302817,0.15553730552073608,0.22094160146022343,0.14045202263713635,-0.29569010643574883,1.2259477778208765,-0.377863693290237,0.28062481524995403,0.09689657323999978,0.3687623855910284,0.07393836304372271,-0.3592870065561969,0.9114643204418659,-1.4266395549448028,-0.34067515224013645,0.9478847693403045,-0.1600175607468347,0.330632466514158,-0.2517256219485905,0.0875360122430899,-0.5069475974304758,0.06338599934655889,0.4905163942003636,-0.6626035432866085,-0.050323571103361206,0.8309129549729107,0,44.04166666666667,0.7916666666666666,Rupicapra_rupicapra,156
212,1.66480898672778,0.3265294503842261,0.37240806189925524,-0.48141498381713504,-1.069888506082008,0.8221519594984603,-0.5197955231687048,0.05542460538715901,-0.2108564694100243,-0.4188935693068701,0.09602042000040135,-0.21152823077747307,-0.11666736265195404,-0.6350838397098745,-0.4082449513033749,0.3493859116919311,-0.3315515801116723,-1.886276536950662,-0.09715981530492747,-0.25084278606954313,-0.26024633285576193,0.09795654256816959,0.0849150083300474,-0.20329482945412822,0.22659558037936406,0.26328154347771004,-0.2879796275488544,1.2583429340486652,-1.5152128326397993,-0.2334083926269807,1.1376792116426298,0.1420585262415932,0.45103126120286274,-0.9536823105991298,-0.20279987797910543,-0.4996403136632227,-0.3335179823263329,0.3904543409183904,-0.814684722785241,-1.1661630560000615,0.1575844922747302,0,50.12500000000001,5.124999999999999,Rupicapra_rupicapra,83
213,1.0172505729940753,0.20400271643179482,0.1896524826790128,-0.5370430555244743,-0.970603331229784,0.739794488452358,-0.5336919595210118,0.00858766515085971,-0.19196632277676381,-0.407717858244841,0.1144888024899317,-0.1398014855679214,-0.11666736265195404,-0.6641167154884746,-0.45729192168179955,0.3109913975679545,-0.3959875750574986,0.14927671723329458,-0.06935417469468597,-0.25084278606954313,-0.5079453513018684,-0.4867617121951706,0.09841223639348924,-0.1825919740959125,0.2364001876353409,0.14093671919728748,-0.3325467394284435,0.8168610621854661,-1.3675907031481382,-0.2736334274819141,0.8624772703042581,0.09966188245374367,0.3161846111515134,-1.1132179216560705,-0.25118919301613796,-0.5032939555468493,-0.3431985672451839,0.41546985423888366,-0.8581364883562788,0.14825803214096683,0.15270530051604775,0,51.79166666666667,6.874999999999999,Rupicapra_rupicapra,63
214,-0.3691522192681065,-2.8591656323789865,0.4637858515093765,-0.7083216685416199,-1.3544808686172043,1.5839585321592888,-0.6900270175771944,0.5315179743667136,-0.2739575975253838,-0.5668900470844417,0.1514255674689924,-0.18761931570762252,-0.32893762702129203,-0.6590843643820573,0.3641350432396616,-0.16782776349158665,-0.7655641900267967,-1.8998714887390247,-0.04660410510448836,3.4975251838930035,-1.2510424066401875,0.9189614457516226,0.044423324139721894,-0.3482148169616383,0.27071631303125987,0.8283981127729954,0.2913928268858034,1.7944280641682637,-1.101870870063148,0.390079647624487,1.5267578183623964,0.23745097476425464,1.245663306148314,-1.5280105104041166,-0.29957850805317054,-0.6688616219575055,-0.5755326052976083,0.46049777821577165,-1.097121198996987,-1.0716003877884768,0.55279902472801,0,51.62500000000001,-3.458333333333333,Rupicapra_rupicapra,65
215,-0.5637169564458382,0.28568720573341566,1.0120525891701038,-0.37189077362325257,-0.294175490726758,0.06034535615708228,-0.5371660851749473,-0.13753170016361618,-0.09309449146225146,-0.3547802795299667,0.1791281412032879,-0.0919836554282203,0.09560290171738395,-0.5801149437409535,-0.3164093396979628,0.44574509930582745,-0.17232215526074326,-1.6458400176356178,0.016590532646060523,-0.24794941056204597,0.31771804351848637,-0.5792106956159286,0.17264699074241935,-0.07907769730483388,0.2903255275432136,-0.10083995735688098,-0.4929883421949641,0.7853266427666662,-1.5447372585381316,-0.47140651551866997,0.6537033837717005,-0.28720749211038327,0.1379943950122304,-0.7941466995421891,-0.10602124790504032,-0.5156009597864335,-0.16894803870586556,0.46049777821577165,-0.792958839999722,-0.7689998495114055,0.2210139851376023,0,48.29166666666667,2.0416666666666665,Rupicapra_rupicapra,105
216,-0.45210036497966444,0.612425162939899,0.5551636411194977,0.18219992391370454,0.640318171430894,-0.7220505957704779,-0.22449596906258212,-0.3564155882470556,-0.05290269011488872,-0.31066563060090474,0.2206820018047312,-0.04416582528851919,-0.11666736265195404,-0.23926900720389188,1.4890125791102415,1.054195911606036,0.7444705276422708,-1.4621138855718299,0.005847444228467212,-0.45771913485558874,1.473646796266983,1.4864502840398401,0.19964144686930302,0.21076227771018627,0.24620479489131777,-0.3397036619043727,-0.5464688764504709,-0.3183780368913311,-0.7771021851814935,-0.5216878090873367,-0.17190244024341433,-0.8171655394585025,0.07057106998655575,0.5140453111247252,-0.009242617830975207,-0.22869392345112666,0.4796511508571527,0.3204109036210091,-0.10497255179162311,-1.0905129214307938,0.8894632560771004,0,35.54166666666667,5.958333333333332,Rupicapra_rupicapra,258
217,0.4674743598387485,-1.7972672714579156,0.8292970099498614,-0.7698800335554478,-1.7008422816668571,1.7692629148793242,-0.7421387035959219,0.7980259395131909,-0.37564285493421157,-0.6909992594048693,0.10525461124516652,-0.3669361787315017,-0.5412078913906301,-0.6813428950955419,0.28830879323825687,-0.27887017186619945,-0.8832723565623222,-1.9241481949759782,-0.12243767040514703,1.245032351306479,-1.0859097276761167,-0.3814075001118963,-0.029811430209208203,-0.49313480446914837,0.22659558037936406,1.1502815195107738,0.6568431442984338,1.9836345806810634,-1.0132975923681515,0.6984715815123097,1.7734905933554193,0.385839228021728,1.6839149188151992,-1.5599176326155046,-0.25118919301613796,-0.7128976215022678,-0.7497831338369267,0.41546985423888366,-1.1622988473535436,-1.1567067891789031,0.489369531865138,0,52.37500000000001,-3.541666666666667,Rupicapra_rupicapra,56
218,-1.251443506873051,-0.4903154426319823,0.9206747995599827,-0.7589504769662241,-1.3146910211567462,1.5427798349869246,-0.7490868886403577,0.5004736927929151,-0.3442932498832686,-0.6820782970658812,0.12372299373469686,-0.34302726366165115,-0.32893762702129203,-0.6799880334659609,0.30329938031395726,-0.25553178080689415,-0.8660372554090168,-1.9247308307396012,-0.09715981530492747,-0.016479369962274674,-1.0033433881940812,0.06910395820457882,-0.00956558811404545,-0.47243194911093267,0.24130249126332934,0.6783800544291438,0.2022586031266253,1.6052215476554643,-1.1313952959614804,0.26270037058386453,1.403391430865885,0.15265768718855557,1.0530252346463864,-1.5280105104041166,-0.25118919301613796,-0.7213586869169819,-0.7304219639992247,0.43047916223117966,-1.16954080828205,-1.1283379887154277,0.5040071071411854,0,52.70833333333334,-3.458333333333333,Rupicapra_rupicapra,52
219,1.2756339533975087,0.8166363861939511,0.1896524826790128,-0.34655183975626025,-0.11909993060728263,0.1427028118629099,-0.5892777711936749,-0.10068207570176724,-0.10193668775867126,-0.3677205765491582,0.20683071493758343,-0.17566485817269725,-0.11666736265195404,-0.5580499330455142,0.8369939940033074,0.4607897398361674,-0.13295560211713744,-1.807620005038601,0.031757245706192254,-0.36368443086193164,-0.5079453513018684,-0.5134763709747574,0.16589837671069843,-0.12048340802126532,0.30503243842717886,-0.035298087206654595,-0.4305943855635394,0.8799299010230659,-1.4266395549448028,-0.3607876696676031,0.7580903270379793,-0.29780665305734566,0.29692080400132065,-0.6346110884852483,-0.009242617830975207,-0.5705978849820754,-0.17862862362471657,0.4655008808798703,-0.8074427618567347,-1.0054065200403675,0.7333291197992614,0,48.20833333333334,0.4583333333333328,Rupicapra_rupicapra,106
220,-1.619672455892833,0.20400271643179482,1.3775637476105889,-0.6275018408954303,-0.7557379236498504,0.5956689179567476,-0.05426440839065721,-0.1938147327459906,-0.5361086218135573,-0.6198603033170412,-0.1810053173425538,-0.06807474035836975,-0.32893762702129203,-0.7589574448777621,-0.5655735522026704,0.4111591457762791,-0.42595321827194477,0.11956205250698432,-0.35499393732716694,-0.31883711049572594,-0.095113653891691,-0.25768744681024225,-0.0635545003678128,-0.1515376910585889,-0.0479334227879878,-0.02655917118662441,-0.3236333170525256,0.4069136097410671,-0.954248740571487,-0.24681673757862518,0.32156310974263125,0.1420585262415932,0.012779648535977482,-1.2408464105016233,-0.686693028349431,-0.05735734880316528,-0.3044762275697798,0.09527128373656926,-0.36568314521785006,0.17662683260444226,-0.03270398631388602,0,54.04166666666667,19.95833333333333,Rupicapra_rupicapra,36
221,1.4575643704862888,-0.4494731979811719,0.7379192203397402,-0.18107289464867504,-0.2790173847616254,-0.186727103002049,-0.08553147301264204,-0.26284014445112763,-0.17260727179445076,-0.30125450549603816,0.003678507552749635,0.06342429252580832,0.09560290171738395,-0.5754696880464428,-0.629028936920892,0.874342735880137,0.19216221299914465,0.6790916786141046,-0.12433350953766349,-0.15102133106089174,0.07001902507237993,-0.18211773511992543,0.16589837671069843,0.1486537116355391,0.12854950781959554,-0.12996967742364826,-0.26123936042110096,0.438448029159867,-0.9247243146731547,-0.29709803114729194,0.3595219982030963,-0.011629307489361349,-0.0016682068266670863,-0.34744698858275497,-0.3479678230902031,-0.10927752293891115,0.12146950885966501,0.21534574767493717,-0.22084392664772398,0.30901456810066097,-0.03270398631388602,0,46.04166666666667,21.70833333333333,Rupicapra_rupicapra,132
222,-1.3195636876096528,0.612425162939899,0.0068969034587703275,0.39582449862169655,0.7013293383308555,-0.8455868100097689,-0.34608990310627974,-0.3588263015203339,0.31002927605179686,0.3501718103564435,0.42845130481194754,0.2905589856893886,0.30787316608672194,-0.09797561934716789,1.6814162823215204,1.1924713906418671,0.6700459351500394,-1.0412529418095837,0.2895913677284317,-0.4403588818106059,1.5562131357490183,-0.4259797365255445,0.449340166042977,0.5109536804043143,0.4570038508948201,-0.3702898679744783,-0.5732091435782244,-0.3183780368913311,-0.6590044815881647,-0.5183357228494256,-0.26679966139457695,-0.8224651199319836,0.11873058786203765,0.5778595555475015,0.0875360122430899,-0.33618791360624495,0.7119851889095772,0.5155319075208569,-0.2136019657192177,-0.7217185154056132,1.021201433561527,0,35.958333333333336,7.791666666666668,Rupicapra_rupicapra,253
223,-1.1327274182270786,0.1631604717809844,0.37240806189925524,-0.34147101038597766,-0.5727045675083777,-0.0631908887627581,-0.2105994664468398,-0.2440955490869732,-0.29897699386411714,-0.5789153736073267,-0.0009385880696329512,-0.10393811296314558,-0.32893762702129203,-0.6254062144503412,-0.6875359644220308,0.6938526995915696,-0.030915519180365142,0.5112910969581419,-0.20648653861337704,-0.3173904227419774,0.4828507224825573,-0.2532897806455655,0.07141778026660557,-0.03767198658840243,0.10894029330764184,-0.15181696747372372,-0.3325467394284435,0.2807759320658674,-0.7771021851814935,-0.2803375999577363,0.24564533282170117,0.08906272150678128,-0.1365148568780164,-0.5388897218510839,-0.3479678230902031,-0.21061801097423735,-0.07214218951735538,0.23035505566723316,-0.387409028003369,0.2806457676371855,-0.061979136865980826,0,48.70833333333334,16.041666666666668,Rupicapra_rupicapra,100
224,0.9180428768628899,0.5715829182890886,-0.44999204459183584,-0.47363858471009285,-0.44765069925047524,-0.0631908887627581,-0.06468671908902857,-0.2905880641773698,-0.47431372724198706,-0.5862351375777785,-0.12098307425158018,-0.056120282823444466,-0.32893762702129203,-0.711537075568467,-0.7828645569238152,0.6240038831305512,-0.1883823294538652,0.35514315648800987,-0.2823201039140357,-0.3390907390482059,0.07001902507237993,-0.5016787372454129,0.010680253981117304,-0.058374841946618156,0.0010896134918964551,-0.23920612767402558,-0.3503735841802791,0.12310383497186779,-0.6885289074864969,-0.327266807288492,0.07483033474960846,0.014868594878044608,-0.18949032654104647,-0.8579609439649654,-0.5415250832383333,-0.06870286833653197,-0.14958686886816353,0.1302930023852599,-0.30050549686129335,0.2617332339948686,-0.1693213555569951,0,51.62500000000001,18.875,Rupicapra_rupicapra,65
225,-1.2031605069752118,0.36737169503503647,1.5603193268308313,-0.4772817370018196,-1.2127531271651797,0.5750795463601533,-0.3113487790937947,-0.0982221534740122,-0.5364100603236626,-0.6331273755134851,-0.03787535304869364,-0.24739160338224891,-0.32893762702129203,-0.6513422530992674,-0.7211556626537797,0.379761976049081,-0.3072657217991126,0.23725547692829346,-0.2829520502915412,-0.03383962300725752,0.31771804351848637,-0.5676440476554443,-0.023062816177487285,-0.23434911249145182,0.07462416791172284,0.09724213909713654,-0.18101855903784064,0.7853266427666662,-0.9837731664698192,-0.12278954677591386,0.6726828280019329,0.3381430037603973,0.10909868428694126,-0.8260538217535772,-0.3479678230902031,-0.3021513550061449,-0.32383739740748185,0.2253519530031345,-0.5684580512160267,0.10097669803517445,-0.10101267093544056,0,48.87500000000001,10.791666666666664,Rupicapra_rupicapra,98
226,-1.3880372466660262,0.44905618433665734,0.09827469306889156,-0.47298505886927894,-0.7451273362093047,0.03975597689035064,-0.2766076550813097,-0.23410823331252284,-0.5264625894901902,-0.6255788689189566,-0.051726639915841394,-0.29520943352195,-0.32893762702129203,-0.6724394791184269,-0.752446725460963,0.5067039136380909,-0.23303702517929636,0.31086246801952744,-0.3019104416167059,-0.3622377431081831,-0.012547314409655536,-0.22239330264046853,-0.016314202145766368,-0.2136462571332361,0.064819560655746,-0.17512074352713755,-0.2879796275488544,0.15463825439066772,-0.5113823520965035,-0.22000004767533624,0.0653406126344922,0.18445517002944273,-0.21357008547878742,-0.7303324551194128,-0.3479678230902031,-0.2683070933472883,-0.2947956426509288,0.1853271316903452,-0.48879648100245726,0.1198892316774914,-0.12052943797017043,0,50.62500000000001,17.125,Rupicapra_rupicapra,77
227,-1.3905181040196606,0.04063373782855314,-0.26723646537159335,-0.16896701148879503,-0.8190228498121054,0.9250987944710196,-0.6796046406153876,0.28208180041565706,0.16935797133602726,0.21292623591047294,0.4192171135671824,0.14710549527028527,0.5201434304560599,-0.34204534020610655,0.8169094232479766,0.21382927273630503,-0.3640634213932082,-1.5959271155393715,0.27695244017832193,-0.2855632921595088,-0.17767999337372647,-0.42648771640966177,0.35485956959888415,0.10724800091910765,0.47171076177878535,0.687118970449174,0.2468257150062144,1.1322052563734655,-1.101870870063148,0.24929202563222008,1.3939017087507688,0.21095307239684868,1.1252645114596092,-0.5069825996396957,0.13592532728012247,-0.6527086788930513,-0.023739264923100276,0.5805722421541395,-0.8581364883562788,-0.6838934481209792,0.7528458868339913,0,43.70833333333334,-1.0416666666666672,Rupicapra_rupicapra,160
228,-1.3253730823460264,-0.4903154426319823,0.5551636411194977,-0.5933571598507942,-0.39421858533308,0.6780263966729873,-0.7039234539295013,0.019066957863774204,-0.22291400981423312,-0.4521266048334301,0.19297942807043567,-0.27130051845209946,-0.11666736265195404,-0.625986885256109,0.2507594845582082,0.04175355358718169,-0.5483619891968193,-1.8693799331106842,-0.013742893474202943,0.01534776062019388,0.6479834014466282,-0.42922029718058463,0.07816639429832649,-0.3171605339243147,0.29522783117120205,0.05063458699030889,-0.3236333170525256,0.7853266427666662,-1.2790174254531415,-0.26357716876818077,0.7770697712682119,-0.25011042879601497,0.3787919843896399,-1.1451250438674587,-0.10602124790504032,-0.6902065824355343,-0.46904617119024716,0.45549467555167295,-1.0102176678549113,-1.0148627868615259,0.43081923076094836,0,51.29166666666667,-1.875,Rupicapra_rupicapra,69
229,-0.6048776467581402,0.36737169503503647,1.5603193268308313,-0.45748112053648826,-0.906939517469686,0.3691858687448974,-0.2488147823766958,-0.15593190791730227,-0.521941011838612,-0.6216902443096542,-0.06557792678298915,-0.22348268831239837,-0.32893762702129203,-0.6600521121411264,-0.4171228912092336,0.4847649914581413,-0.23754158427146102,0.30639563704895123,-0.28927151406659607,-0.03383962300725752,0.31771804351848637,-0.15161871131372523,-0.00956558811404545,-0.19294340177502037,0.05991725702775757,0.005483520886819602,-0.25232593804518316,0.5961201262538666,-0.954248740571487,-0.17642292658249173,0.530336996275189,0.2533497161846982,0.04649131104881481,-0.8260538217535772,-0.39635713812723566,-0.24830821145796397,-0.2560733029755247,0.2103426450108385,-0.4960384419309636,0.13880176531980837,0.055121465342398396,0,48.95833333333334,11.95833333333333,Rupicapra_rupicapra,97
230,1.1759035141160696,0.24484496108260523,-0.3586142549817146,-0.607047698589285,-0.6094628805108566,0.43095397202947416,-0.7490868886403577,-0.036182911887195225,-0.18352604449381762,-0.4335984522832241,0.2206820018047312,-0.24739160338224891,-0.11666736265195404,-0.636051605927549,-0.4670430651724654,0.024328527677597408,-0.5828323409281994,-1.8829749034207037,0.0292294601961703,-0.18574183715085746,-0.17767999337372647,-0.238769926094019,0.10516085042521016,-0.30680910624520685,0.3246416529391326,-0.0877315833268357,-0.47516149744312847,0.6276545456726665,-1.4266395549448028,-0.44123773937746996,0.5872753289658866,-0.223612526428609,0.15725820216242317,-1.1770321660788468,-0.05763193286800776,-0.7211663899757385,-0.4884073410279492,0.4905163942003636,-1.075395316211468,-0.9675814527557336,0.18198045106814253,0,52.12500000000001,-2.1250000000000004,Rupicapra_rupicapra,59
231,0.6902279884755737,-0.08189299612387813,-0.17585867576147213,0.03184909490912245,0.545201627505414,-0.5779250329450049,-0.4711578965404775,-0.2680551675626293,0.4768252516433522,0.5129058486280943,0.49309064352530374,0.7328739144816239,0.732413694825398,-0.25301121735216814,1.2055010079729538,0.647141469869965,0.36294695410149264,-1.2556648290751486,0.4665363534299686,-0.036732998514754665,0.31771804351848637,-0.31170494336553867,0.5708152186139535,0.5937651018371772,0.5893660488505076,-0.2974655678075601,-0.4395078079394572,-0.06610268154093174,-0.5999556297915002,-0.3909564458088032,-0.12445382966783304,-0.7906676370910964,0.1476262985873268,-0.6984253329080246,-0.20279987797910543,-0.4557966110597039,0.49901232069485474,0.7156560140848034,-0.6626035432866085,-0.11651743885147055,1.0699933511483517,0,40.458333333333336,17.375,Rupicapra_rupicapra,199
232,0.6687273125262998,-0.36778870867955105,0.646541430729619,-0.16509511518137907,-0.12667898358984897,-0.2690845587078766,-0.12027259702512706,-0.27090868635532944,-0.14055431021992898,-0.28096176698866965,0.04523236815419291,0.13515103773536,0.09560290171738395,-0.5634694164810488,-0.6192777656707023,0.9030784781987865,0.22056098808380786,0.6868601060713251,-0.0725139065822134,-0.3014768574507431,1.308514117302912,-0.568965488952227,0.19964144686930302,0.20041085003107842,0.1628656332155145,-0.16783831351044573,-0.36820042893211474,0.46998244857866694,-1.1313952959614804,-0.3976606182846254,0.35003227608798004,-0.13881923885290995,-0.025747965764408035,-0.3793541107941431,-0.3479678230902031,-0.11446954035248573,0.18923360329162214,0.28538918497231847,-0.27153765314726813,0.3468396353852949,0.0014503559968912518,0,46.04166666666667,19.125,Rupicapra_rupicapra,132
233,0.13274559323747742,0.20400271643179482,3.2964973294231346,-0.4455550217969603,-0.6954848210623986,0.38977523267135433,-0.33914165179840855,-0.12326414373555004,-0.33876687719800624,-0.6075082016169039,0.00829560317513222,-0.17566485817269725,-0.32893762702129203,-0.6517293669697793,-0.714169756380083,0.4863422995887259,-0.23695404607898468,0.3069782542909172,-0.20711848499088253,-0.217568967733326,-0.4253790118198329,-0.08826399547955059,0.044423324139721894,-0.17224054641680464,0.13345181144758397,0.028787296940233426,-0.3236333170525256,0.7853266427666662,-1.3085418513514737,-0.29709803114729194,0.7296211606926305,0.06256481913937532,0.16207415394997135,-0.7622395773308009,-0.29957850805317054,-0.3431106034910111,-0.2463927180566737,0.28538918497231847,-0.5974258949300518,0.1577142989621253,-0.05222075334861589,0,50.04166666666667,9.291666666666666,Rupicapra_rupicapra,84
234,-0.6819997739744531,-1.9606362500611574,0.7379192203397402,-0.37399822993170573,-0.8103069894775983,0.4103646042679486,-0.453787334534235,-0.05999494103485555,-0.11439614617635371,-0.35566257250854794,0.1468084718466098,-0.020256910218668628,-0.11666736265195404,-0.5557273236568642,-0.30680371163174885,0.3528502763182329,-0.22285253176047606,0.32096166079112337,-0.036492963064400544,1.9712696036882615,-0.7556443697479748,0.03939604708313761,0.1524011486472566,-0.058374841946618156,0.2511070985193062,0.10306808311049,-0.30580647230069,0.9429987398606657,-1.3085418513514737,-0.29709803114729194,0.7770697712682119,0.06256481913937532,0.2246815271880978,-0.8579609439649654,-0.25118919301613796,-0.44406649764385026,-0.16894803870586556,0.4054636489106863,-0.7132972697861527,0.2617332339948686,0.2063764098615549,0,46.70833333333334,4.041666666666667,Rupicapra_rupicapra,124
235,0.5658248625421881,1.102532098749624,-0.26723646537159335,-0.2881301794074437,-0.54807268145464,0.019166597623618997,-0.05079034900015702,-0.23819171321910046,-0.3112020001072733,-0.5391141570179953,-0.03787535304869364,0.06342429252580832,0.09560290171738395,-0.6236642389502484,-0.6841885267096344,0.7816428359143619,0.04115862169242255,0.5699434058571333,-0.17109754147306966,-0.31883711049572594,0.1525853645544154,-0.6198696588898458,0.118658078488652,0.09689657323999978,0.0844287751676997,-0.06442780727342187,-0.27906620517293657,0.5330512874162667,-1.0132975923681515,-0.2769855137198252,0.45441921935425894,0.09436230198026248,0.056123214623911184,-0.5069825996396957,-0.4447464531642682,-0.07927920010492465,0.03434424459000584,0.16531472103395053,-0.2136019657192177,0.27118950081602705,-0.0814959039007107,0,48.20833333333334,22.625,Rupicapra_rupicapra,106
236,0.7887852183190379,0.9391631201463824,-0.906880992642442,-0.5593922632265104,-0.7807488418598428,0.6780263966729873,-0.5788553942318682,0.00893205276132804,-0.13288437479614057,-0.38154316654693093,0.1468084718466098,-0.06807474035836975,-0.11666736265195404,-0.6461163450575942,-0.4600571588987687,0.17082326080014693,-0.4788337475415829,-1.7297403455069131,-0.013742893474202943,-0.308710296219486,-1.4161750856042585,-0.5138323168994119,0.13890392058381476,-0.17224054641680464,0.28052092028723674,0.08122079306041453,-0.37711385130803254,0.848395481604266,-1.4266395549448028,-0.3138584623368475,0.8150286597286769,-0.054025951277210875,0.26320914148848334,-1.2727535327130113,-0.29957850805317054,-0.549060627562803,-0.37224032200173696,0.46049777821577165,-0.9450400194983545,-0.7500873158690886,0.18685964282682502,0,51.12500000000001,4.041666666666667,Rupicapra_rupicapra,71
237,-0.5094242208284742,-3.1042191002838493,-0.08448088615135091,-0.7320105344174941,-0.7815066170555287,0.43095397202947416,-0.4086238998233786,-0.18023595153886113,-0.4575671433472526,-0.6358722870024045,0.017529794419897392,-0.056120282823444466,-0.32893762702129203,-0.7266341842635349,-0.5900242519201329,-0.016572539672361487,-0.7177757580417995,-0.16981631547215362,-0.2159657342759594,6.15364389977538,-0.9207770487120457,-0.48336304248325906,0.003931639949396387,-0.23434911249145182,0.14325641870356082,-0.19988100558388974,-0.46624807506721067,0.21770709322826756,-1.101870870063148,-0.4077168769983588,0.22666588859146866,-0.11232133648550398,-0.03537986933950441,-1.5280105104041166,-0.5899143982753658,-0.3884926816244778,-0.4884073410279492,0.3003984929646144,-0.8002008009282284,0.10097669803517445,0.020967123031621123,0,54.04166666666667,12.45833333333333,Rupicapra_rupicapra,36
238,1.2478153273637334,-1.3888448249498115,-0.906880992642442,-0.49755609488761277,-0.965676925107354,0.225060298249287,-0.047316157082786046,-0.2410944409662773,-0.5141036105758762,-0.6123117967225129,-0.16715403047540603,-0.16371040063777198,-0.32893762702129203,-0.7059240536562819,-0.7771885115463771,0.4850744597614609,-0.28650509264141083,0.2578422245750441,-0.35878561559219985,1.979949730210753,-0.5079453513018684,-0.5479879623796313,-0.04330865827265004,-0.17224054641680464,-0.0479334227879878,-0.10520941536689607,-0.2255856709174297,0.21770709322826756,-0.5704312038931679,-0.17307084034458062,0.17921727801588735,0.25864929665817943,-0.15096271224066096,-0.8260538217535772,-0.5415250832383333,-0.07485637045632407,-0.26575388789437576,0.050243359759681305,-0.27153765314726813,0.1577142989621253,-0.2132340813851373,0,50.70833333333334,20.291666666666668,Rupicapra_rupicapra,76
239,-1.2386256012331571,0.24484496108260523,-0.5413698342019571,-0.2351815237618241,-0.9084553569778817,0.8221519594984603,-0.2279700284530823,0.017246601902479092,-0.26655560744391116,-0.4759158377373983,0.035998176909427734,-0.11589257049807085,-0.11666736265195404,-0.5052101079885927,0.7448672405108957,0.5421846646600429,0.016481121059801665,-1.4982376733495912,-0.1919517719307508,-0.37381124513817166,-0.6730780302659393,-0.10345146508351208,0.09166362236176832,-0.03767198658840243,0.13345181144758397,0.5181665940619238,-0.047317223399073446,1.6052215476554643,-1.3971151290464705,-0.005466528449024782,1.5362475404775129,0.16325684813551797,0.6581171880674349,-0.3793541107941431,-0.25118919301613796,-0.25023118087039903,-0.062461604598504354,0.2103426450108385,-0.3511992233608375,-0.9203001186499412,0.7528458868339913,0,43.37500000000001,19.625,Rupicapra_rupicapra,164
240,-1.143226655146921,0.28568720573341566,0.646541430729619,-0.5568600250929324,-0.9319502911212665,0.5956689179567476,-0.49895076924509135,-0.06107731282073727,-0.26591923725591127,-0.531859748082994,0.06370075064372326,-0.22348268831239837,-0.32893762702129203,-0.6950851237024235,-0.4890196140409104,0.3537162274439019,-0.39128712009291877,0.15393780334227802,-0.14265995448532268,0.19473704208501666,0.5654170619645927,-0.5909269880953895,0.05117193817144281,-0.23434911249145182,0.18247484772746822,0.04043918496694034,-0.3147198946766078,0.7853266427666662,-1.2494929995548092,-0.270281341244003,0.6537033837717005,0.10496146292722486,0.17170605752506773,-1.0174965550219062,-0.25118919301613796,-0.4538736416472689,-0.37224032200173696,0.3604357249337984,-0.8002008009282284,0.10097669803517445,0.09415499941185813,0,53.04166666666667,8.708333333333332,Rupicapra_rupicapra,48
241,0.6793833723912185,0.1631604717809844,2.8396083813725284,-0.15766173238382725,-0.24604867052963567,-0.20731645158823117,-0.14111721842186978,-0.25147531577023835,-0.13429108784329827,-0.2780207903933989,0.04061527253181032,0.0753787500607336,0.09560290171738395,-0.5563079575454214,-0.6077801039723263,0.8741534140945768,0.21429351556467585,0.6901617025579694,-0.09400008341740003,-0.2710964146220231,0.5654170619645927,-0.54210861321841,0.19964144686930302,0.16935656699375481,0.16776793684350294,-0.1241437334102948,-0.2968930499247722,0.5330512874162667,-1.0428220182664836,-0.3105063760989364,0.41646033089379386,-0.043426790330248495,0.01759560032352567,-0.3793541107941431,-0.29957850805317054,-0.14081422130284568,0.14083067869736704,0.27037987698002247,-0.2860215750042807,0.3279271017429779,0.0063295477555737195,0,45.45833333333334,21.375,Rupicapra_rupicapra,139
242,0.02929604053565691,0.20400271643179482,0.0068969034587703275,-0.4146941236314339,-0.33586006529325485,-0.0014227509625631685,-0.3530381544141509,-0.20901703409650826,-0.18432988052076488,-0.4837584419914538,0.059083655021340664,-0.06807474035836975,-0.32893762702129203,-0.6428259509926644,-0.37346093535934327,0.5509200726680444,-0.17878537422752125,0.36465973201763985,-0.1287571341802019,-0.3043702329582402,0.31771804351848637,-0.40850339326509266,0.10516085042521016,-0.06872626962572602,0.18737715135545666,-0.164925341503769,-0.46624807506721067,0.46998244857866694,-1.2199685736564772,-0.4077168769983588,0.3879911645484451,-0.11232133648550398,-0.006484158614215275,-0.8260538217535772,-0.29957850805317054,-0.34714883925712464,-0.14958686886816353,0.3454264169415024,-0.6119098167870645,0.25227696717371006,0.1575844922747302,0,50.04166666666667,8.458333333333332,Rupicapra_rupicapra,84
243,0.08850005997199095,0.3265294503842261,-0.08448088615135091,-0.5606339024956307,-1.0782254788186723,0.34859649714830315,-0.036893846384414695,-0.23056597683432045,-0.5707740504756577,-0.6452507345895458,-0.22717627356637965,-0.27130051845209946,-0.32893762702129203,-0.7270212796754414,-0.8073152566412777,0.3915660213416734,-0.38208195661140515,0.1630658685950935,-0.436515020025375,-0.34053742680195453,-0.5905116907839039,-0.1557639429960663,-0.11079479858985922,-0.28610625088699115,-0.1018587626958605,-0.08481861132015897,-0.20775882616559407,0.2807759320658674,-0.5999556297915002,-0.15966249539293614,0.21717616647635238,0.27984761855210416,-0.12688295330292002,-0.8898680661763535,-0.5899143982753658,-0.06697219586534044,-0.37224032200173696,0.0002123331186946796,-0.2787796140757744,0.05369536392938205,-0.2766635742480094,0,50.95833333333334,20.70833333333333,Rupicapra_rupicapra,73
244,-0.9404232489091842,0.20400271643179482,1.3775637476105889,-0.6322069477499687,-0.6958637086602415,0.18388153971582372,-0.18628065313272615,-0.2525576500206857,-0.5596208256017645,-0.6404471394839368,-0.13945145674111054,-0.18761931570762252,-0.32893762702129203,-0.7504411335418564,-0.8359866115357056,0.3772783878917614,-0.44142570484782123,0.10421915638443895,-0.3688967576322877,-0.31883711049572594,-0.095113653891691,-0.3453730158105848,-0.07030311439953371,-0.23434911249145182,-0.003812690136091971,-0.2260977536439803,-0.39494069605986815,0.09156941555306787,-0.7475777592831614,-0.34402723847804756,0.0653406126344922,-0.011629307489361349,-0.16541056760330552,-1.208939288290235,-0.5899143982753658,-0.18061968814025084,-0.37224032200173696,0.15530851570575321,-0.5032804028594698,0.10097669803517445,-0.19371731435040745,0,53.79166666666667,18.791666666666668,Rupicapra_rupicapra,39
245,0.5762573410798698,0.44905618433665734,0.646541430729619,0.16213785722643026,0.617581157041607,-0.5985143815311871,-0.34261571118890877,-0.29663947060552115,0.13439110416382166,0.04283975615064515,0.32687520111953067,0.20687778294491166,0.09560290171738395,-0.20752633433170864,1.3992145165614434,0.8691002588033591,0.35237066893784197,-1.4360892535223504,0.16888960962488334,-0.3564509920931888,0.8956824198927347,0.020158903850759066,0.3278651134720005,0.3453308375385885,0.3687623855910284,-0.2464885576907174,-0.3592870065561969,-0.41298129514773085,-0.5113823520965035,-0.3540834971917809,-0.23833049504922818,-0.7959672175645777,0.34508032187680254,0.06734560016529101,-0.05763193286800776,-0.31753511030562515,0.4796511508571527,0.4755070862080676,-0.3294733405753186,-0.8541062509018318,0.94801355718129,0,36.208333333333336,5.708333333333332,Rupicapra_rupicapra,250
246,1.3276891639891146,0.6532674075907094,-0.26723646537159335,-0.44330048727440885,-0.5852098820549619,0.225060298249287,-0.3287193411000372,-0.16218013139564336,-0.35018804741421516,-0.6088806573613637,-0.005555683692015537,-0.18761931570762252,-0.32893762702129203,-0.6526971147288484,-0.7178082527009072,0.48574576792712343,-0.2289241084071929,0.31494093688654495,-0.2203893589184978,-0.3159437349882288,0.1525853645544154,-0.16587630948632065,0.03092609607628006,-0.1618891187376968,0.11874490056361868,-0.05423240525005333,-0.3325467394284435,0.6907233845102664,-1.1904441477581449,-0.3105063760989364,0.5777856068507703,0.041366497245450565,0.08501892534920032,-0.7941466995421891,-0.29957850805317054,-0.31311228065702457,-0.2463927180566737,0.28038608230821976,-0.5901839340015456,0.1671705657832838,-0.05709994510729836,0,49.54166666666667,10.20833333333333,Rupicapra_rupicapra,90
247,0.7788336108102546,0.1631604717809844,0.4637858515093765,-0.44622480102685763,-0.39383955317682506,0.06034535615708228,-0.3912533378171361,-0.19056761738834543,-0.23858881233970458,-0.602018378639065,0.04061527253181032,-0.16371040063777198,-0.32893762702129203,-0.6428259509926644,-0.39354545059562623,0.4564994729234498,-0.2502721263326018,0.2937717201710842,-0.16288223856549833,0.01534776062019388,0.8131160804106992,-0.24397294865010022,0.07141778026660557,-0.14118626337948106,0.17267024047149138,-0.15036048147038536,-0.46624807506721067,0.5645857068350667,-1.2790174254531415,-0.4110689632362699,0.42595005300891015,-0.11762091695898517,0.04649131104881481,-0.8579609439649654,-0.29957850805317054,-0.3808008039747377,-0.2463927180566737,0.3304171089492064,-0.6626035432866085,0.18608309942560075,0.12830934172263542,0,49.79166666666667,8.041666666666666,Rupicapra_rupicapra,87
248,0.5359816272695463,0.6941096522415199,-0.3586142549817146,-0.3052188730328885,-0.7678644951570036,0.08093470474326445,-0.16543603173598345,-0.2108373900578034,-0.3651260002483183,-0.572739322757258,-0.014789874936780708,-0.0919836554282203,-0.32893762702129203,-0.5985024280423459,-0.6590101388318167,0.66519173377698,-0.014855643836781568,0.5272164621493973,-0.22354909080602525,-0.39695824919814876,-0.012547314409655536,-0.2903189569827988,0.07141778026660557,-0.016969131230186705,0.09913568605166498,-0.04112403122000805,-0.27906620517293657,0.24924151264706748,-0.6885289074864969,-0.19318335777204731,0.21717616647635238,0.22685181381729225,-0.14133080866556458,-0.4750754774283075,-0.3479678230902031,-0.18042739119900733,-0.05278101967965333,0.19533333701854252,-0.32223137964681225,0.2995583012795025,-0.06685832862466329,0,47.20833333333334,16.458333333333332,Rupicapra_rupicapra,118
249,-0.4955261000452821,0.04063373782855314,0.0068969034587703275,-0.38759074976547875,-0.2725751391309998,0.32800713322184627,-0.6657082042630807,-0.027769982372525096,-0.09590791755656686,-0.37301433442064563,0.23915038429426153,-0.18761931570762252,-0.11666736265195404,-0.5514691449156547,0.7624775493791134,0.3254050588336981,-0.23323292105171156,-1.800045666024875,0.06461845733647768,-0.23637590853205742,-0.5905116907839039,-0.47276593995984195,0.16589837671069843,-0.1618891187376968,0.3344462601951094,0.04189567097027871,-0.3325467394284435,0.8168610621854661,-1.3085418513514737,-0.2803375999577363,0.7770697712682119,-0.28720749211038327,0.38842388796473626,-0.7622395773308009,0.039146697206057346,-0.6407862685359541,-0.2560733029755247,0.4955194968644623,-0.9088302148558229,-0.9486689191134167,0.7138123527645316,0,48.20833333333334,-0.6250000000000003,Rupicapra_rupicapra,106
250,-0.10401096815926565,0.28568720573341566,-0.8155032030323207,-0.6258844791105658,-0.5696728884919864,0.225060298249287,-0.38083102711876476,-0.20139129771172826,-0.4552226216019898,-0.6292387509041826,0.017529794419897392,-0.11589257049807085,-0.32893762702129203,-0.7183114206335824,-0.5393763897965458,0.2645210210054946,-0.4921518277952,0.05391789218463392,-0.22102130529600328,-0.39261818593690306,-0.17767999337372647,-0.6075573104537234,0.003931639949396387,-0.20329482945412822,0.12364720419160712,-0.19696803357721301,-0.448421230315375,0.2807759320658674,-1.101870870063148,-0.3976606182846254,0.2646247770519337,-0.0964225950650604,-0.03537986933950441,-1.2408464105016233,-0.49313576820130073,-0.3465719484333941,-0.381920906920588,0.2903922876364171,-0.7060553088576464,0.12934549849864987,0.030725506548986058,0,53.29166666666667,12.541666666666664,Rupicapra_rupicapra,45
251,-0.7172160714610117,0.612425162939899,0.0068969034587703275,-0.3535278342364771,-0.23695377803887366,0.06034535615708228,-0.5475883958733186,-0.13492418860786534,-0.09751558961046136,-0.3600740374014541,0.1883623324480531,-0.12784702803299614,-0.11666736265195404,-0.5657920627869094,-0.3078224861600558,0.45829466914451644,-0.14549024830586305,-1.8144174716719539,0.016590532646060523,-0.3318573002794631,-0.5079453513018684,-0.40136901800242963,0.16589837671069843,-0.09978055266304961,0.29522783117120205,-0.0877315833268357,-0.47516149744312847,0.8168610621854661,-1.5152128326397993,-0.43118148066373657,0.6916622722321655,-0.3031062335308269,0.19578581646280868,-0.7303324551194128,-0.10602124790504032,-0.5296386364972092,-0.15926745378701454,0.45549467555167295,-0.7784749181427094,-1.0243190536826845,0.2210139851376023,0,48.04166666666667,1.2083333333333328,Rupicapra_rupicapra,108
252,1.6779381352194151,-0.16357748542549896,1.7430749060510737,-0.16535656540332203,-0.07931008314682439,-0.31026325588024095,-0.04384209769228586,-0.29501591292669854,-0.14534383321382302,-0.28125586464819674,-0.005555683692015537,0.11124212266550942,0.09560290171738395,-0.5818569192410463,-0.6287378505529403,0.9346246408104788,0.23152876614275048,0.7274506877763487,-0.1015834399474659,-0.37381124513817166,1.473646796266983,-0.5905353375221571,0.18614421880586118,0.20041085003107842,0.13345181144758397,-0.19988100558388974,-0.3325467394284435,0.34384477090346727,-0.954248740571487,-0.3741960146192476,0.27411449916704994,-0.11762091695898517,-0.040195821127052604,-0.3155398663713668,-0.3479678230902031,-0.08389432669476872,0.16987243345392009,0.2103426450108385,-0.17739216107668615,0.3468396353852949,-0.027824794555203553,0,46.54166666666667,21.375,Rupicapra_rupicapra,126
253,-1.6481447289483908,0.6941096522415199,0.0068969034587703275,-0.7488704840272498,-0.8686655095174235,0.5339008108371022,-0.4433650238358636,-0.15091368308827313,-0.2984745963472751,-0.5397023523370494,0.03138108128704515,-0.020256910218668628,-0.32893762702129203,-0.724892208763442,-0.5916251991843431,-0.08526288044407525,-0.7720272595688055,-0.2236134312970102,-0.180576737135652,-0.3607910553544345,-0.012547314409655536,-0.4518808605217243,0.02417748204455914,-0.22399768481234394,0.1628656332155145,-0.17075128551712246,-0.46624807506721067,0.31231035148466735,-1.1904441477581449,-0.4077168769983588,0.33105283185774753,-0.11232133648550398,-0.0016682068266670863,-1.623731877038281,-0.5899143982753658,-0.40041509198157504,-0.4884073410279492,0.34042331427740374,-0.8581364883562788,0.11043296485633292,0.04536308182503346,0,54.12500000000001,12.041666666666664,Rupicapra_rupicapra,35
254,-0.2029913961097615,0.4082139396858469,-0.08448088615135091,-0.3891755050581329,-0.32145987908222,0.3691858687448974,-0.6448635166029026,-0.025998835365706716,-0.14092273506561312,-0.3953657565447037,0.211447810559966,-0.24739160338224891,-0.11666736265195404,-0.5623081117867237,0.7729564365491823,0.3543071578692452,-0.21913140673320294,-1.8078142231336942,0.02417388917612639,-0.3535576165856916,-0.012547314409655536,-0.37759562594854723,0.13890392058381476,-0.20329482945412822,0.30503243842717886,0.06811241903036926,-0.3325467394284435,0.9114643204418659,-1.338066277249806,-0.26022508253026966,0.8245183818437931,-0.2607095897429773,0.42213555047757356,-0.6984253329080246,0.039146697206057346,-0.6211719805291167,-0.26575388789437576,0.4655008808798703,-0.8726204102132914,-1.0054065200403675,0.6942955857298017,0,48.29166666666667,-0.20833333333333331,Rupicapra_rupicapra,105
255,1.335169789644583,0.44905618433665734,-1.0896365718626844,-0.5360301602710431,-0.30251231890501024,0.019166597623618997,-0.3877792784266359,-0.22372735850856182,-0.27154608944454206,-0.6102531131058233,0.035998176909427734,-0.11589257049807085,-0.32893762702129203,-0.692956052790424,-0.7671462539282357,0.4265479822747456,-0.33918987546340296,0.20559870533767807,-0.17552116611560808,-0.4360188185493602,-0.34281267233779744,-0.3828661691524769,0.044423324139721894,-0.1515376910585889,0.15306102595953766,-0.23483666966401048,-0.47516149744312847,0.3753791903222672,-1.1904441477581449,-0.44123773937746996,0.35003227608798004,-0.1653171412203159,-0.06427558006479354,-1.0174965550219062,-0.3479678230902031,-0.35445612302437773,-0.2851150577320778,0.3304171089492064,-0.6915713870006338,0.17662683260444226,-0.04734156158993342,0,52.54166666666667,11.45833333333333,Rupicapra_rupicapra,54
256,-1.6011976826190024,0.24484496108260523,-0.5413698342019571,-0.365715383197948,-1.0471514916927211,0.9456881737377513,-0.2766076550813097,0.05286626525045051,-0.5222424503487172,-0.6253501262948801,-0.03787535304869364,-0.2593460609171742,-0.32893762702129203,-0.5704373184814202,0.6258156364520042,0.42908310180564974,-0.14784040107576835,-1.594373407821939,-0.2715770154964424,-0.37381124513817166,-0.6730780302659393,0.7822010442296311,-0.002816974082324531,-0.20329482945412822,0.0844287751676997,0.49923227601852505,-0.011663533895402197,1.668290386493064,-1.3675907031481382,0.02135016145426415,1.507778374132164,0.18445517002944273,0.662933139854983,-0.6984253329080246,-0.3479678230902031,-0.29407488347391775,-0.22703154821897167,0.22034885033903584,-0.48879648100245726,-1.0432315873250013,0.6747788186950718,0,43.79166666666667,18.041666666666668,Rupicapra_rupicapra,159
257,-0.019345670452126398,0.3265294503842261,0.1896524826790128,-0.6423032937920699,-1.3529651013882147,1.4192436207476335,-0.4225204024391209,0.24400225237536496,-0.7780967590924704,-0.8089650983929535,-0.15791983923064085,-0.6538431595697084,-0.5412078913906301,-0.6366322582747115,0.2952946439929057,-0.10135705261847877,-0.6406092210348324,-1.689926525052321,-0.48896656935833055,-0.34777086557069736,0.31771804351848637,1.8319888331260095,-0.2457670792242776,-0.6484062196557663,-0.03322651190402253,0.6783800544291438,0.06855726748785812,1.9205657418434634,-1.3971151290464705,0.10515231740204206,1.7545111491251868,0.3328434232869161,0.812227645268977,-1.1451250438674587,-0.39635713812723566,-0.41310669010364626,-0.7304219639992247,0.13529610504935857,-0.742265113500178,-1.2985507914962804,0.47473195658909056,0,43.37500000000001,18.45833333333333,Rupicapra_rupicapra,164
258,0.3414407229659194,0.5715829182890886,0.0068969034587703275,-0.4976215073001202,-0.8466862703238223,0.12211343259617825,-0.19322890444059732,-0.2347970085334595,-0.5237496428992433,-0.6223764721818841,-0.09789759613966725,-0.22348268831239837,-0.32893762702129203,-0.6857945938547967,-0.7598692612865873,0.45575394837735317,-0.2831756099341988,0.2611438210616884,-0.33224386773696934,-0.3651311186156802,0.2351517040364509,-0.2019550314534638,-0.023062816177487285,-0.19294340177502037,0.025601131631838584,-0.1532734534770621,-0.2968930499247722,0.21770709322826756,-0.5999556297915002,-0.2334083926269807,0.13176866744030602,0.16325684813551797,-0.18949032654104647,-0.8579609439649654,-0.4447464531642682,-0.20581058744314976,-0.2851150577320778,0.15030541304165454,-0.4308607935744068,0.13880176531980837,-0.14492539676358276,0,50.37500000000001,15.541666666666664,Rupicapra_rupicapra,80
259,-1.5384671220185202,0.08147598247936355,-0.26723646537159335,-0.16783984394156273,-0.016404189140824258,-0.042601478815476976,-0.14806546972974094,-0.1987345772015007,0.21397087083159988,-0.13920669509661723,0.1791281412032879,0.5894204240625206,0.09560290171738395,-0.5011455230998497,-0.5716862548915599,0.7393366984487881,0.17786465338345167,-0.9866788795177261,0.1372922907496089,-0.1886352126583546,-0.26024633285576193,-0.5928277305285552,0.3818540257257678,0.4695479696878828,0.31483704568315574,-0.028015657189962774,-0.3236333170525256,0.7222578039290662,-1.2494929995548092,-0.32391472105058083,0.6631931058868167,-0.2925070725838645,0.08983487713674851,-0.8898680661763535,-0.49313576820130073,-0.15908243072097847,0.34412296199323844,0.4504915728875743,-0.3946509889318753,-0.02195477063988577,0.15270530051604775,0,44.54166666666667,11.70833333333333,Rupicapra_rupicapra,150
260,1.4381022611496665,0.5307406736382781,-0.44999204459183584,-0.25277666501398455,-0.20057449719264966,-0.24849521012169445,-0.10637609440938474,-0.2869473710224968,-0.2061339327517092,-0.3250764159177316,-0.005555683692015537,0.05146983499088304,0.09560290171738395,-0.6037283360840191,-0.6616298606243339,0.8118984736919395,0.10128595341849934,0.6423853106376912,-0.14329190086282817,-0.42733869202686875,-0.012547314409655536,-0.29634901453875045,0.13890392058381476,0.10724800091910765,0.12364720419160712,-0.21298937961393502,-0.40385411843578595,0.12310383497186779,-0.8951998887748225,-0.3943085320467143,0.16972755590077107,-0.09112301459157922,-0.11243509794027544,-0.4750754774283075,-0.39635713812723566,-0.1304301864756965,0.08274716918426094,0.23035505566723316,-0.27153765314726813,0.4130335031334042,-0.04246236983125096,0,47.29166666666667,17.458333333333332,Rupicapra_rupicapra,117
261,1.3672793864039166,0.5715829182890886,-0.44999204459183584,-0.5141546939894689,-0.421502973688542,-0.042601478815476976,-0.13416896711399862,-0.2839954530885604,-0.5101849099445084,-0.6091093999854402,-0.11174888300681501,-0.15175594310284668,-0.32893762702129203,-0.7216018146985123,-0.7978551717590395,0.5921020420164012,-0.23421210156424904,0.30969723353559553,-0.3177091010543431,-0.3390907390482059,0.07001902507237993,-0.5668032042819955,-0.016314202145766368,-0.1308348357003732,0.010894220747873308,-0.24940152969739413,-0.37711385130803254,0.12310383497186779,-0.7771021851814935,-0.3641397559055143,0.08432005686472473,-0.043426790330248495,-0.16541056760330552,-0.8898680661763535,-0.49313576820130073,-0.13504531306554057,-0.21735096330012066,0.1453023103775559,-0.3729251061463564,0.19553936624675922,-0.16444216379831264,0,52.62500000000001,17.541666666666668,Rupicapra_rupicapra,53
262,-1.1555726106265387,-2.5732699198233138,-0.7241254134221995,-0.37690629029507117,-1.0054668448470183,0.45154333979099975,-0.5441142702193831,-0.05605908799170811,-0.3487143480314785,-0.6596615199063727,0.1144888024899317,-0.46257183901090393,-0.32893762702129203,-0.5218556352484974,-0.6181134479584194,0.28761267760758313,-0.20640086467206215,0.23492500796042964,-0.16793780958554222,2.8913630150723524,-1.2510424066401875,0.14069979313398506,-0.00956558811404545,-0.3482148169616383,0.17267024047149138,0.12200240115388873,-0.2255856709174297,0.7537922233478662,-1.1904441477581449,-0.25016882381653627,0.710641716462398,0.06786439961285652,0.1476262985873268,-0.4431683552169194,-0.009242617830975207,-0.5202160863762776,-0.3335179823263329,0.3003984929646144,-0.6843294260721275,-0.1827113065995799,-0.027824794555203553,0,44.87500000000001,3.2083333333333326,Rupicapra_rupicapra,146
263,-0.17720830820187317,0.12231822713017397,-0.6327476238120783,-0.40881278992028247,-1.5882938002347449,0.739794488452358,-0.24186653106882464,-0.06826028122152987,-0.5538934939097653,-0.6390746837394772,-0.04710954429345881,-0.3191183485918006,-0.32893762702129203,-0.6327612118626191,-0.701798863337376,0.5377451248010182,-0.16390057526889032,0.3794198627249634,-0.3284521894719364,-0.3651311186156802,-1.0033433881940812,-0.4762579176896002,-0.05005727230437096,-0.22399768481234394,0.030503435259827013,0.2691074874910635,0.023990155608269056,0.8799299010230659,-0.8066266110798258,0.0917439724503976,0.8055389376135607,0.6773161540631936,0.16689010573751956,-0.4431683552169194,-0.25118919301613796,-0.22427109380252608,-0.2560733029755247,0.14029920771345722,-0.3946509889318753,0.11043296485633292,-0.14980458852226525,0,48.37500000000001,14.624999999999998,Rupicapra_rupicapra,104
264,0.9881784167863922,0.24484496108260523,0.09827469306889156,-0.5184513721220095,-0.4768299592703878,-0.0631908887627581,0.00826958832644168,-0.30800431805412765,-0.5183237497173493,-0.6077369442409806,-0.19485660420970155,-0.11589257049807085,-0.32893762702129203,-0.73224720617572,-0.8113903825140294,0.573799722477723,-0.2545809389771205,0.28949899616565944,-0.34867447355211206,-0.278329853390766,-0.5079453513018684,-0.4787862147502404,-0.05005727230437096,-0.12048340802126532,-0.07244494092792994,-0.2625099037274394,-0.39494069605986815,0.09156941555306787,-0.6590044815881647,-0.34067515224013645,0.00840227994379463,-0.006329727015880157,-0.2232019890538838,-0.8898680661763535,-0.5899143982753658,0.0018701090998337144,-0.21735096330012066,0.045240257095582645,-0.2280858875762303,0.2049956330679177,-0.252267615454597,0,51.87500000000001,21.70833333333333,Rupicapra_rupicapra,62
265,-0.909624723572288,-0.2452619747271198,1.2861859580004675,-0.616703009417178,-0.5348094471539581,0.3691858687448974,-0.6274929545966601,-0.10265002099105815,-0.2225120918007595,-0.4438918703666719,0.156042663091375,-0.1995737732425478,-0.32893762702129203,-0.6648909247708931,-0.4958599493711073,0.09966067437453834,-0.5442490724247159,0.0022569901892338803,-0.04407631959446641,-0.13221439026216034,-0.4253790118198329,-0.3031403082134616,0.07816639429832649,-0.27575482320788325,0.2756186166592483,-0.1285131914203099,-0.5108151869467997,0.5961201262538666,-1.5152128326397993,-0.4881669467082256,0.6062547731961191,-0.23951126784905258,0.08501892534920032,-1.208939288290235,-0.25118919301613796,-0.6321329061799964,-0.43032383151484305,0.4354822648952783,-0.9522819804268607,0.06315163075054053,0.1624636840334127,0,52.79166666666667,-0.6250000000000003,Rupicapra_rupicapra,51
266,-1.1352174268776758,1.102532098749624,-0.44999204459183584,-0.2024581666926171,-0.5219251004511188,-0.02201213022929481,-0.47463208845784843,-0.15730945835917562,-0.07420434482899098,-0.33831081059645024,0.2160649061823486,-0.11589257049807085,-0.11666736265195404,-0.4808224879045033,-0.5414139388531596,0.5995987366256854,0.07190784839652946,0.5417824858915695,0.0064793906059727015,-0.3535576165856916,-0.5079453513018684,-0.39379240304016705,0.17939560477414027,-0.016969131230186705,0.28052092028723674,-0.035298087206654595,-0.2968930499247722,0.5330512874162667,-0.9837731664698192,-0.3071542898610253,0.43543977512402643,0.02546775582500699,-0.016116062189311654,-0.21981849973720233,0.039146697206057346,-0.4586810651783565,-0.023739264923100276,0.395457443582489,-0.5901839340015456,0.12934549849864987,0.10391338292922307,0,45.95833333333334,3.3749999999999987,Rupicapra_rupicapra,133
267,-1.0102889901639536,0.9800053647971928,0.4637858515093765,0.5584281892862135,0.9370370331940376,-1.1544274069690952,-0.41904621052174995,-0.44969583461927476,0.6854207006361649,0.7164214290208335,0.6408377034415466,0.780691744621325,1.156954223564074,0.10138344623233503,1.7173646437373589,1.0227760568719881,0.7654267538228494,-0.2276919001640277,0.5979811999511103,-0.009245931193531821,1.308514117302912,-0.3225138818942455,0.7125361132800928,0.831847938456658,0.6776075141542992,-0.6353703205820607,-0.7158239015929094,-0.5706533922417305,-0.4818579261981713,-0.7161088108861815,-0.49455299215736725,-0.8754609246667955,-0.2232019890538838,0.41832394449056065,0.13592532728012247,-0.44348960682011973,0.9346386420431506,0.7106529114207046,-0.3294733405753186,0.48868363770267204,1.1626979945633185,0,35.458333333333336,10.20833333333333,Rupicapra_rupicapra,259
268,0.3639430379942813,0.4082139396858469,1.834452695661195,-0.4112470091491426,-0.3021334313071673,0.3074177539551146,-0.6170706438982887,-0.06117573072969073,-0.17669343826476597,-0.41183522547822016,0.17451104558090533,-0.27130051845209946,-0.11666736265195404,-0.5810826915000226,-0.3471182575287667,0.3452334351911893,-0.24713853949780498,-1.8254876623107315,-0.018798464494246853,-0.3318573002794631,1.308514117302912,-0.3240787722032032,0.11190946445693108,-0.22399768481234394,0.2756186166592483,0.00839649289349633,-0.40385411843578595,0.9114643204418659,-1.4266395549448028,-0.327266807288492,0.8055389376135607,-0.25011042879601497,0.3354484183017062,-0.7303324551194128,-0.009242617830975207,-0.5982886445211398,-0.2947956426509288,0.44048536755937695,-0.8581364883562788,-1.0621441209673184,0.18685964282682502,0,48.54166666666667,0.5416666666666666,Rupicapra_rupicapra,102
269,-1.6422696827088503,0.24484496108260523,-0.5413698342019571,-0.2860227230989905,-1.23776390081676,0.739794488452358,-0.14459141033924072,-0.03505133114683678,-0.2440816918571775,-0.45578648681865597,0.003678507552749635,0.03951537745595776,-0.11666736265195404,-0.574889017240675,-0.6402355122513163,0.6676753219342997,0.013347384800235665,0.5551832751498097,-0.16667391683053126,-0.37381124513817166,-0.6730780302659393,0.7413037623926488,0.11190946445693108,0.055490862523568336,0.12364720419160712,0.4045606858015314,-0.07405749052682689,0.9429987398606657,-1.1313952959614804,-0.012170700924847016,0.8624772703042581,0.5130291593852766,0.26320914148848334,-0.6027039662738601,-0.39635713812723566,-0.16465904201704007,0.014983074752303798,0.2353581583313318,-0.3294733405753186,0.3657521690276118,-0.04734156158993342,0,45.95833333333334,15.95833333333333,Rupicapra_rupicapra,133
270,-1.1915342779588904,0.6941096522415199,-0.5413698342019571,-0.20108590202656873,-0.9228554709097105,0.842741338765192,-0.22449596906258212,0.04809401012293622,-0.015926232875315,-0.2771384974148176,0.12372299373469686,0.17101441034013581,0.09560290171738395,-0.5183716842483117,-0.5894420791842294,0.7383959708190592,0.13810630849501548,-1.5479563573507442,-0.027013767401818208,-0.4446989450718516,1.2259477778208765,-0.28607335412588153,0.21988728896446577,0.19005942235197054,0.22659558037936406,0.5822519782088118,0.05073042273602249,1.5736871282366642,-1.2494929995548092,0.12526483482950876,1.3844119866356526,0.31164510139299134,0.6003257666168565,-0.5388897218510839,-0.3479678230902031,-0.23004000203983116,0.15051126361621806,0.3454264169415024,-0.387409028003369,-0.759543582690247,0.05024227358371593,0,45.45833333333334,15.541666666666664,Rupicapra_rupicapra,139
271,-0.6491993530494256,-2.0423207393627782,-0.906880992642442,-0.5301814330521021,-0.43893483891596813,0.45154333979099975,-0.5858036455397393,-0.07067103203024258,-0.16584165190097802,-0.4053650769686244,0.1837452368256705,-0.12784702803299614,-0.11666736265195404,-0.6261804237327596,-0.44448439908716497,0.2154695947748054,-0.40910975943870054,-1.869962587395964,-0.013742893474202943,1.4273150082787989,-1.9115731224964714,-0.45793911200800047,0.118658078488652,-0.20329482945412822,0.2854232239152252,-0.014907283159917496,-0.4127675408117038,0.6907233845102664,-1.338066277249806,-0.34402723847804756,0.7201314385775143,-0.27660833116342093,0.25357723791338693,-1.0174965550219062,-0.20279987797910543,-0.5925197362838347,-0.31415681248863087,0.4354822648952783,-0.8653784492847851,-1.05268785414616,0.18685964282682502,0,51.37500000000001,-0.6250000000000003,Rupicapra_rupicapra,68
272,1.1559802847511884,0.4082139396858469,0.0068969034587703275,-0.5260154800305329,-0.5135881277144547,0.225060298249287,-0.40514984043287844,-0.17418452634299258,-0.3601355182476874,-0.6196315606929647,0.035998176909427734,-0.18761931570762252,-0.32893762702129203,-0.694310914420005,-0.7674373402961873,0.4594476836284683,-0.31392468721353656,0.23065228395500487,-0.18563230815569592,-0.3347506757869602,-0.26024633285576193,-0.43046403886196066,0.03092609607628006,-0.19294340177502037,0.14815872233154925,-0.12705670541697153,-0.4305943855635394,0.5015168679974669,-1.2199685736564772,-0.3674918421434254,0.48288838569960774,-0.048726370803729685,0.02241155211107386,-0.9217751883877416,-0.29957850805317054,-0.3742627079724586,-0.2947956426509288,0.3204109036210091,-0.6843294260721275,0.13880176531980837,-0.05709994510729836,0,52.70833333333334,10.70833333333333,Rupicapra_rupicapra,52
273,1.2437934969402202,0.6532674075907094,0.1896524826790128,-0.3830817804344192,-0.24756436547941932,0.4103646042679486,-0.7004493282755657,0.021772849793044124,-0.027179937252576565,-0.10273858531525934,0.27608714927332223,-0.10393811296314558,0.09560290171738395,-0.532113894396588,0.7493790514546228,0.27489675105199657,-0.25085966452507813,-1.784314370755457,0.13034088059704851,-0.3795979961531659,0.31771804351848637,-0.43408150990823585,0.21313867493274485,-0.11013198034215746,0.3785669928470053,0.08995970908044472,-0.2879796275488544,0.8168610621854661,-1.1904441477581449,-0.2065917027236918,0.7011519943472817,-0.32960413589823284,0.4895588755032482,-0.8898680661763535,-0.009242617830975207,-0.6669386525450705,-0.2367121331378227,0.5505536261695475,-0.9740078632123796,-0.8730187845441488,0.7382083115579439,0,47.54166666666667,-1.7083333333333333,Rupicapra_rupicapra,114
274,-0.4257098679654487,0.12231822713017397,1.2861859580004675,-0.2498686046506191,-0.3434391182758212,-0.14554834446858572,-0.026471535686043345,-0.27287663164462034,-0.3172307703093777,-0.5407153553865316,-0.056343735538223985,0.027560919921032483,0.09560290171738395,-0.6219222819087608,-0.6745828986434205,0.874308288277143,0.12204643315143192,0.6629719101111861,-0.17552116611560808,-0.33764405129445735,0.07001902507237993,-0.5773890615164091,0.11190946445693108,0.09689657323999978,0.07462416791172284,-0.1401650794470168,-0.27015278279701876,0.31231035148466735,-0.8656754628764903,-0.29374594490938083,0.25513505493681743,0.06786439961285652,-0.04501177291460079,-0.34744698858275497,-0.39635713812723566,-0.06851057139528846,0.0730665842654099,0.15530851570575321,-0.17015020014817986,0.40357723631224574,-0.0814959039007107,0,48.12500000000001,21.375,Rupicapra_rupicapra,107
275,0.41915327342800995,0.7757941415431406,-0.08448088615135091,0.46638474833664684,0.6990557236269741,-0.9279443270766954,-0.21407365836421077,-0.3984310456336467,0.3534364215069486,0.392521873328343,0.40998292232241723,0.4101035610386414,0.30787316608672194,-0.08829799408763453,1.7870781355308263,1.3530241065277024,1.1455795045310289,-0.5254214610156079,0.31107754456361836,-0.34777086557069736,0.7305497409286638,0.38805060265332314,0.48308323620158156,0.604116529516285,0.4471992436388432,-0.4402011961347198,-0.6445165225855669,-0.3183780368913311,-0.9247243146731547,-0.6222503962246703,-0.18139216235853062,-0.8224651199319836,-0.04501177291460079,0.6416737999702777,-0.009242617830975207,-0.24619294510428544,0.8959163023677466,0.5055257021926596,-0.06152078622058528,-0.5136806453401266,1.074872542907034,0,35.458333333333336,8.958333333333332,Rupicapra_rupicapra,259
276,0.9622882784550387,0.24484496108260523,0.5551636411194977,-0.4229116576667276,-0.8595706170266615,1.1309924950966874,-0.6066483331999174,0.21226927065149864,-0.42105959045673147,-0.6932866856456356,0.1144888024899317,-0.5462530417553809,-0.5412078913906301,-0.4839193250341772,0.49570308352523607,0.029989697164748925,-0.592233250857359,-1.7210007164442842,-0.19574345019578374,0.365446197027348,0.2351517040364509,0.5030668120490775,-0.056805886336091876,-0.4517290937527169,0.1628656332155145,0.6099252122722407,0.023990155608269056,1.3844806117238648,-1.338066277249806,0.05487102383337532,1.4603297635565826,0.09436230198026248,0.8603871631444588,-0.5388897218510839,-0.009242617830975207,-0.5779051687493285,-0.47872675610909815,0.28038608230821976,-0.7639909962856969,-1.2796382578539633,0.5771949835214224,0,42.95833333333334,-0.9583333333333334,Rupicapra_rupicapra,169
277,-1.1227909531521185,0.04063373782855314,0.37240806189925524,-0.4851071954182424,-1.6352837408007206,1.1104031465105053,-0.3947273972076363,0.12400724910830865,-0.35387229587105673,-0.619402818068888,0.03138108128704515,-0.16371040063777198,-0.32893762702129203,-0.6077929394313673,-0.6929209234315172,0.2338522920538027,-0.3648467060333305,0.1801567646167926,-0.19068787917573982,-0.14668126779964605,-0.7556443697479748,-0.40096050927845767,0.03092609607628006,-0.20329482945412822,0.15306102595953766,0.5050582200318785,0.1309512241192828,1.3529461923050647,-1.0132975923681515,0.1956586458256422,1.2230867106786762,0.8416031487411104,0.37397603260209167,-1.0174965550219062,-0.3479678230902031,-0.3933001051555654,-0.3044762275697798,0.3154078009569104,-0.6843294260721275,0.12934549849864987,-0.03270398631388602,0,47.20833333333334,7.958333333333332,Rupicapra_rupicapra,118
278,-0.6116006240290849,0.1631604717809844,-0.5413698342019571,-0.4728379806551806,-0.5518622802251293,-0.02201213022929481,-0.2279700284530823,-0.25669033888174003,-0.5104863484546136,-0.613455509842896,-0.056343735538223985,-0.21152823077747307,-0.32893762702129203,-0.6830848705956347,-0.7614702085507975,0.5529734858806592,-0.2122765454463638,0.3314490674930222,-0.29306319233162903,-0.06277337808222894,-0.26024633285576193,-0.5033487335874745,-0.002816974082324531,-0.1515376910585889,0.05991725702775757,-0.2100764076072583,-0.3325467394284435,0.18617267380946764,-0.6885289074864969,-0.29709803114729194,0.10329950109495725,0.06256481913937532,-0.1750424711784019,-0.7303324551194128,-0.39635713812723566,-0.2206174519188995,-0.2463927180566737,0.18032402902624653,-0.44534471543141946,0.17662683260444226,-0.13028782148753537,0,51.20833333333334,17.625,Rupicapra_rupicapra,70
279,-0.8387287701241725,-0.00020850682225728276,-0.17585867576147213,-0.5003824894493873,-0.41430295286223057,-0.042601478815476976,-0.3704087164203934,-0.23489542644241296,-0.35387229587105673,-0.6132267672188193,0.017529794419897392,-0.15175594310284668,-0.32893762702129203,-0.6761169685952633,-0.7508457781967527,0.4555072139201364,-0.2896388289009768,0.2547347350535512,-0.1976392893283002,-0.19586865142709745,0.2351517040364509,-0.46706704858339837,0.03092609607628006,-0.1618891187376968,0.13835411507557238,-0.2464885576907174,-0.45733465269129286,0.31231035148466735,-1.0428220182664836,-0.4110689632362699,0.24564533282170117,-0.11762091695898517,-0.12688295330292002,-0.9536823105991298,-0.3479678230902031,-0.34368749431474155,-0.27543447281322675,0.3154078009569104,-0.6626035432866085,0.1671705657832838,-0.05222075334861589,0,51.12500000000001,12.124999999999998,Rupicapra_rupicapra,71
280,-1.3295823168472722,-0.8578956444892761,0.37240806189925524,-0.01502208950186681,0.7680248311073449,-0.4132101215333497,-0.6205447695522244,-0.177677648937587,0.4394468763903049,0.4764377388467364,0.5392615997491296,0.6252837966672964,0.732413694825398,-0.19939716455422282,1.0638905712716182,0.3330851939304704,-0.0865382918142773,-1.432593475983927,0.501925350570276,-0.19586865142709745,-0.012547314409655536,-0.5161254754072145,0.5438207624870698,0.4798993973669907,0.6187798706184382,-0.18677263155384446,-0.27906620517293657,-0.5391189728229305,-0.06851596362152004,-0.2334083926269807,-0.47557354792713474,-0.8436634418259084,0.48474292371570005,-0.7622395773308009,-0.05763193286800776,-0.5940581118137828,0.34412296199323844,0.7556808353975927,-0.8364106055707599,-0.37183664302274944,0.9968054747681147,0,39.12500000000001,8.624999999999998,Rupicapra_rupicapra,215
281,1.670063016244511,0.6532674075907094,-0.26723646537159335,-0.4713023843859505,-0.8368336026373745,0.5956689179567476,-0.49547670985459114,-0.023784882839466545,-0.142128489106034,-0.37595531101591645,0.12834008935707944,-0.08002919789329502,-0.11666736265195404,-0.6488260683167562,-0.41828723668104034,0.4363442644302355,-0.2792585890345105,0.2650280347902986,-0.04407631959446641,-0.3159437349882288,0.1525853645544154,-0.5234606028017955,0.13215530655209384,-0.09978055266304961,0.24620479489131777,0.12491537316056546,-0.30580647230069,0.9114643204418659,-1.3971151290464705,-0.2736334274819141,0.8814567145344907,0.09966188245374367,0.2872889004262243,-0.9855894328105179,-0.25118919301613796,-0.4665652397693401,-0.2367121331378227,0.425476059567081,-0.792958839999722,0.22390816671023467,0.17710125930946008,0,51.20833333333334,6.541666666666668,Rupicapra_rupicapra,70
282,-1.4693684108735785,0.44905618433665734,0.9206747995599827,-0.11549555511333301,0.38414736599913046,-0.20731645158823117,-0.6448635166029026,-0.10422436971540401,0.4591408590505126,0.4956521192691723,0.5531128866162773,0.7448283720165492,1.156954223564074,-0.2092683098318015,0.887059738910039,0.07257127542336779,-0.3084407981840652,-1.2579953721296404,0.5246754201604735,-0.1727216473671203,1.3910804567849475,-0.5334056155217307,0.5573179905505117,0.49025082504609857,0.6383890851303918,-0.09647049934686588,-0.11862460240641595,-0.4760501339853307,-0.3047113708081779,-0.15631040915502503,-0.20986132870387939,-0.6210810619396984,0.31136865936396524,-1.0494036772332942,-0.15441056294207287,-0.6132878059381331,0.2569976977235793,0.7756932460539873,-0.9305560976413418,-0.08814863838799511,1.001684666526797,0,39.708333333333336,3.1249999999999987,Rupicapra_rupicapra,208
283,0.3672464586878741,0.20400271643179482,-0.26723646537159335,-0.47303411817865954,-0.32221779883631785,-0.14554834446858572,-0.07510916231427069,-0.304954000978955,-0.47943818191377585,-0.5889800490666979,-0.11174888300681501,-0.06807474035836975,-0.32893762702129203,-0.7146339311567461,-0.7875218277729463,0.6603508653399852,-0.16527139810148894,0.3780605212758801,-0.2804242647815192,0.01968782388143959,0.2351517040364509,-0.4082461652276359,0.010680253981117304,-0.058374841946618156,0.010894220747873308,-0.27561827775748465,-0.38602727368395034,0.06003499613426795,-0.7180533333848291,-0.3641397559055143,0.027381724174027153,-0.043426790330248495,-0.20393818190369103,-0.8260538217535772,-0.5415250832383333,-0.08139446645860318,-0.1399062839493125,0.13529610504935857,-0.30050549686129335,0.2617332339948686,-0.16444216379831264,0,52.12500000000001,18.291666666666668,Rupicapra_rupicapra,59
284,1.361393324866728,-1.5113715589022427,1.1948081683903464,-0.35976863707428913,-0.525714554663196,0.7192051245259011,-0.6830787662693232,0.1273527073040385,-0.09349640947572509,-0.2392652543712748,0.26223586240617447,-0.12784702803299614,-0.11666736265195404,-0.4444346331722306,0.7118297427745742,0.055656802198807614,-0.5277972559115327,-1.4931881140071073,0.08989631243669723,1.7195459345360102,0.4828507224825573,0.4203182330783615,0.17264699074241935,-0.1618891187376968,0.35895777833505155,0.3026066655678459,-0.10079775765458032,0.7222578039290662,-1.1609197218598126,-0.07250825320724712,0.8529875481891419,-0.19181504358772186,0.662933139854983,-0.9217751883877416,-0.05763193286800776,-0.6732844516061061,-0.26575388789437576,0.5155319075208569,-0.9450400194983545,-0.6649809144786623,0.7040539692471667,0,42.95833333333334,-3.291666666666667,Rupicapra_rupicapra,169
285,0.6683486200073755,0.04063373782855314,0.4637858515093765,-0.5568926315851428,-2.104046375248139,1.604548003467669,-0.2974522764780524,0.33177225944465644,-0.7040098719421651,-0.793475954991194,-0.13945145674111054,-0.6538431595697084,-0.5412078913906301,-0.6525035762521978,-0.4730101969178552,0.1901637694794637,-0.4520018405867027,0.0937316015092843,-0.523091673743627,-0.227695782009566,1.0608150988568057,2.76426619872118,-0.23226985116083573,-0.5552433705437956,-0.08224954818390678,1.1604769215341424,0.594449187667009,2.141306677775063,-1.0132975923681515,0.7454007888430654,2.07716170103914,1.7107343463920257,0.9374423917452298,-0.5069825996396957,-0.25118919301613796,-0.2900366477078042,-0.5852131902164593,0.010218538446892005,-0.4525866763599257,-0.19216757342073837,-0.1107710544528055,0,47.70833333333334,13.70833333333333,Rupicapra_rupicapra,112
286,0.9258224009946999,0.1631604717809844,1.46894153722071,-0.154214617901536,-0.12743690334394678,-0.2896739072940588,-0.06816091100639952,-0.2839954530885604,-0.1490280816706646,-0.28566732954110297,0.003678507552749635,0.0753787500607336,0.09560290171738395,-0.5698566476756524,-0.6163669575102333,0.9212833362265549,0.23642511697974544,0.7280333050183146,-0.10979874285503725,-0.2638629758532803,1.143381438338841,-0.5488118571117592,0.17939560477414027,0.16935656699375481,0.13835411507557238,-0.17512074352713755,-0.3325467394284435,0.4069136097410671,-1.0132975923681515,-0.3540834971917809,0.32156310974263125,-0.0964225950650604,-0.020932013976859842,-0.28363274415997863,-0.3479678230902031,-0.10273942693663204,0.16019184853506907,0.21534574767493717,-0.19187608293369876,0.3279271017429779,-0.01806641103783862,0,46.04166666666667,21.20833333333333,Rupicapra_rupicapra,132
287,1.5721283379411974,-0.00020850682225728276,-0.5413698342019571,-0.6394768992302953,-0.4161976799682692,0.3074177539551146,-0.6657082042630807,-0.1112597487882008,-0.20000468304623636,-0.43271615930464286,0.17451104558090533,-0.1995737732425478,-0.11666736265195404,-0.6523100193169418,-0.5153622918714869,-0.014863322427873226,-0.6129938800150607,-1.7476079657357295,-0.026381821024312718,-0.004905867932286109,-0.26024633285576193,-0.5405326732757599,0.09166362236176832,-0.296457678566099,0.2854232239152252,-0.1736642575237992,-0.5375554540745532,0.438448029159867,-1.4266395549448028,-0.4881669467082256,0.48288838569960774,-0.29780665305734566,0.04649131104881481,-1.3046606549243995,-0.25118919301613796,-0.6573238054828954,-0.4884073410279492,0.44048536755937695,-1.002975706926405,-0.7879123831537225,0.17222206755077762,0,52.37500000000001,0.8749999999999997,Rupicapra_rupicapra,56
288,-1.4362013455400167,0.7757941415431406,-0.08448088615135091,0.5103478723842707,0.7187610589998698,-1.0308911927298043,-0.18628065313272615,-0.4307544222049306,0.4330161881747268,0.47016365544349203,0.4376854960567127,0.5535570514577447,0.5201434304560599,-0.06720076806847496,1.8326321805319263,1.4079719541684286,1.2068819126420582,0.18889631959279354,0.36668882578410134,-0.34777086557069736,0.7305497409286638,0.9076031071094461,0.5370721484553489,0.7179822339864715,0.4766130654067738,-0.5305033283416984,-0.6979970568410738,-0.349912456310131,-0.9837731664698192,-0.6691796035554258,-0.20986132870387939,-0.8383638613524271,-0.21357008547878742,0.6097666777588896,-0.009242617830975207,-0.21600232532905544,0.9733609817185547,0.5355443181772516,-0.04703686436357267,-0.08814863838799511,1.1285436522525414,0,35.29166666666667,8.541666666666666,Rupicapra_rupicapra,261
289,1.4228694994166078,-0.4494731979811719,-0.906880992642442,-0.5053489468118253,-0.5310199929418808,0.08093470474326445,-0.20365121513896867,-0.23961847261545052,-0.40397807488410226,-0.5937836441723069,-0.06096083116060657,-0.06807474035836975,-0.32893762702129203,-0.6993432839850277,-0.774423246569884,0.5109826980164772,-0.2694658873605206,0.27473871728508004,-0.2507227850387613,0.35821275825860516,-1.7464404435324004,-0.5349448749849388,0.037674710108000976,-0.09978055266304961,0.07952647153971128,-0.1853161455505061,-0.4127675408117038,0.31231035148466735,-0.9837731664698192,-0.3607876696676031,0.25513505493681743,-0.038127209856767305,-0.06427558006479354,-1.0174965550219062,-0.49313576820130073,-0.20927193238553282,-0.20767037838126964,0.23035505566723316,-0.48879648100245726,0.22390816671023467,-0.10589186269412303,0,51.54166666666667,15.291666666666664,Rupicapra_rupicapra,66
290,-0.977117579610251,0.20400271643179482,1.3775637476105889,-0.6843550990547195,-0.6196945803535593,0.2662390261022008,-0.2383923391514537,-0.23843772045604972,-0.5861474144910239,-0.6585178067859896,-0.13945145674111054,-0.22348268831239837,-0.32893762702129203,-0.7568283739657626,-0.5895876501277292,0.25195996863247433,-0.5467951210670363,-0.0002677339170371902,-0.37837595329487,-0.31883711049572594,-0.095113653891691,-0.2880163678890028,-0.09054895649469646,-0.296457678566099,0.0010896134918964551,-0.2304672116539954,-0.40385411843578595,0.028500576715468028,-0.7180533333848291,-0.3507314109538698,0.027381724174027153,-0.022228468436323732,-0.1702265193908537,-1.3365677771357876,-0.6383037133123984,-0.2308091898048052,-0.4593655862713961,0.1703178236980492,-0.5901839340015456,0.044239097108223574,-0.04246236983125096,0,54.04166666666667,18.70833333333333,Rupicapra_rupicapra,36
291,0.9454809669510145,0.7349518968923303,0.5551636411194977,-0.03217609582577567,0.3242730064511097,-0.7632294156650402,-0.3843050865092649,-0.3633033592241394,0.08696477857393363,0.0068944866528909575,0.2807042448957048,0.15905995280521054,0.09560290171738395,-0.32927087781689934,-0.43182244743603015,0.6284375416915038,0.28675974703183227,0.22657381508798738,0.10759081100685092,-0.3984049369518973,1.473646796266983,0.44272538366061026,0.29412204331339586,0.21076227771018627,0.35895777833505155,-0.4605920001814569,-0.5375554540745532,-0.034568262122131814,-0.8361510369781581,-0.5820253613697368,0.03687144628914341,-0.6369798033601419,-0.22801794084143198,-0.15600425531442605,-0.05763193286800776,-0.400799685864062,0.2279559429670262,0.44048536755937695,-0.46707059821693836,-0.04086730428220273,0.17222206755077762,0,41.37500000000001,-1.6250000000000002,Rupicapra_rupicapra,188
292,-1.3835085397294395,-0.12273524077468854,-0.17585867576147213,-0.5447377888299256,-0.62575779382793,0.225060298249287,-0.3495639624967799,-0.1851557959943712,-0.5532906168895548,-0.6425058231006264,-0.042492448671076224,-0.27130051845209946,-0.32893762702129203,-0.6869559170077271,-0.7665641089518562,0.3582361450432458,-0.3693514145502643,0.17568978547296055,-0.28484788942405764,-0.17416833512086888,-0.6730780302659393,-0.23942024521693583,-0.036560044240929124,-0.2654033955287754,0.07952647153971128,-0.132882649430325,-0.40385411843578595,0.46998244857866694,-1.1313952959614804,-0.34067515224013645,0.43543977512402643,-0.006329727015880157,-0.006484158614215275,-0.9855894328105179,-0.39635713812723566,-0.32676536348531326,-0.37224032200173696,0.25036746632362783,-0.6408776605010896,0.07260789757169901,-0.1107710544528055,0,50.70833333333334,12.291666666666664,Rupicapra_rupicapra,76
293,-0.9031614061230814,-2.409900941220072,-1.0896365718626844,-0.7825087174451701,-1.0134247854274276,1.0898137365632241,-0.4850543991562198,-0.015125983623281544,-0.5148404602672445,-0.669039967493514,0.035998176909427734,-0.22348268831239837,-0.32893762702129203,-0.5834053378058833,-0.6096721376044882,-0.12593443713831431,-0.8049307431704025,-1.5549480606008474,-0.2564103024363107,2.7004002315775413,-0.4253790118198329,-0.3733847127782818,-0.05005727230437096,-0.3792690999989619,0.12854950781959554,0.11180699913052018,-0.26123936042110096,0.7537922233478662,-1.1313952959614804,-0.19653544400995843,0.6442136616565842,-0.038127209856767305,0.1428103467997786,-1.4003820215585638,-0.49313576820130073,-0.4590656590608435,-0.6239355298918634,0.24036126099543048,-0.814684722785241,-0.6555246476575038,-0.0034288357617912155,0,55.70833333333334,9.458333333333332,Rupicapra_rupicapra,16
294,-1.3652523606551845,0.44905618433665734,0.37240806189925524,-0.34235318052843733,-0.4446190202340839,0.6162582818832045,-0.6552858935647093,0.07840026998588687,-0.14011889903866587,-0.40242410037335363,0.23453328867187895,-0.1995737732425478,-0.11666736265195404,-0.4510154213020901,0.7581114204169818,0.13386826439477914,-0.4735457543845268,-1.6920628870550334,0.04439617325630203,0.4131868929010508,1.2259477778208765,0.4691740686103358,0.13890392058381476,-0.1825919740959125,0.3246416529391326,0.2574555994643566,-0.1542782919100872,0.7222578039290662,-1.1904441477581449,-0.11943746053800275,0.8340081039589095,-0.223612526428609,0.6051417184044048,-0.7941466995421891,-0.009242617830975207,-0.6423246440659021,-0.2560733029755247,0.4805101888721663,-0.887104332070304,-0.977037719576892,0.6894163939711192,0,42.87500000000001,-3.208333333333333,Rupicapra_rupicapra,170
295,1.2232701005025792,0.3265294503842261,1.9258304852713162,-0.19644610787049424,-0.0724889499183559,-0.33085266582752204,-0.026471535686043345,-0.3043636248992546,-0.17371254633150324,-0.2980194312412403,-0.033258257426311055,0.09928766513058415,0.09560290171738395,-0.603921893019275,-0.6475125048929646,0.9251033793553145,0.19216221299914465,0.6998723850527508,-0.12496545591516899,-0.21467559222582885,0.9782487593747701,-0.6138558058736101,0.1591497626789775,0.16935656699375481,0.10894029330764184,-0.2260977536439803,-0.3503735841802791,0.24924151264706748,-0.9247243146731547,-0.38760435957089207,0.19819672224611987,-0.11762091695898517,-0.08835533900253449,-0.34744698858275497,-0.39635713812723566,-0.06370314786420088,0.14083067869736704,0.19533333701854252,-0.17739216107668615,0.33738336856413637,-0.04246236983125096,0,47.29166666666667,21.20833333333333,Rupicapra_rupicapra,117
296,0.4053810323555591,0.4082139396858469,0.5551636411194977,-0.5877371766475423,-2.104046375248139,1.4604223792810969,-0.2974522764780524,0.20744776903407325,-0.7545175689686844,-0.7950444758420051,-0.15330274360825827,-0.6060253294300073,-0.5412078913906301,-0.6470840928166632,-0.7410946347060868,0.10138725545143004,-0.5040989357914493,0.0420708476871401,-0.518036102723583,-0.24794941056204597,0.8956824198927347,0.43780880047992776,-0.23226985116083573,-0.5552433705437956,-0.07734724455591836,0.8225721687596419,0.1933451807507075,1.3529461923050647,-1.101870870063148,0.333094181579998,1.3369633760600712,1.0588859481538393,0.45103126120286274,-0.7622395773308009,-0.3479678230902031,-0.2973439314750573,-0.6045743600541614,0.03523405176738532,-0.5032804028594698,-0.19216757342073837,-0.262025998971962,0,46.45833333333334,14.291666666666664,Rupicapra_rupicapra,127
297,-0.7211434262648003,0.5307406736382781,-0.44999204459183584,-0.25715500894811605,-0.5749783267706712,-0.042601478815476976,-0.1272208483329982,-0.2350922247248855,-0.21866037750497055,-0.33625212697976065,-0.0009385880696329512,0.027560919921032483,0.09560290171738395,-0.5899861074771375,-0.6464937303646577,0.7539452827363511,0.06661970581470412,0.6080094116291417,-0.15719472116794891,-0.42733869202686875,-0.012547314409655536,-0.47781353393681336,0.13215530655209384,0.07619371788178406,0.12854950781959554,-0.0877315833268357,-0.3414601618043613,0.31231035148466735,-0.8656754628764903,-0.2736334274819141,0.23615561070658492,0.09966188245374367,-0.10280319436517907,-0.4750754774283075,-0.3479678230902031,-0.15773635213227397,0.044024829508856854,0.2253519530031345,-0.29326353593278703,0.3846647026699288,-0.03270398631388602,0,46.95833333333334,16.958333333333332,Rupicapra_rupicapra,121
298,-1.0483155916948104,0.44905618433665734,0.37240806189925524,0.18937195620335687,0.39210530657953974,-0.8044081128374045,-0.38083102711876476,-0.3629589716136711,0.21598046089896802,0.2584133405839946,0.4146000179447998,0.2905589856893886,0.09560290171738395,-0.16591259001636793,1.412895298259933,0.8379097746941246,0.357267019774837,-0.19020865980724114,0.24409122854803653,0.4131868929010508,1.2259477778208765,0.27547327584105236,0.3886026397574887,0.3867365482550199,0.4373946363828664,-0.416897420081306,-0.5464688764504709,-0.349912456310131,-0.7180533333848291,-0.5652649301801812,-0.20037160658876313,-0.8277647004054648,-0.11243509794027544,0.2587883334336199,0.039146697206057346,-0.39060794797815634,0.5183734905325568,0.4955194968644623,-0.3294733405753186,-0.3150990420957986,0.9675303242160198,0,38.29166666666667,-1.9583333333333333,Rupicapra_rupicapra,225
299,0.7744918141763846,0.6532674075907094,-0.26723646537159335,-0.5271753537840189,-0.8368336026373745,0.5133114430755765,-0.4503132751437348,-0.08203586071113188,-0.2711441714310684,-0.6182591049485049,0.035998176909427734,-0.21152823077747307,-0.32893762702129203,-0.6886978925078199,-0.4634045688516412,0.38821648205868475,-0.35485825791169456,0.19006155407672545,-0.1704655950955642,-0.3159437349882288,0.1525853645544154,0.21063553188006956,0.044423324139721894,-0.2136462571332361,0.17267024047149138,0.020048380920203245,-0.3503735841802791,0.8168610621854661,-1.2790174254531415,-0.28368968619564744,0.6821725501170492,0.0837631410333001,0.18133796110016412,-0.9855894328105179,-0.25118919301613796,-0.42637517904944794,-0.3625597370828859,0.34042331427740374,-0.7639909962856969,0.1198892316774914,0.10391338292922307,0,51.87500000000001,9.458333333333332,Rupicapra_rupicapra,62
300,1.7021786699773735,-0.08189299612387813,-0.7241254134221995,-0.616703009417178,-1.3666073678451518,1.1309924950966874,-0.49895076924509135,0.11864463666881116,-0.4176097941744161,-0.6511980428155378,0.012912698797514806,-0.3071638910568753,-0.32893762702129203,-0.6842461752899598,-0.49600552031460704,0.1392482518217199,-0.551103933711555,-1.9255076845983174,-0.2134379487659374,-0.26530966360702884,-1.0033433881940812,-0.2950103409004458,-0.016314202145766368,-0.33786338928253046,0.14815872233154925,0.35649664769136535,-0.17210513666192284,1.289877353467465,-1.3971151290464705,-0.13954997796546945,1.251555877024025,0.23215139429077344,0.6003257666168565,-1.2408464105016233,-0.3479678230902031,-0.47214185106540174,-0.4980879259468002,0.32541400628510775,-0.8436525664992662,-1.2985507914962804,0.06975904061844579,0,51.12500000000001,7.874999999999999,Rupicapra_rupicapra,71
301,-0.795725706472236,-3.1042191002838493,-0.08448088615135091,-0.5886520529962558,-0.8057596155114233,0.739794488452358,-0.5093732124703335,-0.0364288815887101,-0.2984745963472751,-0.5457150155984919,0.049849463776575495,-0.27130051845209946,-0.32893762702129203,-0.7066982629387003,-0.5109961073903074,0.3084618792733096,-0.44671369800487737,0.09897545303348955,-0.17552116611560808,6.15364389977538,-0.9207770487120457,-0.610553836353501,0.02417748204455914,-0.27575482320788325,0.17267024047149138,0.08704673707376799,-0.3325467394284435,0.5330512874162667,-1.2199685736564772,-0.25687299629235855,0.6157444953112354,0.12615978482114962,0.1909698646752605,-1.0494036772332942,-0.29957850805317054,-0.460027143767061,-0.43032383151484305,0.3304171089492064,-0.8002008009282284,0.06315163075054053,0.06975904061844579,0,53.62500000000001,8.791666666666666,Rupicapra_rupicapra,41
302,-0.7672876232217433,0.6941096522415199,1.3775637476105889,-0.23527954266654183,-0.01261473492874709,-0.33085266582752204,-0.07163497039689971,-0.30146091591979496,-0.13023841454077253,-0.27272703252191144,0.003678507552749635,0.21883224047983693,0.09560290171738395,-0.6006314989543453,-0.6517331461901683,0.8278493942490145,0.10755312708809295,0.6251003076508408,-0.07377779933722438,-0.3795979961531659,0.9782487593747701,-0.6155908539380637,0.19964144686930302,0.22111370538929415,0.15306102595953766,-0.2537709877074092,-0.448421230315375,0.2807759320658674,-1.0723464441648158,-0.4546460843291144,0.20768644436123612,-0.22891210690209018,-0.09317129079008268,-0.6346110884852483,-0.4447464531642682,-0.09100931352077835,0.15051126361621806,0.2753829796441211,-0.2860215750042807,0.3752084358487703,0.0014503559968912518,0,46.95833333333334,19.125,Rupicapra_rupicapra,121
303,-0.8427415150873916,-0.0410507514730677,0.0068969034587703275,-0.24892102209565198,-0.1782163704012056,-0.2690845587078766,-0.10637609440938474,-0.28857092870131934,-0.21166030543697156,-0.433304354623697,-0.005555683692015537,0.03951537745595776,0.09560290171738395,-0.6106962380843904,-0.6703622573462168,0.8601584452392068,0.13144734308059153,0.6722940823291529,-0.14329190086282817,-0.2971367941894974,-0.4253790118198329,-0.6239606848796792,0.13890392058381476,0.12795085627732336,0.11874490056361868,-0.21444586561727338,-0.4395078079394572,0.31231035148466735,-0.9837731664698192,-0.3943085320467143,0.20768644436123612,-0.09112301459157922,-0.10280319436517907,-0.4431683552169194,-0.3479678230902031,-0.11620021282367726,0.09242775410311195,0.23035505566723316,-0.2642956922187618,0.4319460367757212,-0.05709994510729836,0,47.70833333333334,17.375,Rupicapra_rupicapra,112
304,1.213369845595458,0.12231822713017397,0.1896524826790128,-0.21199910551266551,-0.38171312622808373,0.43095397202947416,-0.6101223925904176,0.03771313531897518,0.0793283363179347,0.12508906826505178,0.3176410098747655,0.05146983499088304,0.09560290171738395,-0.4452088239960437,0.9193696040050531,0.44602040006796606,-0.022102147443681854,-1.700608298022569,0.1758410197774437,-0.28845666766700595,0.7305497409286638,-0.4578992374556055,0.2873734292816749,0.06584229020267619,0.398176207358959,0.24726019744098804,-0.1542782919100872,0.8799299010230659,-1.1904441477581449,-0.09262077063471381,0.9478847693403045,-0.19181504358772186,0.6147736219795011,-0.5388897218510839,0.039146697206057346,-0.5790589503967896,-0.033419849841951295,0.5405474208413502,-0.8074427618567347,-0.8257374504383564,0.8211545714555458,0,45.45833333333334,-0.4583333333333333,Rupicapra_rupicapra,139
305,-1.6302265429873677,-0.28610421937793024,0.281030272289134,-0.42768217693377353,-0.6962425962580845,0.2868283900286577,-0.453787334534235,-0.10545433082928153,-0.20924879735612978,-0.4080119559043681,0.06831784626610583,-0.18761931570762252,-0.11666736265195404,-0.6132124044082965,-0.36065346828375655,0.3717723726489891,-0.28415493987150553,0.2601726935429079,-0.1300210269352129,0.30902537463115376,1.143381438338841,-0.27951076194427393,0.0849150083300474,-0.17224054641680464,0.1971817586114335,-0.00908133914656404,-0.36820042893211474,0.6276545456726665,-1.2494929995548092,-0.3205626348126697,0.5967650510810029,0.02546775582500699,0.19578581646280868,-0.8260538217535772,-0.20279987797910543,-0.4371438077590841,-0.2947956426509288,0.35543262226969974,-0.7350231525716716,0.1577142989621253,0.15270530051604775,0,48.70833333333334,5.624999999999999,Rupicapra_rupicapra,100
306,1.0171739391115948,-0.00020850682225728276,-0.17585867576147213,-1.16669306663103,-2.104046375248139,2.05751404053027,-0.6587600192186449,0.6954963990773692,-1.0840903400170587,-1.0473802677162396,-0.3887746203497702,-1.4189284418049262,-1.390288948867982,-0.704375635091445,-0.9508175465378697,-1.1324118986338632,-1.747772123100559,-1.0437777400024828,-0.9288012481021507,-0.21901565548707458,-1.4161750856042585,1.9607968636608386,-0.7249186754764627,-1.5179261447008268,-0.30285321144338595,0.955112395063433,0.3003062492617213,1.9521001612622633,-1.2199685736564772,0.4336567687173315,1.8494083702763495,1.0959830114682076,0.7159086095180132,-2.0066173435749386,-0.6383037133123984,-0.610211054878237,-1.7662445503162836,-0.12986833614787055,-1.1333310036395183,-1.0810566546096354,-0.5303815456994977,0,46.45833333333334,10.541666666666666,Rupicapra_rupicapra,127
307,-0.28443517393929224,-0.08189299612387813,0.281030272289134,-0.1397725344175136,-0.04747817626677541,0.1427028118629099,-0.3843050865092649,-0.09905851802294466,0.14845823463539862,0.056139505864814206,0.2807042448957048,0.31446790075923914,0.09560290171738395,-0.4165630620879555,1.0988202691972455,0.6694876019259569,0.2193859116988552,-1.4411388499081486,0.16320209222733395,-0.1886352126583546,-0.5905116907839039,-0.11947086107012064,0.33461372750372137,0.2832222714639413,0.3883716001029821,0.1234588871572271,-0.163191714286005,0.5015168679974669,-1.0723464441648158,-0.1496062366792028,0.6442136616565842,-0.36140161873911997,0.3643441290269953,-0.6665182106966364,-0.25118919301613796,-0.3900310571544259,0.2569976977235793,0.5205350101849556,-0.5612160902875203,-0.5042243785189682,0.9236175983878777,0,43.04166666666667,12.124999999999998,Rupicapra_rupicapra,168
308,-1.143224680046857,0.12231822713017397,0.4637858515093765,-0.5941087045963259,-0.8679075897633256,0.47213270755252534,-0.42599446182962114,-0.1309882980292835,-0.5171849820125073,-0.6608052330267558,-0.014789874936780708,-0.29520943352195,-0.32893762702129203,-0.694310914420005,-0.7755875642821668,0.2528374022924746,-0.46923694174000813,0.07664085366084107,-0.27410480100646434,-0.15102133106089174,-0.9207770487120457,-0.4962299911841655,-0.05005727230437096,-0.32751196160342255,0.09423338242367656,-0.060058349263406786,-0.3325467394284435,0.5961201262538666,-1.1904441477581449,-0.3138584623368475,0.5872753289658866,0.036066916771969375,0.04167535926126662,-1.0494036772332942,-0.3479678230902031,-0.38503133668209477,-0.4593655862713961,0.2603736716518251,-0.720539230714659,0.015870296644748143,-0.1107710544528055,0,51.54166666666667,11.124999999999998,Rupicapra_rupicapra,66
309,-0.22324591559203272,0.5715829182890886,-0.08448088615135091,-0.2660750284195608,-0.1782163704012056,0.16329219112964155,-0.5649589578795612,-0.07593526409622099,-0.026376101225629313,-0.322723634641515,0.23915038429426153,-0.08002919789329502,0.09560290171738395,-0.5092747297945461,0.9152945058918254,0.5176932591167858,-0.02758603647315316,-1.7615913722359358,0.07725738488658745,-0.38972481042940593,0.2351517040364509,-0.5556273826967456,0.21313867493274485,-0.027320558909294565,0.3344462601951094,0.04335215697361707,-0.36820042893211474,0.848395481604266,-1.3971151290464705,-0.3172105485747586,0.7770697712682119,-0.28720749211038327,0.3498962736643507,-0.570796844062472,-0.009242617830975207,-0.547906845915342,-0.08182277443620639,0.48551329153626493,-0.7639909962856969,-0.9392126522922581,0.7772418456274036,0,46.62500000000001,0.4583333333333328,Rupicapra_rupicapra,125
310,-0.3409254058877856,-0.4494731979811719,0.1896524826790128,-0.04820283488840879,0.46562164346767354,-0.5985143815311871,-0.33914165179840855,-0.32168147963477617,0.025873240525942254,-0.2794912786910343,0.2530016711614093,0.17101441034013581,0.09560290171738395,-0.3561747011421053,0.9592473815525238,0.7528325971534653,0.350803800808059,-1.4026845561192094,0.08357684866164235,0.968714990340502,-0.8382107092300103,0.6346344433532877,0.25363035912307036,0.21076227771018627,0.31973934931114417,-0.34552960591772613,-0.5553822988263888,-0.22377477863493134,-0.8361510369781581,-0.5283919815631589,-0.10547438543760052,-0.7641697347236905,-0.0016682068266670863,-0.2517256219485905,-0.15441056294207287,-0.3431106034910111,0.28603945248013235,0.44048536755937695,-0.4236188326459005,-0.7122622485844546,0.8797048725597355,0,40.62500000000001,-3.875,Rupicapra_rupicapra,197
311,0.512729695930254,-0.4086309533303615,0.4637858515093765,-0.2445753843677742,-0.33586006529325485,-0.14554834446858572,-0.05426440839065721,-0.26431607526652007,-0.21018660605423492,-0.43042873306387663,-0.028641161803928467,0.0753787500607336,0.09560290171738395,-0.6072122870842048,-0.6626486351526409,0.8196875528339528,0.10422364438088097,0.6116995183926005,-0.1527710965254105,-0.3390907390482059,-0.17767999337372647,-0.24124551361385838,0.13215530655209384,0.11759942859821551,0.09913568605166498,-0.132882649430325,-0.27015278279701876,0.438448029159867,-0.9247243146731547,-0.3105063760989364,0.3595219982030963,0.009569014404563416,0.003147744960881103,-0.41126123300553125,-0.39635713812723566,-0.08562499916596025,0.0730665842654099,0.1853271316903452,-0.2136019657192177,0.290102034458344,-0.07173752038334576,0,47.37500000000001,22.375,Rupicapra_rupicapra,116
312,-1.6285077450750665,-0.8170533998384657,-0.8155032030323207,-0.49303077245342636,-0.5211671806970211,-0.0631908887627581,0.0638553337356694,-0.30962785696523304,-0.49993600060093085,-0.5951560999167665,-0.2087078910768493,-0.06807474035836975,-0.32893762702129203,-0.7283761597636277,-0.8051321644006879,0.6056441509202166,-0.22246088944041492,0.32135002289468206,-0.33603554600200225,0.6301900559633364,-0.4253790118198329,-0.55019683747081,-0.04330865827265004,-0.08942912498394175,-0.08715185181189522,-0.24503207168737903,-0.3592870065561969,0.09156941555306787,-0.5999556297915002,-0.3105063760989364,0.027381724174027153,0.041366497245450565,-0.2232019890538838,-0.8579609439649654,-0.6383037133123984,0.049752047469466015,-0.17862862362471657,0.02022474377508933,-0.16290823921967354,0.23336443353139313,-0.25714680721327954,0,51.37500000000001,22.375,Rupicapra_rupicapra,68
313,-0.2705072949818037,-1.9606362500611574,3.5706306982534985,-0.3434804477897131,-0.8694232847131093,0.5956689179567476,-0.40167564851550747,-0.020832983673247367,-0.11962108035151088,-0.3524274982537501,0.11910589811231428,-0.03221136775359391,0.09560290171738395,-0.5741147894996512,-0.29981780535805214,0.48683548844134655,-0.1355018001842271,0.4075807826905273,-0.06429860367464205,0.11082915236759955,-0.26024633285576193,-0.39343861910669986,0.1524011486472566,-0.03767198658840243,0.22659558037936406,0.23415182341094276,-0.27906620517293657,1.1322052563734655,-1.3971151290464705,-0.25687299629235855,1.0522717126065835,0.12615978482114962,0.43176745405267,-0.7303324551194128,-0.25118919301613796,-0.39041565103691284,-0.12054511411161047,0.380448135590193,-0.6408776605010896,0.2806457676371855,0.19661802634418996,0,47.54166666666667,5.624999999999999,Rupicapra_rupicapra,114
314,-0.855952235211667,0.36737169503503647,0.4637858515093765,-0.6329910989877107,-1.4522502762404388,1.1721712536301507,-0.4711578965404775,0.12174408762759176,-0.43897843522409735,-0.6587465494100663,-0.02402406618154588,-0.34302726366165115,-0.32893762702129203,-0.7119241894389788,-0.5214749945603765,0.16154873380219947,-0.5608966353855449,-1.93910263638668,-0.2564103024363107,-0.3116036717269831,0.07001902507237993,-0.0044136814522292905,-0.036560044240929124,-0.35856624464074616,0.12854950781959554,0.3783439377414408,-0.17210513666192284,1.3529461923050647,-1.4266395549448028,-0.13619789172755833,1.2800250433693736,0.25864929665817943,0.6195895737670494,-1.2727535327130113,-0.39635713812723566,-0.459257956002087,-0.5271296807033533,0.29539539030051576,-0.8219266837137473,-1.3458321256020727,0.055121465342398396,0,51.45833333333334,8.791666666666666,Rupicapra_rupicapra,67
315,1.1002282135332546,0.5307406736382781,-0.906880992642442,-0.9907256500054509,-2.104046375248139,1.8516204319462508,-0.592751830584175,0.48536980935135093,-0.9871611124343357,-0.9727448172318117,-0.2410275604335274,-1.0483402582222425,-1.390288948867982,-0.7041820966147943,-0.8493762652269576,-0.820724385508375,-1.471030352874135,-0.7452713067705293,-0.7088839087302407,-0.37381124513817166,-1.7464404435324004,5.799259801162319,-0.5089630264613934,-1.1452747482529437,-0.17049101348769846,0.8298545987763337,0.34487336114131034,1.5736871282366642,-1.0428220182664836,0.4135442512898648,1.4603297635565826,1.111881752888651,0.4895588755032482,-1.6875461214610572,-0.5415250832383333,-0.5530988633289166,-1.3499793988056898,-0.014796974873601309,-0.9884917850693923,-0.7406310490479301,-0.39864336821507107,0,46.45833333333334,9.791666666666666,Rupicapra_rupicapra,127
316,0.7750174541400654,0.1631604717809844,0.1896524826790128,-0.5402450728879494,-1.7122108250011037,1.4604223792810969,-0.3877792784266359,0.2722421115046369,-0.6654257426486969,-0.7805356579720025,-0.06096083116060657,-0.5701619568252314,-0.5412078913906301,-0.6105026811491345,0.38829460107012453,0.11637448331011345,-0.4463220556848162,-1.8311198574168384,-0.41566078956769387,-0.28411660440576025,0.6479834014466282,0.425162032483328,-0.16478371084362656,-0.5138376598273641,0.0010896134918964551,0.9143307869699588,0.14877806887111844,2.1728410971938628,-1.456163980843135,0.22247533572893113,2.0961411452693723,0.5130291593852766,1.192687836485284,-0.7303324551194128,-0.29957850805317054,-0.3900310571544259,-0.5368102656222042,0.11528369439296392,-0.5684580512160267,-1.6768014643426195,0.5332822576932802,0,45.95833333333334,6.374999999999999,Rupicapra_rupicapra,133
317,-1.3209422416176075,0.44905618433665734,-1.0896365718626844,-0.6581666015374777,-0.6784319879912274,0.32800713322184627,-0.3843050865092649,-0.188402873816582,-0.4646007085830411,-0.6356435443783278,0.00829560317513222,-0.11589257049807085,-0.32893762702129203,-0.7216018146985123,-0.5559679241364565,0.18286815925188396,-0.5595256631281771,-0.012891650794904225,-0.23113244733609112,-0.4360188185493602,-0.34281267233779744,-0.550623586161156,-0.002816974082324531,-0.23434911249145182,0.12364720419160712,-0.180946687540491,-0.4395078079394572,0.2807759320658674,-1.101870870063148,-0.38425227333298095,0.2836042212821662,-0.07522427317113564,-0.020932013976859842,-1.3046606549243995,-0.49313576820130073,-0.3625325945566049,-0.42064324659599206,0.28538918497231847,-0.7277811916431653,0.10097669803517445,0.020967123031621123,0,53.45833333333334,12.374999999999998,Rupicapra_rupicapra,43
318,-0.44343507430585033,0.5715829182890886,0.646541430729619,-0.19283566178502123,0.036270005022473135,-0.3926207729471675,-0.04384209769228586,-0.31912315826578486,-0.16008082704118937,-0.2906669897530633,-0.019406970559163295,0.11124212266550942,0.09560290171738395,-0.596760452542253,-0.6392167377230094,0.9132993340627221,0.1909868377646536,0.6932691920794622,-0.11169458198755372,-0.32173048600322307,-0.17767999337372647,-0.6084545771503462,0.17264699074241935,0.1797079946728627,0.12364720419160712,-0.2727053057508079,-0.4216809631876216,0.21770709322826756,-0.954248740571487,-0.4345335669016477,0.1412583895554223,-0.21301336548164662,-0.12688295330292002,-0.3793541107941431,-0.39635713812723566,-0.07947149704616815,0.15051126361621806,0.21534574767493717,-0.19911804386220508,0.33738336856413637,-0.022945602796521084,0,47.04166666666667,20.291666666666668,Rupicapra_rupicapra,120
319,1.6964543032987522,0.44905618433665734,0.646541430729619,-0.68319512558719,-1.6500628507492012,1.2957074065083427,-0.5093732124703335,0.20587345784516178,-0.49497901176808945,-0.6852806938029539,-0.04710954429345881,-0.39084509380135224,-0.32893762702129203,-0.6886978925078199,-0.5211839081924248,-0.05138800385762963,-0.7109208967549604,-1.9326935874218567,-0.29432708508664,-0.2855632921595088,-1.0033433881940812,-0.5619957771993559,-0.08380034246297555,-0.46208052143182476,0.1040379896796534,0.4569941819217125,-0.020576956271320012,1.4160150311426647,-1.338066277249806,-0.038987390828135945,1.3464530981751874,0.36464090612780325,0.7544362238183987,-1.4003820215585638,-0.39635713812723566,-0.49252532683721306,-0.6723384544861185,0.28038608230821976,-0.9088302148558229,-1.3931134597078652,0.030725506548986058,0,50.29166666666667,6.458333333333332,Rupicapra_rupicapra,81
320,-0.7979293914502322,-0.08189299612387813,0.281030272289134,-0.15820088621679657,-0.2691647170751776,0.2662390261022008,-0.33914165179840855,-0.08188827138313608,0.10464917116677323,-0.10463388134332273,0.23453328867187895,0.27860452815446335,0.09560290171738395,-0.4214018747177222,1.0583602078757757,0.621755546896117,0.1649385142994341,-1.4405562326661825,0.10632691825183994,-0.1886352126583546,-0.5905116907839039,0.6274191450539682,0.3076192713768377,0.2521679884266177,0.34915317107907473,0.18608778530077674,-0.19884540378967627,0.8799299010230659,-1.1904441477581449,-0.12949371925173608,0.9194156029949557,-0.20771378500816542,0.35471222545189895,-0.6984253329080246,-0.29957850805317054,-0.3521485597294557,0.20859477312932417,0.4655008808798703,-0.5177643247164825,-0.5515057126247606,0.9089800231118302,0,42.62500000000001,13.624999999999998,Rupicapra_rupicapra,173
321,-0.6632875442954365,-0.28610421937793024,1.6516971164409524,-0.25258062720454905,-0.06263628223190806,-0.2896739072940588,-0.08553147301264204,-0.29206401376047936,-0.16634404941782005,-0.2980194312412403,-0.010172779314398124,0.13515103773536,0.09560290171738395,-0.6099220103433667,-0.6636674096809478,0.8239204070750139,0.09560601909184366,0.61072839087382,-0.10916679647753176,-0.25807622483828596,0.8956824198927347,-0.36686804089818104,0.17264699074241935,0.15900513931464696,0.13835411507557238,-0.2304672116539954,-0.46624807506721067,0.34384477090346727,-1.101870870063148,-0.46805442928075885,0.2836042212821662,-0.21301336548164662,-0.05464367648969717,-0.6027039662738601,-0.4447464531642682,-0.11043130458637217,0.11178892394081398,0.2553705689877265,-0.2860215750042807,0.3279271017429779,-0.01806641103783862,0,47.29166666666667,18.45833333333333,Rupicapra_rupicapra,117
322,-0.25714047611580904,0.20400271643179482,0.0068969034587703275,-0.4373046818413694,-0.3203230717302793,-0.0014227509625631685,-0.36693452450302244,-0.2078854908915842,-0.1975931749653946,-0.4908167858201037,0.049849463776575495,-0.08002919789329502,-0.32893762702129203,-0.6507616007521049,-0.38714171705783285,0.5097378232578749,-0.22069812543821674,0.32309802279383576,-0.13634049071026777,-0.3043702329582402,0.31771804351848637,0.260416660509131,0.09841223639348924,-0.08942912498394175,0.18247484772746822,-0.17949020153715264,-0.47516149744312847,0.438448029159867,-1.2199685736564772,-0.42112522195000324,0.33105283185774753,-0.13351965837942875,-0.011300110401763465,-0.8898680661763535,-0.29957850805317054,-0.3577251710255173,-0.18830920854356759,0.35042951960560104,-0.648119621429596,0.23336443353139313,0.15270530051604775,0,50.04166666666667,8.374999999999998,Rupicapra_rupicapra,84
323,1.1577186361541225,1.3067433220036762,-0.906880992642442,-0.12364777645016276,-0.4889563862191291,0.2868283900286577,-0.5719072091874323,-0.008090604550484742,0.07128997604846216,-0.014313222350784017,0.3130239142523829,-0.020256910218668628,0.09560290171738395,-0.425853573476977,1.049627727875321,0.6314316825338476,0.15318715275083078,-1.6829348218022178,0.15561873569726808,-0.3390907390482059,-0.5905116907839039,-0.25903809455358406,0.2873734292816749,0.07619371788178406,0.38346929647499367,0.23123885140426603,-0.19884540378967627,0.9745331592794657,-1.338066277249806,-0.1697187541066695,1.0617614347216997,-0.12822007790594755,0.5617981523164711,-0.21981849973720233,0.13592532728012247,-0.5450223917966894,0.044024829508856854,0.5055257021926596,-0.6988133479291401,-0.8541062509018318,0.8260337632142283,0,45.04166666666667,0.3749999999999997,Rupicapra_rupicapra,144
324,-1.3226861891373896,-0.4903154426319823,1.6516971164409524,-0.6057243935185738,-0.5219251004511188,0.38977523267135433,-0.6691823299170163,-0.0832658218250094,-0.22291400981423312,-0.4465387493024156,0.17451104558090533,-0.24739160338224891,-0.11666736265195404,-0.6482454159695936,-0.48261582498406913,0.07343736657994324,-0.5499288573266023,-1.7468311303986703,-0.03143739204435663,0.006667634097702457,-0.4253790118198329,-0.34931249636781025,0.07816639429832649,-0.30680910624520685,0.28052092028723674,-0.11103535938024953,-0.5108151869467997,0.5330512874162667,-1.456163980843135,-0.46135025680493663,0.5493164405054215,-0.23951126784905258,0.11391463607448946,-1.1451250438674587,-0.15441056294207287,-0.6634773076026874,-0.4593655862713961,0.44048536755937695,-0.981249824140886,-0.8162811836171979,0.1624636840334127,0,52.20833333333334,-1.1250000000000002,Rupicapra_rupicapra,58
325,-0.5111208317833905,-0.20441973007630937,-0.17585867576147213,-0.8158527944348939,-2.104046375248139,1.5221904864007423,-0.4642096452326063,0.17000774972480673,-0.9523952042688669,-0.9571903187946017,-0.22255917794399704,-1.0363858006873172,-1.390288948867982,-0.6863752646605645,-0.8995875255581411,-0.40025414274613313,-0.9441829729285213,-0.39432724733605856,-0.7063561232202187,-0.1235342637396689,-0.9207770487120457,3.6365561155166626,-0.4482255001759051,-0.9900033330663258,-0.1753933171156869,0.5443833421220143,0.25573913738213216,1.1006708369546654,-0.8066266110798258,0.32303792286626465,0.9478847693403045,1.0429872067333956,0.21504962361300142,-1.0174965550219062,-0.3479678230902031,-0.4386821832890322,-1.0789230210778613,-0.07483420684278526,-0.6988133479291401,-0.5893307799093944,-0.4132809434911185,0,46.95833333333334,11.874999999999998,Rupicapra_rupicapra,121
326,0.72419154582825,0.20400271643179482,0.1896524826790128,-0.589207559932352,-0.5977153411599582,0.34859649714830315,-0.3912533378171361,-0.16409886773045754,-0.3693461393897914,-0.6232914426781905,0.022146890042279977,-0.1398014855679214,-0.32893762702129203,-0.7094080046564676,-0.5176909272960525,0.3392051046672486,-0.4204693292424735,0.125000010996341,-0.20079902121582766,-0.25084278606954313,-0.5079453513018684,-0.5821199286758291,0.02417748204455914,-0.19294340177502037,0.14325641870356082,-0.11394833138692625,-0.4395078079394572,0.5015168679974669,-1.2790174254531415,-0.37754810085715873,0.46390894146937517,-0.06462511222417326,0.060939166411459376,-1.1132179216560705,-0.39635713812723566,-0.36695542420520544,-0.3335179823263329,0.31040469829281175,-0.6988133479291401,0.13880176531980837,0.055121465342398396,0,53.45833333333334,11.041666666666664,Rupicapra_rupicapra,43
327,1.2825009812997827,-1.3071603356481907,-0.3586142549817146,-0.7762352084011044,-1.6727999012780912,1.6869053978123976,-0.48852845854672,0.398239331013085,-0.8902988711871914,-0.930786884472615,-0.15330274360825827,-0.809251107523737,-0.9657484201293061,-0.6437936987517335,0.10929472983846814,-0.40169954176281414,-0.8983532008181374,-1.7404220814338471,-0.574911276699077,0.18461022780877664,0.4002843830005218,3.1167544244563676,-0.36049351776353317,-0.8554347732379236,-0.08715185181189522,0.9347215910166959,0.07747068986377594,2.109772258356263,-1.5152128326397993,0.18560238711190885,2.1435897558449537,0.5395270617526825,1.04339333107129,-1.208939288290235,-0.39635713812723566,-0.4756031960077848,-0.9530754171327981,0.045240257095582645,-0.7784749181427094,-1.4403947938136574,0.3820273131741237,0,44.87500000000001,6.708333333333332,Rupicapra_rupicapra,146
328,-1.370676643797426,0.36737169503503647,2.4740972229320435,-0.4543606692605605,-1.0047089250929204,0.8839200666181058,-0.49547670985459114,0.08287734645740956,-0.21688523961212872,-0.418599471647343,0.0821691331332536,-0.21152823077747307,-0.32893762702129203,-0.6298579316682013,0.042491990686421836,0.38453422934190096,-0.2966895860602311,-1.8794790517956521,-0.10979874285503725,-0.3275172370182174,0.9782487593747701,-0.3546214467093019,0.0849150083300474,-0.19294340177502037,0.21188866949539878,0.34047530165464335,-0.163191714286005,1.2583429340486652,-1.4266395549448028,-0.1093812018242694,1.2705353212542574,0.136758945768112,0.6581171880674349,-0.8898680661763535,-0.20279987797910543,-0.47214185106540174,-0.31415681248863087,0.380448135590193,-0.7857168790712158,-1.1850755896423786,0.3234770120699341,0,49.54166666666667,5.208333333333333,Rupicapra_rupicapra,90
329,1.0357925490475812,-0.28610421937793024,0.281030272289134,-0.3463721550499516,-0.3464706527338005,0.03975597689035064,-0.47810614784834865,-0.1519468459196781,-0.13087478472877245,-0.36860286952773946,0.13757428060184462,-0.1398014855679214,-0.11666736265195404,-0.5847601994354642,-0.3041839898392316,0.5128983208171162,-0.13373888675725973,0.4093289307629368,-0.04660410510448836,0.30902537463115376,1.143381438338841,-0.5707169659485815,0.14565253461553568,-0.09978055266304961,0.2511070985193062,-0.08627509732349734,-0.40385411843578595,0.5961201262538666,-1.3085418513514737,-0.4043647907604477,0.5398267183903053,-0.1070217560120228,0.15725820216242317,-0.6027039662738601,-0.10602124790504032,-0.47233414800664525,-0.16894803870586556,0.40046054624658767,-0.7060553088576464,0.22390816671023467,0.2014972181028724,0,48.70833333333334,4.624999999999999,Rupicapra_rupicapra,100
330,0.9941716604203833,1.102532098749624,-0.7241254134221995,-0.2550638060287463,-0.038383428334425415,-0.33085266582752204,-0.07163497039689971,-0.30441281508601414,-0.15160705559045373,-0.2871378178387384,-0.010172779314398124,0.1829688678750611,0.09560290171738395,-0.6081800533018792,-0.6594467683837442,0.8001921699720698,0.07817502206612306,0.5936374948521209,-0.09652786892742199,-0.43167875528811445,0.1525853645544154,-0.530740232567393,0.18614421880586118,0.1797079946728627,0.14325641870356082,-0.2625099037274394,-0.45733465269129286,0.24924151264706748,-1.0428220182664836,-0.4479419118532922,0.16023783378565482,-0.22891210690209018,-0.12206700151537182,-0.6665182106966364,-0.4447464531642682,-0.09908578505300547,0.11178892394081398,0.2553705689877265,-0.2860215750042807,0.3468396353852949,-0.008308027520473682,0,47.20833333333334,19.375,Rupicapra_rupicapra,118
331,1.7152893842017451,0.1631604717809844,-1.272392151082927,-0.5761378408284213,-0.766348655648808,0.7603838523788149,-0.6031742075459818,0.024281980975275896,-0.22733510796244302,-0.5302912272321828,0.13757428060184462,-0.21152823077747307,-0.11666736265195404,-0.6573423888819644,-0.4847989449841828,0.18719287376759552,-0.4762876988992624,-1.749161710496476,-0.06429860367464205,0.20486385636125665,-1.2510424066401875,-0.4867206539281437,0.07816639429832649,-0.25505196784966755,0.24130249126332934,0.12200240115388873,-0.36820042893211474,0.848395481604266,-1.3675907031481382,-0.29709803114729194,0.7770697712682119,0.036066916771969375,0.31136865936396524,-1.1132179216560705,-0.20279987797910543,-0.5565602082712996,-0.43032383151484305,0.41546985423888366,-0.9233141367128356,-0.8351937172595149,0.12830934172263542,0,52.04166666666667,5.458333333333332,Rupicapra_rupicapra,60
332,-0.9838094161368545,0.12231822713017397,-0.17585867576147213,-0.4712533250765699,-1.728884698195226,0.842741338765192,-0.3287193411000372,-0.009960131930822198,-0.5373143758539782,-0.6344998312579447,-0.019406970559163295,-0.23543714584732364,-0.32893762702129203,-0.6325676549273632,-0.7064561341865071,0.3476996595161055,-0.3109868468263857,0.23356551833809047,-0.265889498098893,-0.2768831656370174,-0.012547314409655536,-0.4119072869738096,-0.016314202145766368,-0.23434911249145182,0.08933107879568812,0.28658531953112387,-0.03840380102315564,0.9429987398606657,-0.9247243146731547,0.0515189375954642,0.8055389376135607,0.6137211883814192,0.1909698646752605,-0.8260538217535772,-0.3479678230902031,-0.32561158183785227,-0.31415681248863087,0.24036126099543048,-0.5829419730730392,0.10097669803517445,-0.08637509565939316,0,48.12500000000001,9.708333333333332,Rupicapra_rupicapra,107
333,0.03440062081421688,0.20400271643179482,3.2964973294231346,-0.43702697823034303,-0.39725011979105934,0.1427028118629099,-0.31829703040166585,-0.19209275715821456,-0.46158632348198886,-0.6276375525356462,-0.028641161803928467,-0.28325497598702476,-0.32893762702129203,-0.6629554107941495,-0.7245030726066523,0.5594546763561544,-0.19171181216107722,0.35184156000136557,-0.26904922998642045,-0.217568967733326,-0.4253790118198329,-0.31955113221538617,-0.00956558811404545,-0.2136462571332361,0.08933107879568812,-0.10229644336021934,-0.38602727368395034,0.5645857068350667,-1.2494929995548092,-0.3674918421434254,0.530336996275189,-0.048726370803729685,0.051307262836363,-0.6346110884852483,-0.25118919301613796,-0.30965093571464153,-0.27543447281322675,0.2353581583313318,-0.5467321684305078,0.1198892316774914,-0.09125428741807563,0,50.20833333333334,10.541666666666666,Rupicapra_rupicapra,82
334,0.7011563488026396,0.6941096522415199,-0.5413698342019571,-0.3603894567088493,-0.7500537423317346,1.0074562808573968,-0.3044005277859235,0.09389774999239615,-0.28166102611696164,-0.48950968511109444,0.04061527253181032,-0.04416582528851919,-0.32893762702129203,-0.5528240434624463,0.6167922366407415,0.4283143321290775,-0.13334739386196778,-1.5901007208598281,-0.14771552550536657,-0.4446989450718516,1.2259477778208765,0.021216029496441618,0.09166362236176832,-0.04802341426751029,0.17267024047149138,0.5516657721387062,0.21117202550254313,1.3214117728862649,-0.9837731664698192,0.24258785315639786,1.2325764327937925,0.036066916771969375,0.8700190667195552,-0.8898680661763535,-0.39635713812723566,-0.31253538983329404,-0.12054511411161047,0.3204109036210091,-0.553974129359014,-0.8919313181864658,0.7382083115579439,0,43.95833333333334,16.708333333333332,Rupicapra_rupicapra,157
335,1.5709738261171613,0.28568720573341566,0.8292970099498614,-0.3138285824010967,-0.23013264481040516,-0.02201213022929481,-0.5093732124703335,-0.16085175237281238,-0.11319039213593284,-0.3624268186776708,0.17451104558090533,-0.15175594310284668,0.09560290171738395,-0.5692759768698845,-0.27856894464996246,0.5592998021735882,-0.07380760032836732,0.4407914472151449,-0.013742893474202943,-0.31015698397323455,1.3910804567849475,-0.47150133163954083,0.1524011486472566,-0.08942912498394175,0.27071631303125987,-0.1037529293635577,-0.5019017645708819,0.6591889650914664,-1.456163980843135,-0.46805442928075885,0.5872753289658866,-0.20771378500816542,0.15244225037487497,-0.5069825996396957,-0.009242617830975207,-0.4932945146021871,-0.1302256990304615,0.4204729569029823,-0.7060553088576464,0.09152043121401597,0.2161347933789198,0,48.37500000000001,3.5416666666666665,Rupicapra_rupicapra,104
336,1.3323677810205534,0.12231822713017397,0.1896524826790128,-0.38814625670157493,-0.8860972301864376,0.3691858687448974,-0.1584877804281123,-0.17098665747525854,-0.5216395733285067,-0.6187165901966581,-0.09789759613966725,-0.3071638910568753,-0.32893762702129203,-0.6484389729048495,-0.7179537958848831,0.6183427136433997,-0.10651518805754918,0.4363246162445687,-0.34867447355211206,-0.14523458004589745,0.8131160804106992,0.7830248313513379,-0.029811430209208203,-0.1825919740959125,0.010894220747873308,0.06082998901367744,-0.18101855903784064,0.6591889650914664,-0.954248740571487,-0.1697187541066695,0.5398267183903053,0.2639488771316606,0.08020297356165214,-0.4750754774283075,-0.3479678230902031,-0.16985105943061465,-0.20767037838126964,0.1052774890647666,-0.3077474577897996,0.14825803214096683,-0.14980458852226525,0,48.54166666666667,18.45833333333333,Rupicapra_rupicapra,102
337,-0.5575344982257224,-0.08189299612387813,-0.08448088615135091,-0.5209345509462069,-1.1320365526131164,0.43095397202947416,0.015217839634312839,-0.2168396062991952,-0.5578121945411332,-0.6351860591301747,-0.22717627356637965,-0.21152823077747307,-0.32893762702129203,-0.710182213938886,-0.7911603240937706,0.40423041652367553,-0.3433027922355064,0.20152023647066056,-0.41818857507771584,-0.24505603505454884,-0.7556443697479748,-0.3469227037018727,-0.1040461845581383,-0.24470054017055967,-0.11166336995183734,-0.017820255166594225,-0.18993198141375844,0.4069136097410671,-0.7180533333848291,-0.12949371925173608,0.33105283185774753,0.3275438428134349,-0.04982772470214898,-0.8260538217535772,-0.5899143982753658,-0.023320790203065208,-0.32383739740748185,-0.024803180201798634,-0.20636000479071137,0.09152043121401597,-0.2864219577653743,0,49.54166666666667,22.20833333333333,Rupicapra_rupicapra,90
338,0.1468412240270625,0.20400271643179482,0.0068969034587703275,-0.5322235766620912,-0.5423885001365244,0.1427028118629099,-0.40514984043287844,-0.1921419661126913,-0.47230413717461894,-0.6386171984913239,0.003678507552749635,-0.24739160338224891,-0.32893762702129203,-0.6792138241835425,-0.7537565863572216,0.36589331507135553,-0.36700111235558985,0.1780204026140802,-0.24124358937617893,-0.24071597179330315,-0.095113653891691,0.061817519634156284,-0.00956558811404545,-0.25505196784966755,0.11384259693563026,-0.16783831351044573,-0.38602727368395034,0.4069136097410671,-1.0723464441648158,-0.3708439283813365,0.35003227608798004,-0.054025951277210875,-0.07872343542743812,-0.9217751883877416,-0.29957850805317054,-0.37060906608883204,-0.381920906920588,0.2753829796441211,-0.6843294260721275,0.08206416439285749,-0.0814959039007107,0,51.29166666666667,10.791666666666664,Rupicapra_rupicapra,69
339,-0.4163411783222,-0.8170533998384657,-1.0896365718626844,-0.851075683431425,-2.104046375248139,1.4604223792810969,-0.5267437082131406,0.13674962823107129,-0.9501846551947619,-0.9562753482982953,-0.19485660420970155,-0.9885679705476161,-1.390288948867982,-0.6828913136603788,-0.8969678037656239,-0.4902926153033597,-1.009402401939239,-0.4590004283128843,-0.6507448419997357,-0.11919420047842319,-0.9207770487120457,1.5995479757174187,-0.4279796580807424,-0.9796519053872179,-0.1410771917197679,0.3827133957514559,0.1309512241192828,0.7537922233478662,-0.7180533333848291,0.1956586458256422,0.6157444953112354,0.8416031487411104,0.04649131104881481,-1.2727535327130113,-0.39635713812723566,-0.4765646807140023,-1.1079647758344144,-0.009793872209502645,-0.814684722785241,-0.579874513088236,-0.3791266011803412,0,46.70833333333334,11.45833333333333,Rupicapra_rupicapra,124
340,0.9749979156930949,0.12231822713017397,0.5551636411194977,-0.457971215060077,-0.4252925724590312,-0.14554834446858572,-0.047316157082786046,-0.30564277619989166,-0.4616533098175678,-0.5780004031110202,-0.11174888300681501,-0.020256910218668628,-0.32893762702129203,-0.7109564232213045,-0.7821368687634599,0.6742139250814515,-0.14881973101307502,0.39437439674395014,-0.2602019807013436,0.23524429918997664,-0.26024633285576193,-0.5017110497200352,0.02417748204455914,-0.027320558909294565,0.010894220747873308,-0.26687936173745447,-0.36820042893211474,0.09156941555306787,-0.6885289074864969,-0.3540834971917809,0.046361168404259676,-0.027528048909804922,-0.20393818190369103,-0.8260538217535772,-0.5415250832383333,-0.05928031821560031,-0.10118394427390842,0.13529610504935857,-0.27153765314726813,0.290102034458344,-0.16444216379831264,0,51.79166666666667,18.70833333333333,Rupicapra_rupicapra,63
341,-1.410994723504121,0.24484496108260523,-0.3586142549817146,-0.4812680053170802,-1.8202119324670407,0.8839200666181058,-0.1584877804281123,-0.0681619008480108,-0.5668553498442898,-0.6461657050858522,-0.13021726549634535,-0.34302726366165115,-0.32893762702129203,-0.6768911778776818,-0.7550664472534803,0.4557939972166063,-0.2612400538163136,0.282895655019115,-0.406813540282617,-0.2334825330245603,0.07001902507237993,-0.08378020184694318,-0.08380034246297555,-0.27575482320788325,-0.03322651190402253,0.29969369356116915,0.1398646464952006,0.7537922233478662,-0.6885289074864969,0.1487294384948866,0.6347239395414679,0.7674090221123737,0.10909868428694126,-0.6346110884852483,-0.39635713812723566,-0.17619685849165026,-0.32383739740748185,0.06525266775197729,-0.33671530150382484,0.06315163075054053,-0.2034756978677724,0,49.45833333333334,18.70833333333333,Rupicapra_rupicapra,91
342,-1.6441399419925125,0.612425162939899,0.37240806189925524,-0.5058717475416677,-0.5147250796248074,0.12211343259617825,-0.3044005277859235,-0.20749189432663914,-0.3148192622285359,-0.5917249605556173,0.003678507552749635,-0.056120282823444466,-0.32893762702129203,-0.6842461752899598,-0.7597237181026114,0.4826482842757978,-0.27514567226240705,0.2691065036573161,-0.18563230815569592,-0.19442196367334888,1.0608150988568057,-0.3506986946811725,0.06466916623488465,-0.08942912498394175,0.13835411507557238,-0.1605558834937539,-0.37711385130803254,0.4069136097410671,-1.0132975923681515,-0.34067515224013645,0.33105283185774753,-0.006329727015880157,-0.05464367648969717,-1.0494036772332942,-0.4447464531642682,-0.28272936394055104,-0.21735096330012066,0.3054015956287131,-0.6046678558585581,0.23336443353139313,-0.05709994510729836,0,51.37500000000001,13.70833333333333,Rupicapra_rupicapra,68
343,-1.0865722923831151,0.1631604717809844,-0.906880992642442,-0.8365519341458117,-2.104046375248139,1.481011727867279,-0.5093732124703335,0.18250419668148887,-0.8898299668381389,-0.9031090269593443,-0.15791983923064085,-0.7972966499888117,-0.9657484201293061,-0.6666329002709859,-0.7998927208156534,-0.5060197664718805,-1.0052894851671355,-0.4549219594458668,-0.574911276699077,-0.25084278606954313,-1.7464404435324004,4.199533768428723,-0.36049351776353317,-0.8761376285961393,-0.09205415543988364,0.4569941819217125,0.11312437936744718,0.8799299010230659,-0.8656754628764903,0.1520815247327977,0.8150286597286769,0.7727086025858549,0.1476262985873268,-1.4003820215585638,-0.49313576820130073,-0.48137210424508986,-1.0208395115647553,0.050243359759681305,-0.8364106055707599,-0.4853118448766512,-0.3059387248001042,0,46.29166666666667,10.041666666666666,Rupicapra_rupicapra,129
344,1.6184225766663305,-0.4903154426319823,0.9206747995599827,-0.6343144040584219,-0.6519053748314512,0.7192051245259011,-0.6969752026216302,0.017886168168939027,-0.22492359988160127,-0.4509502141953218,0.1837452368256705,-0.23543714584732364,-0.32893762702129203,-0.66643934333573,-0.49993510300338295,0.06266002789365825,-0.5842033131855672,-1.9123011504784844,-0.013742893474202943,-0.016479369962274674,-1.0033433881940812,-0.46723947960903967,0.07816639429832649,-0.30680910624520685,0.2903255275432136,0.03315675495024852,-0.4127675408117038,1.0060675786982656,-1.5447372585381316,-0.357435583429692,0.8909464366496069,-0.1600175607468347,0.29210485221377247,-1.208939288290235,-0.15441056294207287,-0.6746305301948107,-0.47872675610909815,0.4655008808798703,-1.0319435506404302,-1.0432315873250013,0.1575844922747302,0,53.20833333333334,-1.2916666666666672,Rupicapra_rupicapra,46
345,-0.9911276885670679,0.8166363861939511,-1.272392151082927,-0.5038296039316785,-0.8554021306583294,0.739794488452358,-0.4642096452326063,0.0013555253310247606,-0.26431156520201676,-0.6205465311892711,0.04061527253181032,-0.1995737732425478,-0.32893762702129203,-0.6621812015117311,-0.4216346466339128,0.3724260369204352,-0.34878668126497775,-1.7448889864910513,-0.14518773999534462,-0.4880995776843087,-0.34281267233779744,-0.0013350060015640973,0.05117193817144281,-0.2136462571332361,0.19227945498344506,0.1715229252673931,-0.3325467394284435,1.0376019981170657,-1.456163980843135,-0.2736334274819141,0.9763539356856533,0.03076733629848818,0.37397603260209167,-1.0813107994446824,-0.29957850805317054,-0.4527198599998079,-0.32383739740748185,0.380448135590193,-0.792958839999722,-0.9675814527557336,0.12343014996395293,0,49.70833333333334,6.208333333333332,Rupicapra_rupicapra,88
346,1.3654296393573766,0.44905618433665734,0.281030272289134,0.2368151003676126,0.6259181297782712,-0.5779250329450049,-0.3877792784266359,-0.2768616936422445,0.20794210062949547,0.25057073632993915,0.3730461573433565,0.20687778294491166,0.30787316608672194,-0.15313812762716075,1.4404023215623163,0.8684407132338409,0.433062435099667,-1.3721930190125258,0.2213411589578389,-0.3853847471681602,1.473646796266983,0.05933105367902171,0.3818540257257678,0.37638512057591206,0.42759002912688954,-0.2057069495972432,-0.27906620517293657,-0.4445157145665308,-0.36376022260484236,-0.2803375999577363,-0.24782021716434444,-0.8489630222993896,0.47029506835305546,0.2587883334336199,0.039146697206057346,-0.40176117057027955,0.4893317357760037,0.5005225995285609,-0.3584411842893438,-0.8541062509018318,0.9382551736639251,0,36.208333333333336,6.874999999999999,Rupicapra_rupicapra,250
347,-0.8691518289389155,0.24484496108260523,0.281030272289134,-0.46958690398232483,-1.5901885273407834,1.316296816455624,-0.3704087164203934,0.27150416486465784,-0.11801340829761636,-0.35654486548712916,0.1144888024899317,0.17101441034013581,-0.11666736265195404,-0.5578564130274689,-0.6661415882894892,0.16138797832156107,-0.36327998732831673,-1.235855027895399,-0.05355551525704874,-0.3130503594807317,0.5654170619645927,-0.07550402131996878,0.1524011486472566,0.0037337241280290213,0.24130249126332934,0.8065508227229199,0.1933451807507075,1.9205657418434634,-1.3085418513514737,0.2727566292975979,1.6975728164344892,0.5130291593852766,0.7110926577304649,-1.2727535327130113,-0.49313576820130073,-0.36714772114644895,-0.15926745378701454,0.4054636489106863,-0.7060553088576464,-0.37183664302274944,0.030725506548986058,0,45.54166666666667,13.95833333333333,Rupicapra_rupicapra,138
348,-1.2743989756927474,0.24484496108260523,-1.1810143614728057,-0.5124229601967598,-0.6109785754606403,0.32800713322184627,-0.3843050865092649,-0.15293079979660637,-0.44283014951988625,-0.624206413174497,0.017529794419897392,-0.23543714584732364,-0.32893762702129203,-0.7014723548970271,-0.4762120914462758,0.5278511010728056,-0.2716202936827799,0.27260235528236765,-0.2134379487659374,0.05006826671015958,-1.5813077645683296,-0.45889385122940285,0.017428868012838224,-0.2136462571332361,0.12854950781959554,-0.060058349263406786,-0.38602727368395034,0.5645857068350667,-1.2199685736564772,-0.32391472105058083,0.5113575520449565,0.020168175351525798,0.08020297356165214,-0.7941466995421891,-0.25118919301613796,-0.36137881290914387,-0.2851150577320778,0.29539539030051576,-0.6408776605010896,0.1198892316774914,0.06000065710108086,0,53.20833333333334,10.291666666666666,Rupicapra_rupicapra,46
349,0.4953722532217562,0.5307406736382781,0.5551636411194977,-0.47806588823956153,-0.37906047936794734,0.4103646042679486,-0.6969752026216302,-0.013305627661986433,-0.13851122698477136,-0.4009536120757182,0.22529909742711376,-0.21152823077747307,-0.11666736265195404,-0.5859215041297893,-0.3849585970577192,0.1857071458498485,-0.38991614783555095,-1.663513456812655,0.04439617325630203,-0.3535576165856916,0.4828507224825573,-0.5010316268695976,0.13890392058381476,-0.23434911249145182,0.3246416529391326,0.017135408913526516,-0.3236333170525256,0.8799299010230659,-1.2790174254531415,-0.29374594490938083,0.7486006049228631,-0.29780665305734566,0.3161846111515134,-0.9536823105991298,-0.009242617830975207,-0.6665540586625834,-0.3625597370828859,0.4905163942003636,-0.981249824140886,-0.7311747822267716,0.2014972181028724,0,49.54166666666667,0.2916666666666667,Rupicapra_rupicapra,90
350,0.9970763742477373,0.44905618433665734,0.09827469306889156,-0.5023429672577856,-0.5776309736308076,-0.02201213022929481,0.032588401640555355,-0.2990009936920399,-0.5050604552727196,-0.5997309523982989,-0.19947369983208413,-0.0919836554282203,-0.32893762702129203,-0.7237308856105117,-0.8010570385279362,0.5679147836020174,-0.24753018181786615,0.29649069941576256,-0.34298695615456265,-0.3622377431081831,-0.012547314409655536,-0.5393388726125331,-0.04330865827265004,-0.11013198034215746,-0.07734724455591836,-0.22901072565065703,-0.3414601618043613,0.15463825439066772,-0.5999556297915002,-0.29374594490938083,0.046361168404259676,0.06786439961285652,-0.20875413369123924,-0.8898680661763535,-0.6383037133123984,0.01821534910553149,-0.20767037838126964,0.030230949103286654,-0.19911804386220508,0.21445189988907618,-0.24738842369591457,0,51.20833333333334,22.125,Rupicapra_rupicapra,70
351,1.3864626116115117,0.8983208754955719,1.2861859580004675,0.07398266568740643,0.5008641169619568,-0.31026325588024095,-0.6135965182443531,-0.11972184972191328,0.5869507873351262,0.6203495269086541,0.6039009384624858,0.8165551172261009,1.156954223564074,-0.06255554929117484,1.0481722405165148,0.1459246453808475,-0.08379634729954165,-1.3148999774759897,0.6030367709711542,-0.4056383757206402,1.143381438338841,1.4888170872067277,0.6450499729628836,0.6248193848745007,0.6923144250382645,-0.0673407792800986,-0.047317223399073446,-0.6021878116605304,0.07910616587014112,-0.0088186146869359,-0.47557354792713474,-0.9072584075076827,0.7255405130931095,-0.8260538217535772,-0.10602124790504032,-0.6223257621765778,0.45060939610059964,0.8107149647026779,-0.8364106055707599,-0.24890517434768925,1.0553557758723042,0,36.54166666666667,3.0416666666666665,Rupicapra_rupicapra,246
352,0.3038021627609561,0.44905618433665734,0.5551636411194977,-0.14217414715416343,-0.10848934316673696,-0.2896739072940588,-0.12027259702512706,-0.26958030733249844,-0.10002757719467154,-0.2559634659288679,0.059083655021340664,0.1829688678750611,0.09560290171738395,-0.5425657473971451,-0.5987566486420157,0.8952149026145261,0.2493515549133014,0.7109427053431272,-0.047236051481993856,-0.31883711049572594,1.143381438338841,-0.5939982555468395,0.2266359029961867,0.24181656074750985,0.18737715135545666,-0.16638182750710737,-0.3592870065561969,0.46998244857866694,-1.0723464441648158,-0.3674918421434254,0.37850144243332884,-0.12292049743246636,0.007963696748429292,-0.3793541107941431,-0.29957850805317054,-0.12562276294460892,0.20859477312932417,0.3003984929646144,-0.2787796140757744,0.3846647026699288,0.020967123031621123,0,45.37500000000001,20.375,Rupicapra_rupicapra,140
353,0.2652682238603443,0.44905618433665734,0.9206747995599827,0.14552310444953415,0.3913472422670299,-0.7014612471842958,-0.3148228384842949,-0.34470635318798076,0.09661081089730068,-0.08306671964467022,0.3314922967419133,0.13515103773536,0.09560290171738395,-0.24817240472240149,1.2057919277837619,0.975755078785251,0.6706334733425158,-0.2282746655792495,0.13602839799459793,-0.1727216473671203,1.3910804567849475,-0.40393670047718716,0.3008706573451168,0.29357369914304915,0.35895777833505155,-0.34116014790771104,-0.5375554540745532,-0.19224035921613142,-0.8951998887748225,-0.5149836366115145,-0.03904633063178668,-0.7164735104623597,-0.05945962827724536,0.3864168222791725,-0.009242617830975207,-0.3383031799599235,0.49901232069485474,0.41546985423888366,-0.2280858875762303,-0.40966171030738335,0.9236175983878777,0,39.79166666666667,-2.291666666666667,Rupicapra_rupicapra,207
354,0.6110322695388087,-0.8170533998384657,-0.3586142549817146,-0.7994503328565167,-0.9152764179271442,1.1104031465105053,-0.4225204024391209,-0.02949192042486675,-0.5342664975851366,-0.6701836806138971,0.012912698797514806,-0.15175594310284668,-0.32893762702129203,-0.7502475858359031,-0.6306298841851024,-0.0631518602800624,-0.7876956420170971,-0.6137887309874214,-0.27410480100646434,0.8717869108393478,-1.1684760671581522,-0.4836703191492862,-0.07030311439953371,-0.32751196160342255,0.09913568605166498,0.10889402712384345,-0.3147198946766078,0.6907233845102664,-1.1313952959614804,-0.2267042201511585,0.6062547731961191,0.0837631410333001,0.2824729486386761,-1.4961033881927284,-0.5899143982753658,-0.3873388999770168,-0.5658520203787574,0.24536436365952913,-0.7784749181427094,-0.059779837924519685,-0.03270398631388602,0,56.29166666666667,13.291666666666664,Rupicapra_rupicapra,9
355,-0.5311407093780668,-1.0621068677433283,0.7379192203397402,-0.6854660132128684,-0.8038647438469727,1.1515818436828698,-0.7873021383067783,0.27253736523149724,-0.1726742581300297,-0.33403005577444495,0.23453328867187895,-0.1398014855679214,-0.11666736265195404,-0.6132124044082965,0.3383744271068927,-0.2701232813238666,-0.7908292288518939,-1.857338689039754,0.06209067182645572,0.37846638681108513,-0.7556443697479748,-0.3020706997589331,0.11190946445693108,-0.3171605339243147,0.3540554747070631,0.30406315157118424,-0.0829709129027447,0.9745331592794657,-1.0428220182664836,-0.0021144422111136654,0.8624772703042581,-0.223612526428609,0.8266755006316215,-1.5599176326155046,-0.20279987797910543,-0.7736634549352148,-0.5658520203787574,0.5355443181772516,-1.198508651996075,-0.9203001186499412,0.5674366000040575,0,50.45833333333334,-3.625,Rupicapra_rupicapra,79
356,-1.6469085508515027,0.6532674075907094,0.1896524826790128,-0.1457846929536799,-0.5924100474396853,0.20447091898255534,-0.5788553942318682,-0.04538299699632108,0.028686666620257647,-0.14090592601832924,0.3314922967419133,-0.008302452683743352,0.09560290171738395,-0.36081995683661605,0.722599660793547,0.3609261387567162,0.008646780410886663,0.12752473510261206,0.12781309508702657,-0.3622377431081831,-0.17767999337372647,-0.43347728717660583,0.25363035912307036,0.024436579486244746,0.36386008196304,0.1525886072239944,-0.3325467394284435,0.9114643204418659,-1.4266395549448028,-0.30045011738520305,1.0522717126065835,-0.11762091695898517,0.3643441290269953,-0.21981849973720233,0.13592532728012247,-0.550599003092751,-0.04310043476080232,0.45549467555167295,-0.6915713870006338,-0.10706117203031207,0.7967586126621335,0,43.37500000000001,0.2916666666666667,Rupicapra_rupicapra,164
357,0.13439361673082115,-0.16357748542549896,-0.7241254134221995,-0.48063083257939315,-1.301048754699809,0.47213270755252534,-0.18280659374222594,-0.17098665747525854,-0.6090567412590207,-0.6706411658620504,-0.13021726549634535,-0.45061738147597863,-0.32893762702129203,-0.6588908074468014,-0.7421134092343938,0.39384320394284233,-0.291597339350821,0.20831768458235642,-0.45673730410555063,-0.1278743270009146,-0.8382107092300103,2.0862194312172533,-0.13104064068502197,-0.35856624464074616,-0.05283572641597623,0.0462651289802938,-0.09188433527866252,0.438448029159867,-0.6590044815881647,-0.0892686843968027,0.33105283185774753,0.3699404866012844,-0.07872343542743812,-0.4750754774283075,-0.3479678230902031,-0.19061912908491302,-0.40128207675829003,0.015221641110990667,-0.32223137964681225,-0.14488623931494599,-0.22787165666118472,0,48.70833333333334,20.20833333333333,Rupicapra_rupicapra,100
358,0.9732392865961711,0.48989842898746777,0.4637858515093765,0.023598954381618433,0.3981683754954984,-0.7014612471842958,-0.42599446182962114,-0.32925804460051383,0.20151141241391743,0.24429665292669478,0.3499606792314436,0.2427411555496875,0.30787316608672194,-0.3271418253635052,1.0018906739122029,0.7745880788459268,0.0889470536774197,0.32096166079112337,0.216285587937795,-0.46784594913182875,1.3910804567849475,-0.19467845391071895,0.3751054116940469,0.3142765545012649,0.4226877254989011,-0.38485472800786197,-0.5375554540745532,-0.0030338427033318937,-1.0428220182664836,-0.5820253613697368,0.07483033474960846,-0.6793764471479914,-0.10280319436517907,-0.15600425531442605,-0.05763193286800776,-0.42560599128447396,0.34412296199323844,0.5205350101849556,-0.4960384419309636,0.06315163075054053,0.9382551736639251,0,41.958333333333336,-1.2083333333333333,Rupicapra_rupicapra,181
359,-1.197540919354982,0.48989842898746777,0.281030272289134,-0.0651935096091359,0.28448301443223944,-0.7632294156650402,-0.40167564851550747,-0.3592690882720385,0.10223766308593146,0.017678067502217214,0.29455553176285254,0.21883224047983693,0.09560290171738395,-0.33198063799327193,-0.6331040627936437,0.558175634056371,0.2139020226693839,0.19996649170991415,0.1328686661070705,-0.46495257362433157,1.473646796266983,0.14842825618316494,0.3076192713768377,0.21076227771018627,0.3687623855910284,-0.464961458191472,-0.5375554540745532,-0.034568262122131814,-0.8361510369781581,-0.585377447607648,-0.020066886401554157,-0.6422793838336232,-0.2761774587169139,-0.3155398663713668,-0.10602124790504032,-0.41406817480986374,0.20859477312932417,0.4655008808798703,-0.5177643247164825,-0.03141103746104425,0.12830934172263542,0,41.37500000000001,-0.8750000000000003,Rupicapra_rupicapra,188
360,1.283108785426123,-0.2452619747271198,0.1896524826790128,-0.20453301650885997,-0.9857613649157106,0.4103646042679486,-0.13764315903136956,-0.10845540141454305,-0.1785020693253973,-0.31095972826043183,0.04061527253181032,0.08733320759565888,0.09560290171738395,-0.5503078402213297,-0.6048693235713812,0.7809547240399218,0.14104429830693552,0.6818106578587829,-0.11485431387508116,-0.20599546570333743,-1.0859097276761167,-0.38897360838395467,0.16589837671069843,0.12795085627732336,0.1579633295875261,0.24580371143764967,-0.14536486953416938,0.848395481604266,-1.1313952959614804,-0.11273328806218051,0.7011519943472817,0.35404174518084086,0.1909698646752605,-0.41126123300553125,-0.3479678230902031,-0.1731201074317542,0.10210833902196297,0.25036746632362783,-0.2860215750042807,0.4319460367757212,-0.0034288357617912155,0,45.79166666666667,16.625,Rupicapra_rupicapra,135
361,0.5411677133440779,0.48989842898746777,1.834452695661195,-0.11276727917031967,-0.416955599722367,-0.042601478815476976,-0.5093732124703335,-0.12675722879471008,0.10062999103203696,0.012645729772531629,0.3130239142523829,0.09928766513058415,0.09560290171738395,-0.39585294993930786,0.8126888652293447,0.5818697036181343,0.16356739261729708,0.19783012970720176,0.15814652120729003,-0.29569010643574883,1.2259477778208765,-0.36671496018280403,0.3076192713768377,0.1486537116355391,0.3785669928470053,0.011309464900173058,-0.37711385130803254,0.7537922233478662,-1.4266395549448028,-0.34737932471595867,0.8150286597286769,-0.23421168737557138,0.24394533433829058,-0.34744698858275497,-0.009242617830975207,-0.4900254666010475,0.10210833902196297,0.4955194968644623,-0.6408776605010896,-0.02195477063988577,0.8504297220076407,0,43.79166666666667,1.3749999999999998,Rupicapra_rupicapra,159
362,1.1503162244611855,0.24484496108260523,0.1896524826790128,-0.41770010318547357,-1.4681662296804634,0.7809732316455466,-0.3704087164203934,0.0059801535951088634,-0.20442578119444627,-0.49604518865614067,0.06831784626610583,-0.08002919789329502,-0.11666736265195404,-0.6058574254546238,-0.6830242089973516,0.41586222380129817,-0.22618216389245724,0.31765991613122324,-0.13444465157775132,0.028367950403931017,-1.0033433881940812,0.6993399243239907,0.09166362236176832,-0.09978055266304961,0.18247484772746822,0.29969369356116915,-0.0829709129027447,1.1006708369546654,-1.1609197218598126,-0.05574782201769153,1.0332922683763508,0.4441346132300211,0.2824729486386761,-0.8579609439649654,-0.29957850805317054,-0.3650324547927704,-0.17862862362471657,0.34042331427740374,-0.6263937386440771,0.22390816671023467,0.0014503559968912518,0,48.12500000000001,7.958333333333332,Rupicapra_rupicapra,107
363,0.9777672693294008,-3.1042191002838493,-0.08448088615135091,-0.49044947501046793,-0.3093334521334787,-0.042601478815476976,-0.3252451491826662,-0.24178321618721396,-0.30818761500622105,-0.590123762187081,0.022146890042279977,-0.06807474035836975,-0.32893762702129203,-0.6921818250494003,-0.7619068103432012,0.5604928654967931,-0.23577896969403203,0.3081434887748491,-0.17172948785057515,6.15364389977538,-0.9207770487120457,-0.49824670830296486,0.07141778026660557,-0.07907769730483388,0.14815872233154925,-0.23920612767402558,-0.46624807506721067,0.3753791903222672,-1.1313952959614804,-0.43788565313955885,0.30258366551239874,-0.1600175607468347,-0.05464367648969717,-0.9536823105991298,-0.39635713812723566,-0.29253650794396974,-0.20767037838126964,0.3154078009569104,-0.6119098167870645,0.2428207003525516,-0.04734156158993342,0,52.37500000000001,12.70833333333333,Rupicapra_rupicapra,56
364,0.6966955194715834,0.48989842898746777,1.834452695661195,-0.10205011349365835,-0.34495495778401686,0.03975597689035064,-0.5406401445654475,-0.08897282187497522,0.07812258227751381,-0.00748362114621072,0.3084068186300003,0.015606462386107205,0.09560290171738395,-0.4094016400695388,0.8211302033427998,0.6289996257501124,0.1774731604881597,-1.6658440369104606,0.15056316467722416,-0.29569010643574883,1.2259477778208765,-0.2788292553647734,0.2873734292816749,0.10724800091910765,0.37366468921901685,0.08122079306041453,-0.3325467394284435,0.9114643204418659,-1.4266395549448028,-0.34067515224013645,0.9478847693403045,-0.1600175607468347,0.35471222545189895,-0.21981849973720233,0.0875360122430899,-0.5111781301378329,0.08274716918426094,0.5005225995285609,-0.6626035432866085,-0.8635625177229903,0.8309129549729107,0,44.20833333333334,0.7916666666666666,Rupicapra_rupicapra,154
365,0.9357497806093658,-0.653684421235224,-0.26723646537159335,0.10822526592271668,0.3595154799453929,-0.042601478815476976,-0.46073558584210617,-0.09900930906846793,0.3550440935608431,0.3940903941791541,0.45615387854624306,0.4101035610386414,0.5201434304560599,-0.2553338267408182,1.331684033729994,0.8582083748355739,0.532752365266534,-1.2554705739367413,0.3527860054789806,-0.3550043043394402,-0.26024633285576193,-0.1454276685678295,0.48308323620158156,0.4695479696878828,0.5158314944306812,0.16569698125403967,-0.020576956271320012,0.028500576715468028,-0.6590044815881647,-0.0021144422111136654,0.2646247770519337,-0.5733848376783676,0.5666141041040192,-0.09219001089164974,-0.009242617830975207,-0.4519506722348339,0.4796511508571527,0.5955815501464355,-0.5032804028594698,-0.29618650845348166,1.011443050044162,0,42.04166666666667,12.541666666666664,Rupicapra_rupicapra,180
366,-0.4506215417251308,-0.0410507514730677,0.0068969034587703275,-0.5800914029374282,-1.3495545347739806,0.45154333979099975,-0.3113487790937947,-0.16341009250952088,-0.6220185971935451,-0.6832220101862644,-0.12560016987396277,-0.4864807540807545,-0.32893762702129203,-0.6919882865727497,-0.781118094235153,0.2617621320860364,-0.44122980897540603,0.10441341152284622,-0.4245080388527707,-0.19876202693459458,-1.0033433881940812,0.5317293759745623,-0.13104064068502197,-0.41032338303628546,-0.008714993764080397,-0.052775919246714965,-0.19884540378967627,0.31231035148466735,-0.5113823520965035,-0.10267702934844716,0.19819672224611987,0.3699404866012844,-0.1365148568780164,-0.9217751883877416,-0.39635713812723566,-0.29503636818013523,-0.5174490957845023,0.12028679705706258,-0.5612160902875203,-0.059779837924519685,-0.19371731435040745,0,50.04166666666667,16.875,Rupicapra_rupicapra,84
367,1.3059088138707882,0.36737169503503647,0.0068969034587703275,-0.3295612647495766,-0.7360325882769547,0.10152408400999609,-0.16891009112648364,-0.20655711186875322,-0.2923453466418023,-0.5738830358776411,-0.033258257426311055,-0.11589257049807085,-0.32893762702129203,-0.6323741164507126,-0.6964138765683656,0.741866216743433,0.005317297703674682,0.5472204443809262,-0.2267088226935527,0.01390107286644531,0.1525853645544154,-0.3644472955620331,0.07141778026660557,-0.016969131230186705,0.09913568605166498,-0.03966754521666969,-0.24341251566926533,0.438448029159867,-0.7475777592831614,-0.16301458163084726,0.35003227608798004,0.274548038078623,-0.06427558006479354,-0.5388897218510839,-0.3479678230902031,-0.18177346978771186,-0.05278101967965333,0.2103426450108385,-0.34395726243233116,0.2995583012795025,-0.07661671214202823,0,48.62500000000001,17.208333333333332,Rupicapra_rupicapra,101
368,-1.5919732575762569,0.5307406736382781,0.5551636411194977,-0.47932388061180875,-0.3207019593281222,0.4103646042679486,-0.6726564555709519,-0.02644160334969412,-0.13127670274224607,-0.3938952682470683,0.2160649061823486,-0.18761931570762252,-0.11666736265195404,-0.5932765015420672,0.3811631793719759,0.2126017618101061,-0.38110262667409844,-1.676137373690522,0.03681281672623617,-0.3535576165856916,0.4828507224825573,-0.4093058735234245,0.13890392058381476,-0.2136462571332361,0.31973934931114417,0.00839649289349633,-0.3325467394284435,0.7853266427666662,-1.2494929995548092,-0.29374594490938083,0.710641716462398,-0.2925070725838645,0.30655270757641706,-0.9536823105991298,-0.05763193286800776,-0.6448245043020676,-0.3431985672451839,0.48551329153626493,-0.9595239413553671,-0.7311747822267716,0.48449034010645553,0,49.79166666666667,0.8749999999999997,Rupicapra_rupicapra,87
369,-1.0558279506246393,0.3265294503842261,0.1896524826790128,-0.2738351741375196,-1.006982612076008,0.7192051245259011,-0.252288841767196,-0.02314531657300661,-0.3045033665493795,-0.5887513064426213,0.017529794419897392,-0.1995737732425478,-0.11666736265195404,-0.5280493095078451,-0.6060336412836641,0.5058836125879342,-0.0399249362142328,0.4000064621984582,-0.21659768065346488,-0.34777086557069736,0.31771804351848637,2.884696581884717,0.06466916623488465,-0.09978055266304961,0.11874490056361868,0.3914523117714861,-0.17210513666192284,1.4160150311426647,-1.4266395549448028,-0.10267702934844716,1.251555877024025,0.2533497161846982,0.47029506835305546,-0.4431683552169194,-0.29957850805317054,-0.2681147964060448,-0.11086452919275945,0.2103426450108385,-0.387409028003369,0.05369536392938205,-0.04734156158993342,0,43.87500000000001,19.20833333333333,Rupicapra_rupicapra,158
370,-0.31655622627899643,-0.28610421937793024,0.281030272289134,-0.3078165235789739,-0.17063731741863927,-0.08378023734894026,-0.5163213975147692,-0.17654606819722857,-0.12122875240540538,-0.36742647888963115,0.17451104558090533,-0.17566485817269725,-0.11666736265195404,-0.5685017860460714,-0.27842342922551055,0.5747861001829644,-0.058335263177260066,0.48410100816484686,-0.0162706789842249,0.30902537463115376,1.143381438338841,-0.46451013693351495,0.1524011486472566,-0.09978055266304961,0.2658140094032715,-0.13725210744034008,-0.4929883421949641,0.5961201262538666,-1.4266395549448028,-0.47140651551866997,0.5113575520449565,-0.21301336548164662,0.11391463607448946,-0.4431683552169194,-0.009242617830975207,-0.5006017983694402,-0.1399062839493125,0.41546985423888366,-0.7060553088576464,0.22390816671023467,0.21125560162023735,0,48.54166666666667,3.7083333333333326,Rupicapra_rupicapra,102
371,-1.1031119778284768,0.20400271643179482,3.2964973294231346,-0.5520241931274226,-1.052077825535945,0.739794488452358,-0.4294685212201213,-0.034903741818840976,-0.3792936102232637,-0.6292387509041826,0.003678507552749635,-0.24739160338224891,-0.32893762702129203,-0.6914076157669818,-0.4778130387104861,0.3307049485821326,-0.40578027673148853,0.13956603473851315,-0.2134379487659374,-0.217568967733326,-0.4253790118198329,0.989138623151561,0.010680253981117304,-0.25505196784966755,0.14325641870356082,0.1234588871572271,-0.30580647230069,0.9429987398606657,-1.338066277249806,-0.25016882381653627,0.8340081039589095,0.136758945768112,0.29210485221377247,-1.0813107994446824,-0.3479678230902031,-0.40329954610022756,-0.391601491839439,0.3154078009569104,-0.7495070744286843,0.08206416439285749,0.07951742413581073,0,51.37500000000001,9.374999999999998,Rupicapra_rupicapra,68
372,-1.114861584762125,0.20400271643179482,-0.7241254134221995,-0.3634934551676068,-0.6647897215342904,0.12211343259617825,-0.40514984043287844,-0.14348470745053127,-0.14976493136203292,-0.3712497484634832,0.0821691331332536,-0.056120282823444466,-0.11666736265195404,-0.6083735917785298,-0.6690523964499582,0.5398500693872175,-0.11807080315850652,0.42486578567737776,-0.07440974571472987,-0.17561502287461744,-1.0033433881940812,-0.4938253189318215,0.13215530655209384,-0.04802341426751029,0.22169327675137562,-0.0513194332433766,-0.3147198946766078,0.5961201262538666,-1.0428220182664836,-0.2803375999577363,0.5113575520449565,0.08906272150678128,-0.0016682068266670863,-0.7941466995421891,-0.25118919301613796,-0.3804162100922507,-0.10118394427390842,0.41546985423888366,-0.6770874651436212,0.27118950081602705,0.04536308182503346,0,47.79166666666667,7.291666666666668,Rupicapra_rupicapra,111
373,0.053422941203270576,0.28568720573341566,1.46894153722071,-0.40931923754699806,-0.6632738820260947,0.2868283900286577,-0.3773568352013938,-0.13103750698376024,-0.21929674769297047,-0.5033649526265924,0.05446655939895808,-0.1398014855679214,-0.32893762702129203,-0.619793192538156,-0.6849162426295136,0.47711342266629075,-0.19778323938302483,0.34582098427004293,-0.1527710965254105,-0.33330398803321165,0.5654170619645927,0.4396834131463008,0.07816639429832649,-0.1308348357003732,0.17757254409947978,-0.0017989091298722191,-0.3503735841802791,0.7537922233478662,-1.2494929995548092,-0.3071542898610253,0.6442136616565842,0.046666077718931755,0.11873058786203765,-0.7622395773308009,-0.25118919301613796,-0.3742627079724586,-0.19798979346241863,0.3304171089492064,-0.6263937386440771,0.19553936624675922,-0.0034288357617912155,0,48.95833333333334,7.791666666666668,Rupicapra_rupicapra,97
374,-0.9986721099546014,0.5715829182890886,0.4637858515093765,-0.6926707517087745,-1.803159117465671,1.481011727867279,-0.5371660851749473,0.35942176126194514,-0.4927684626939845,-0.6861956642992604,-0.03787535304869364,-0.40279955133627754,-0.5412078913906301,-0.6914076157669818,-0.18396804030853336,-0.07115882751255778,-0.7250222616486998,-1.9332762417071367,-0.2816881575365302,0.044281515695165294,-0.9207770487120457,-0.26390251602833675,-0.07705172843125463,-0.47243194911093267,0.11384259693563026,0.7002273444792193,0.17551833599887187,1.9521001612622633,-1.338066277249806,0.12526483482950876,1.7545111491251868,0.5554258031731261,1.0241295239210972,-1.4003820215585638,-0.39635713812723566,-0.5094474576666413,-0.7013802092426716,0.2903922876364171,-0.9450400194983545,-1.3742009260655481,0.18685964282682502,0,50.54166666666667,6.208333333333332,Rupicapra_rupicapra,78
375,-0.6974244495970571,0.1631604717809844,0.4637858515093765,-0.4228954042776442,-0.26196455169045413,0.03975597689035064,-0.3287193411000372,-0.21044379349285833,-0.38003045991463197,-0.6228339574300373,-0.010172779314398124,-0.27130051845209946,-0.32893762702129203,-0.6590843643820573,-0.7183903976772866,0.5979810995940347,-0.16037504726449398,0.3829158625232708,-0.24566721401871736,0.01534776062019388,0.8131160804106992,-0.5100079207961548,0.010680253981117304,-0.19294340177502037,0.10894029330764184,-0.14307805145369354,-0.4127675408117038,0.5015168679974669,-1.2494929995548092,-0.4077168769983588,0.45441921935425894,-0.11232133648550398,0.01759560032352567,-0.6027039662738601,-0.25118919301613796,-0.3208041583067647,-0.2463927180566737,0.25036746632362783,-0.5467321684305078,0.13880176531980837,-0.07173752038334576,0,50.37500000000001,10.291666666666666,Rupicapra_rupicapra,80
376,-0.521867087884562,0.44905618433665734,0.37240806189925524,-0.07499579893708383,0.0446069777591373,-0.3720313629998864,-0.4398909644453634,-0.2485725880230615,-0.030797199373839214,-0.31772397442955463,0.24376747991664413,-0.10393811296314558,-0.11666736265195404,-0.38153006898526376,0.9406182981559992,0.6974089244925219,0.006492374088627335,0.1500535896136678,0.04186838774628008,0.4131868929010508,1.2259477778208765,0.9454822883800688,0.21313867493274485,0.055490862523568336,0.3099347420551673,-0.19259857556719792,-0.4395078079394572,0.31231035148466735,-1.1609197218598126,-0.4512939980912033,0.3405425539728638,-0.5309881938905181,0.08020297356165214,-0.06028288868026159,-0.009242617830975207,-0.4402205588189802,0.15051126361621806,0.410466751574785,-0.48155452007395094,-0.1827113065995799,0.8162753796968634,0,42.12500000000001,-1.9583333333333333,Rupicapra_rupicapra,179
377,1.0087968813737769,0.5307406736382781,0.5551636411194977,-0.44591439120957754,-0.2623435838467091,0.24564966217574388,-0.6066483331999174,-0.08705408554016104,-0.1509706854024538,-0.3956598542042308,0.17451104558090533,-0.1995737732425478,-0.11666736265195404,-0.5986959665189965,-0.3685125781422604,0.31567179058612393,-0.2998231728950279,-1.6757489375003354,-0.006159536944137076,-0.3535576165856916,0.4828507224825573,-0.4334190405905019,0.13215530655209384,-0.19294340177502037,0.2854232239152252,-0.05423240525005333,-0.4305943855635394,0.7222578039290662,-1.4266395549448028,-0.3909564458088032,0.6631931058868167,-0.26600917021645853,0.20060176825035686,-0.8898680661763535,-0.10602124790504032,-0.5857893433403122,-0.3044762275697798,0.4504915728875743,-0.8798623711417978,-0.7784561163325641,0.19661802634418996,0,49.45833333333334,1.7916666666666667,Rupicapra_rupicapra,91
378,-1.403435423029439,0.36737169503503647,0.09827469306889156,-0.42371226172163984,-0.28545948583383896,0.10152408400999609,-0.5892777711936749,-0.12390374753744436,-0.1256498505536153,-0.3800726782492955,0.17451104558090533,-0.16371040063777198,-0.11666736265195404,-0.5913409875653238,-0.35323090469860835,0.3439599941276651,-0.26731148103826124,-1.6621539671903158,0.003951605095950746,-0.09460050866469749,0.07001902507237993,-0.3690317342866522,0.14565253461553568,-0.1618891187376968,0.2903255275432136,-0.11540481739026462,-0.5019017645708819,0.7222578039290662,-1.5152128326397993,-0.4512939980912033,0.5967650510810029,-0.3031062335308269,0.1476262985873268,-0.8898680661763535,-0.10602124790504032,-0.5721362605120234,-0.26575388789437576,0.46049777821577165,-0.8653784492847851,-0.7689998495114055,0.21125560162023735,0,48.95833333333334,1.6249999999999998,Rupicapra_rupicapra,97
379,0.9575066928736002,-0.36778870867955105,0.37240806189925524,-0.5189904262409354,-1.2256374738680187,1.1721712536301507,-0.55801070657169,0.19829685534398975,-0.5163476528177706,-0.768575686484568,0.07293494188848842,-0.4147540088712028,-0.5412078913906301,-0.51237156692422,-0.6320852605058128,-0.12432268140473576,-0.756359026545283,-0.44540553208949263,-0.23113244733609112,-0.09315382091094893,-1.0033433881940812,1.6573760159799489,-0.09054895649469646,-0.4517290937527169,0.13345181144758397,0.5400138841119992,-0.0027501115194843847,1.5736871282366642,-1.338066277249806,0.02135016145426415,1.4698194856716988,0.274548038078623,0.48474292371570005,-0.9217751883877416,-0.20279987797910543,-0.5238697282599041,-0.5368102656222042,0.28038608230821976,-0.8074427618567347,-0.6649809144786623,-0.07173752038334576,0,42.458333333333336,1.2083333333333328,Rupicapra_rupicapra,175
380,-0.3845631350269318,0.612425162939899,0.09827469306889156,-0.018142540777794567,0.5717280961067781,0.2868283900286577,-0.5962259562381107,0.07903987378778118,0.39644164894862677,0.4344798060875397,0.4838564522805386,0.5774659665275953,0.732413694825398,-0.18275163729431804,1.0024727356100105,0.22263917718655363,-0.10377324354281353,-1.4184158143453134,0.45136964036983684,-0.32896392477196595,0.7305497409286638,0.6737164352142117,0.5100776923284652,0.43849368665055927,0.5893660488505076,0.3186280116045679,0.3359599387653925,-0.5075845534041307,0.04958173997180889,0.38337547514866477,-0.28577910562480946,-0.7906676370910964,1.3034547275988921,-0.8579609439649654,-0.10602124790504032,-0.6017499894635229,0.3054006223178344,0.7406715274052966,-0.8436525664992662,-0.4191179771285418,0.9626511324573374,0,36.79166666666667,4.874999999999999,Rupicapra_rupicapra,243
381,1.1169120154466146,0.24484496108260523,-1.1810143614728057,-0.6461261307901052,-0.9967509845125112,0.9250987944710196,-0.49547670985459114,0.008144897166872306,-0.3193743330479037,-0.6383884558672472,0.035998176909427734,-0.22348268831239837,-0.32893762702129203,-0.725085765698698,-0.5529116005515355,0.22834039551295826,-0.533085398493358,-0.35121179335150804,-0.180576737135652,0.05006826671015958,-1.5813077645683296,-0.4683540790023475,0.010680253981117304,-0.27575482320788325,0.1628656332155145,0.15550157923067112,-0.26123936042110096,0.7853266427666662,-1.1904441477581449,-0.2099437889616029,0.6821725501170492,0.15265768718855557,0.29210485221377247,-1.2727535327130113,-0.39635713812723566,-0.45041229670488586,-0.4400044164336941,0.3454264169415024,-0.8291686446422536,0.015870296644748143,0.055121465342398396,0,54.12500000000001,9.541666666666666,Rupicapra_rupicapra,35
382,-0.4737500951470963,0.12231822713017397,0.4637858515093765,-0.6149058632119615,-1.1441629795618578,0.842741338765192,-0.48852845854672,0.00627536978653485,-0.424241441396731,-0.6546291821766871,-0.005555683692015537,-0.29520943352195,-0.32893762702129203,-0.6691490850534972,-0.48014167413505165,0.06817192443450266,-0.5979130357592455,-0.05095750839365675,-0.23366023284611306,-0.15102133106089174,-0.9207770487120457,-0.016777649262216154,-0.023062816177487285,-0.3482148169616383,0.13835411507557238,0.1278283451672422,-0.3147198946766078,0.848395481604266,-1.3085418513514737,-0.2669292550060919,0.8055389376135607,0.11026104340070605,0.39323983975228444,-1.2408464105016233,-0.3479678230902031,-0.46906510000550566,-0.5464908505410553,0.31040469829281175,-0.8581364883562788,-0.0030422369975688143,0.06487984885976333,0,50.12500000000001,6.874999999999999,Rupicapra_rupicapra,83
383,-1.1980534907399063,0.8574786308447615,0.9206747995599827,0.5794704450206652,0.6509287588714396,-0.8455868100097689,-0.3287193411000372,-0.3546936314269968,0.517017052990715,0.5521188698983717,0.534644504126747,0.4579213911783425,0.5201434304560599,-0.018619121752762847,1.9372753702510208,1.4972360558128237,1.34770101052996,-1.2372145175177383,0.45705715776738626,-0.34053742680195453,1.308514117302912,-0.3104179618604173,0.5978096747408371,0.7490365170237951,0.5648545307105655,-0.32950825988100413,-0.4929883421949641,-0.4760501339853307,-0.5113823520965035,-0.4445898256153811,-0.32373799408527454,-0.9019588270342015,0.2343134307631942,0.7693022888158303,0.13592532728012247,-0.3165736255994076,1.0120833213939588,0.6155939608028301,-0.13394039550564832,-0.5893307799093944,1.1431812275285886,0,36.12500000000001,8.458333333333332,Rupicapra_rupicapra,251
384,-0.435440527613747,0.24484496108260523,-0.5413698342019571,-0.531847854146347,-1.2275322732532634,1.1927606022163328,-0.34261571118890877,0.13153460511956958,-0.646435116512068,-0.768575686484568,-0.12098307425158018,-0.4745262965458292,-0.5412078913906301,-0.6211480726263423,-0.720864576285828,0.14196121060385292,-0.4312412114290009,-1.6646787653832147,-0.4074454866601225,-0.37381124513817166,-0.6730780302659393,2.846816774517099,-0.1445378687484638,-0.4517290937527169,0.005991917119884881,0.5560352301487212,0.0061633108564334285,1.7628936447494639,-1.3675907031481382,0.04146267888173085,1.5457372625926291,0.29044677949906655,0.6821969470051759,-0.9855894328105179,-0.39635713812723566,-0.34753343313961166,-0.5077685108656512,0.1703178236980492,-0.6263937386440771,-1.2039881232846956,-0.18395893083304252,0,43.79166666666667,17.958333333333332,Rupicapra_rupicapra,159
385,-1.1741251534653865,0.5715829182890886,0.646541430729619,-0.19009103273888103,0.027554144687966055,-0.3926207729471675,-0.026471535686043345,-0.321189502696312,-0.16376507549803096,-0.29243157571022577,-0.028641161803928467,0.11124212266550942,0.09560290171738395,-0.5998572896719268,-0.6415453731475749,0.9356339835843828,0.20332573750573324,0.7107483020314641,-0.1123265283650592,-0.32173048600322307,-0.17767999337372647,-0.6179042499306817,0.17264699074241935,0.1797079946728627,0.11874490056361868,-0.27124881974746956,-0.4127675408117038,0.21770709322826756,-0.9247243146731547,-0.42782939442582546,0.13176866744030602,-0.19711462406120303,-0.1365148568780164,-0.34744698858275497,-0.39635713812723566,-0.06927975916026248,0.16019184853506907,0.20533954234673985,-0.17739216107668615,0.3468396353852949,-0.03270398631388602,0,47.20833333333334,20.45833333333333,Rupicapra_rupicapra,118
386,0.563132669481713,-0.3269464640287406,2.19996385410168,-0.051388598862800554,0.2329456276208828,-0.042601478815476976,-0.4503132751437348,-0.12921715102246512,0.22924375534359773,0.27135363760318615,0.36381196609859134,0.31446790075923914,0.30787316608672194,-0.3675942649845209,1.1970596698594989,0.773618784911276,0.3515873842977197,-1.3904490754315288,0.2567301560981463,-0.3202837982494745,0.2351517040364509,-0.32747067224135185,0.39535125378920966,0.3349794098594806,0.4471992436388432,0.05354755899698562,-0.1542782919100872,0.24924151264706748,-0.9247243146731547,-0.15966249539293614,0.3879911645484451,-0.5044902915231121,0.35471222545189895,-0.4431683552169194,-0.10602124790504032,-0.4459894670562853,0.34412296199323844,0.5705660368259422,-0.5684580512160267,-0.4191179771285418,0.94801355718129,0,43.20833333333334,11.45833333333333,Rupicapra_rupicapra,166
387,1.6247579076313943,0.3265294503842261,-0.5413698342019571,-0.23362947467542367,-0.5878626734735103,0.019166597623618997,-0.16891009112648364,-0.2042939879234707,-0.22566044957296957,-0.44219263944495985,0.00829560317513222,-0.020256910218668628,0.09560290171738395,-0.5760503219349999,-0.6416908885720268,0.75622246533752,0.10696558889561662,0.542170996168384,-0.15593082841293793,0.3003452481086623,-0.012547314409655536,1.4633105217108409,0.12540669252037293,0.06584229020267619,0.12364720419160712,-0.02655917118662441,-0.2166722485415119,0.6907233845102664,-1.0132975923681515,-0.22000004767533624,0.530336996275189,0.06786439961285652,0.06575511819900756,-0.570796844062472,-0.39635713812723566,-0.1479292081288553,0.06338599934655889,0.26537677431592377,-0.33671530150382484,0.22390816671023467,-0.04246236983125096,0,44.62500000000001,21.79166666666667,Rupicapra_rupicapra,149
388,-0.9034518775058168,-0.08189299612387813,0.281030272289134,-0.23987027751323572,0.28903053295682646,-0.2690845587078766,-0.4398909644453634,-0.21246094773662597,0.11911821965182381,0.02738329026661085,0.27608714927332223,0.37424018843386553,0.09560290171738395,-0.41075650169911976,0.9222803566464742,0.3690076024314587,-0.018185126543993547,-1.4436636481010474,0.17331323426742176,-0.1886352126583546,-0.5905116907839039,0.612215553452375,0.31436788540855864,0.24181656074750985,0.39327390373097054,-0.21153289361059666,-0.4216809631876216,0.09156941555306787,-0.9837731664698192,-0.3976606182846254,0.11278922321007351,-0.6581781252540667,0.15725820216242317,-1.0813107994446824,-0.3479678230902031,-0.4215677555183604,0.12146950885966501,0.5605598314977449,-0.720539230714659,-0.5042243785189682,0.9041008313531478,0,40.87500000000001,15.874999999999998,Rupicapra_rupicapra,194
389,-0.1792579353748828,0.28568720573341566,0.4637858515093765,-0.12314132882344718,-0.1600267299780936,-0.24849521012169445,-0.1272208483329982,-0.2610689974443093,-0.13539636238035074,-0.278608985712453,0.06370075064372326,0.11124212266550942,0.09560290171738395,-0.5425657473971451,-0.6029772899392193,0.9681897690317919,0.29792327153842085,0.741628497588218,-0.06619444280715851,-0.2855632921595088,-0.095113653891691,-0.610513901881667,0.19964144686930302,0.21076227771018627,0.17267024047149138,-0.12996967742364826,-0.3414601618043613,0.5330512874162667,-1.1313952959614804,-0.3708439283813365,0.41646033089379386,-0.1070217560120228,0.007963696748429292,-0.21981849973720233,-0.25118919301613796,-0.11716169752989478,0.2279559429670262,0.28538918497231847,-0.2425698094332429,0.35629590220645335,0.0014503559968912518,0,45.62500000000001,19.375,Rupicapra_rupicapra,137
390,-0.5283635870148428,-0.8170533998384657,-1.0896365718626844,-0.5362098449773518,-0.4480295868483182,1.0074562808573968,-0.36693452450302244,0.06920018487676101,-0.20482769920791988,-0.49787512964875363,0.059083655021340664,0.09928766513058415,-0.11666736265195404,-0.5832117808706273,0.6012194768291378,0.06721411303418318,-0.4502390765845045,-1.652249066600441,-0.11359042112007019,-0.11919420047842319,-0.9207770487120457,2.750625736530745,0.09166362236176832,-0.07907769730483388,0.1971817586114335,0.34921421767467353,0.01507673323235124,0.7537922233478662,-1.101870870063148,0.014645988978441918,0.9004361587647233,-0.21831294595512782,0.5377183933787302,-1.5280105104041166,-0.6383037133123984,-0.35964814043795235,-0.2367121331378227,0.3904543409183904,-0.742265113500178,-0.8635625177229903,0.7528458868339913,0,44.04166666666667,11.041666666666664,Rupicapra_rupicapra,156
391,-0.7985656370174931,-0.4903154426319823,0.5551636411194977,-0.5962815733172865,-0.48744054671093345,0.842741338765192,-0.7386645779419864,0.09512771110627367,-0.21366989550433968,-0.4527148001524843,0.2206820018047312,-0.24739160338224891,-0.11666736265195404,-0.611276890431553,0.4882805199400879,-0.006185187060621792,-0.5667723161598466,-1.8544254916999825,0.01911831815608248,0.01534776062019388,0.6479834014466282,-0.22450465823322985,0.0849150083300474,-0.3171605339243147,0.31483704568315574,0.14967563521731767,-0.2255856709174297,0.9114643204418659,-1.1904441477581449,-0.16301458163084726,0.8434978260740257,-0.23421168737557138,0.5425343451662783,-1.1451250438674587,-0.05763193286800776,-0.7148205909147028,-0.46904617119024716,0.48551329153626493,-1.053669433425949,-0.977037719576892,0.562557408245375,0,50.87500000000001,-2.208333333333333,Rupicapra_rupicapra,74
392,-1.4187810946494859,0.24484496108260523,-0.26723646537159335,-0.5342820733752072,-0.5666413540340071,0.225060298249287,-0.4294685212201213,-0.16493523227939,-0.288828564023908,-0.6207752738133477,0.04061527253181032,-0.17566485817269725,-0.32893762702129203,-0.6825041997898669,-0.7575406258620216,0.3746514080862067,-0.36465095958568455,0.18035087158194402,-0.180576737135652,-0.3275172370182174,0.2351517040364509,0.42614265690238423,0.03092609607628006,-0.20329482945412822,0.1579633295875261,-0.12996967742364826,-0.36820042893211474,0.5330512874162667,-1.1609197218598126,-0.357435583429692,0.48288838569960774,-0.032827629383286115,-0.0016682068266670863,-0.9855894328105179,-0.29957850805317054,-0.39656915315670493,-0.3431985672451839,0.32541400628510775,-0.7277811916431653,0.12934549849864987,-0.04734156158993342,0,51.95833333333334,10.624999999999998,Rupicapra_rupicapra,61
393,0.4694643389898275,0.1631604717809844,0.4637858515093765,-0.4386117335229972,-1.7815588923585233,1.04863503939086,-0.3843050865092649,0.08179497467152784,-0.48570140429040654,-0.6452507345895458,0.012912698797514806,-0.3549817211965764,-0.32893762702129203,-0.6099220103433667,-0.6919021489032103,0.36755660217851854,-0.2628067725213274,0.28134205843162446,-0.26399365896637655,0.01534776062019388,0.8131160804106992,-0.49235919542388934,-0.023062816177487285,-0.296457678566099,0.1040379896796534,0.4963193040118483,-0.05623064577499126,1.5106182893990645,-1.2790174254531415,0.06157519630919755,1.3844119866356526,0.6296199298018628,0.5184545862285374,-0.570796844062472,-0.20279987797910543,-0.3811853978572247,-0.32383739740748185,0.23035505566723316,-0.5757000121445329,0.044239097108223574,-0.07661671214202823,0,48.04166666666667,8.708333333333332,Rupicapra_rupicapra,108
394,0.821111022698703,-2.001478494711968,0.9206747995599827,-0.3910705704540237,-1.1896371528988436,0.6574370174062557,-0.55801070657169,0.0044058048707630105,-0.37725052698810607,-0.6713273937342802,0.10525461124516652,-0.4984352116156798,-0.5412078913906301,-0.5224362691370547,-0.6216064010952678,0.25040562557055235,-0.23950024414607435,-0.19370451143229267,-0.18563230815569592,0.877573661854342,-1.0859097276761167,1.1400054595528193,-0.029811430209208203,-0.38962052767806976,0.16776793684350294,0.23852128142095785,-0.18101855903784064,1.0060675786982656,-1.3085418513514737,-0.2065917027236918,0.9763539356856533,0.11556062387418724,0.3161846111515134,-0.4431683552169194,-0.009242617830975207,-0.5361767324994883,-0.37224032200173696,0.2903922876364171,-0.6988133479291401,-0.5325931789824436,-0.03758317807256849,0,44.70833333333334,2.8749999999999987,Rupicapra_rupicapra,148
395,-1.3093366853152886,1.1433743434004344,-0.17585867576147213,-0.504041994844241,-0.39497650508717785,0.38977523267135433,-0.6344412059045312,-0.04754774056808453,-0.18513371654771216,-0.4168348856901805,0.16527685433614014,-0.22348268831239837,-0.11666736265195404,-0.6137930752140643,-0.4048975413505024,0.19931226866157964,-0.411460061633375,-1.6955587386800848,-0.02132625000426881,-0.2855632921595088,0.2351517040364509,-0.41513857356710526,0.10516085042521016,-0.24470054017055967,0.2756186166592483,-0.017820255166594225,-0.37711385130803254,0.7222578039290662,-1.3675907031481382,-0.34737932471595867,0.6916622722321655,-0.25011042879601497,0.23912938255074237,-1.0174965550219062,-0.10602124790504032,-0.5998270200510879,-0.381920906920588,0.4504915728875743,-0.9377980585698482,-0.797368649974881,0.17222206755077762,0,49.79166666666667,1.875,Rupicapra_rupicapra,87
396,0.5974859799136716,-0.4494731979811719,-0.906880992642442,-0.47541927809813905,-0.5814204278428847,-0.042601478815476976,0.00132133701857052,-0.2937367616260615,-0.4893856527472481,-0.5926399310519238,-0.16715403047540603,-0.08002919789329502,-0.32893762702129203,-0.7059240536562819,-0.781118094235153,0.571878218379012,-0.2226567853128301,0.3211557677562748,-0.31960494018685953,0.35821275825860516,-1.7464404435324004,-0.45816800915641503,-0.016314202145766368,-0.08942912498394175,-0.04303111915999938,-0.2217282956339652,-0.3147198946766078,0.12310383497186779,-0.5409067779948358,-0.2769855137198252,0.03687144628914341,0.09436230198026248,-0.2183860372663356,-0.8579609439649654,-0.5899143982753658,-0.017359585024516608,-0.18830920854356759,0.055246462423779966,-0.22084392664772398,0.23336443353139313,-0.2132340813851373,0,50.62500000000001,22.125,Rupicapra_rupicapra,77
397,-0.8467624237975416,0.1631604717809844,0.281030272289134,-0.2717113647259396,-1.3002909072249174,0.5133114430755765,-0.15501372103761207,-0.10328958725751809,-0.252187038462229,-0.45996920908748556,0.022146890042279977,-0.008302452683743352,-0.11666736265195404,-0.5696630907403963,-0.6309209427935301,0.67296344908659,0.019614558469829277,0.5613979578462838,-0.18247257626816846,-0.27977654114451456,-0.6730780302659393,-0.31081244209858594,0.10516085042521016,0.03478800716535261,0.11874490056361868,0.25017316944766477,-0.07405749052682689,0.5961201262538666,-0.8656754628764903,0.007941816502619685,0.530336996275189,0.5448266422261637,0.04167535926126662,-0.41126123300553125,-0.3479678230902031,-0.17119713801931918,-0.00437809508539824,0.20033643968264117,-0.29326353593278703,0.3468396353852949,-0.04734156158993342,0,46.62500000000001,16.041666666666668,Rupicapra_rupicapra,125
398,0.9713010550667671,0.24484496108260523,-1.1810143614728057,-0.5622185580742414,-0.4268084119672268,0.12211343259617825,-0.2974522764780524,-0.22495731962243934,-0.42608356562515176,-0.6093381426095168,-0.019406970559163295,-0.0919836554282203,-0.32893762702129203,-0.7134726080038157,-0.5041557165410626,0.4386444121000671,-0.35485825791169456,0.19006155407672545,-0.22986855458108013,0.05006826671015958,-1.5813077645683296,-0.5040281955689744,0.02417748204455914,-0.14118626337948106,0.1040379896796534,-0.2013374915872281,-0.46624807506721067,0.31231035148466735,-1.1313952959614804,-0.4077168769983588,0.30258366551239874,-0.11232133648550398,-0.04501177291460079,-1.0813107994446824,-0.4447464531642682,-0.2790757220569245,-0.2851150577320778,0.27037987698002247,-0.6046678558585581,0.18608309942560075,0.055121465342398396,0,53.04166666666667,13.541666666666664,Rupicapra_rupicapra,48
399,0.7036181135223227,0.24484496108260523,-1.1810143614728057,-0.7584277759504251,-0.9971299443895602,1.1515818436828698,-0.5441142702193831,0.08090936363268426,-0.3587622983683192,-0.6578315789137598,0.03138108128704515,-0.24739160338224891,-0.32893762702129203,-0.7413441698587881,-0.605160409939333,-0.028003682660999063,-0.7440201268042034,-1.5349440413260045,-0.19574345019578374,0.05006826671015958,-1.5813077645683296,-0.5593103444670169,-0.016314202145766368,-0.3482148169616383,0.1628656332155145,0.20210913133749875,-0.20775882616559407,0.7222578039290662,-1.0723464441648158,-0.13619789172755833,0.6631931058868167,0.12086020434766843,0.29210485221377247,-1.591824754826893,-0.49313576820130073,-0.49271762377845657,-0.6045743600541614,0.34042331427740374,-0.9450400194983545,-0.5893307799093944,0.030725506548986058,0,54.79166666666667,9.208333333333332,Rupicapra_rupicapra,27
400,0.9170482164706945,0.44905618433665734,0.09827469306889156,-0.5022612017421513,-0.6454631292008256,0.019166597623618997,0.022166090942184,-0.29275278898141605,-0.516515118656718,-0.6068219737446741,-0.19947369983208413,-0.12784702803299614,-0.32893762702129203,-0.7198598391984193,-0.7991650326552981,0.5510231354152133,-0.2557560153620731,0.28833376168172753,-0.35878561559219985,-0.3622377431081831,-0.012547314409655536,-0.4458932601682737,-0.056805886336091876,-0.14118626337948106,-0.07734724455591836,-0.21298937961393502,-0.3236333170525256,0.12310383497186779,-0.5704312038931679,-0.2803375999577363,0.05585089051937594,0.08906272150678128,-0.21357008547878742,-0.8579609439649654,-0.5899143982753658,0.004946860159729766,-0.22703154821897167,0.02022474377508933,-0.19911804386220508,0.18608309942560075,-0.252267615454597,0,50.95833333333334,22.54166666666667,Rupicapra_rupicapra,73
401,-0.2394005223615967,-0.8170533998384657,-1.0896365718626844,-0.6854170536175312,-1.8035380773427199,0.9662775530044829,-0.4225204024391209,-0.04971248413984797,-0.7989964957930991,-0.8211211349867396,-0.12560016987396277,-0.7375243623141853,-0.753478155759968,-0.6439872556869894,-0.8677142900150545,-0.15843266988316038,-0.7070037264305028,-0.1591345054585917,-0.5344667085387258,-0.11919420047842319,-0.9207770487120457,1.843769474191588,-0.2862587634146031,-0.7105147857304135,-0.07244494092792994,0.14239320520062584,-0.029490378647237823,0.34384477090346727,-0.5704312038931679,0.014645988978441918,0.24564533282170117,0.5554258031731261,-0.14133080866556458,-0.9536823105991298,-0.3479678230902031,-0.39868441951038347,-0.7788248885934798,0.04023715443148398,-0.6408776605010896,-0.3340115757381155,-0.31081791655878666,0,46.62500000000001,11.291666666666664,Rupicapra_rupicapra,125
402,-0.7088587647238332,0.20400271643179482,3.2964973294231346,-0.46702195964249327,-0.689042575431773,0.32800713322184627,-0.33914165179840855,-0.14929012540945055,-0.47230413717461894,-0.6340423460097916,-0.014789874936780708,-0.2593460609171742,-0.32893762702129203,-0.6569552750114526,-0.42178016205836477,0.46401325130332455,-0.2573228834918561,0.2867800169209811,-0.2576741951913216,-0.217568967733326,-0.4253790118198329,0.21646449490730899,-0.00956558811404545,-0.22399768481234394,0.09913568605166498,-0.02364619917994768,-0.3325467394284435,0.6907233845102664,-1.1904441477581449,-0.2803375999577363,0.6252342174263517,0.08906272150678128,0.11391463607448946,-0.7303324551194128,-0.29957850805317054,-0.33157278701640086,-0.2947956426509288,0.25036746632362783,-0.5829419730730392,0.11043296485633292,0.06000065710108086,0,49.79166666666667,11.124999999999998,Rupicapra_rupicapra,87
403,1.6601140422024794,0.48989842898746777,1.834452695661195,-0.1130122765750923,-0.4741773124102514,0.24564966217574388,-0.5684330835334968,-0.016700332347627397,0.07249573008888303,-0.01323486426585139,0.3130239142523829,-0.020256910218668628,0.09560290171738395,-0.4173372898289793,1.0585056677811797,0.6286957586830519,0.16513426074708007,-1.6745836659730895,0.15561873569726808,-0.29569010643574883,1.2259477778208765,-0.17089302905520606,0.2873734292816749,0.07619371788178406,0.38346929647499367,0.21813047737422075,-0.20775882616559407,0.9745331592794657,-1.3675907031481382,-0.1864791852962251,1.0617614347216997,-0.12822007790594755,0.5377183933787302,-0.21981849973720233,0.13592532728012247,-0.5421379376780369,0.053705414427707876,0.5055257021926596,-0.6915713870006338,-0.8541062509018318,0.8260337632142283,0,44.79166666666667,0.2916666666666667,Rupicapra_rupicapra,147
404,0.16879999151783068,0.6532674075907094,-0.26723646537159335,-0.4045161117877418,-0.7140533490833535,0.32800713322184627,-0.3495639624967799,-0.12144382530968932,-0.20322002715402537,-0.4913396261037074,0.04523236815419291,-0.0919836554282203,-0.32893762702129203,-0.6317934456449448,-0.6930664666154931,0.515135174517219,-0.19660816299807218,0.34698621875397484,-0.15087525739289404,-0.3159437349882288,0.1525853645544154,-0.24641867916947113,0.09166362236176832,-0.09978055266304961,0.17267024047149138,0.027330810936895062,-0.2879796275488544,0.8168610621854661,-1.2199685736564772,-0.25687299629235855,0.6821725501170492,0.12615978482114962,0.13317844322468222,-0.7622395773308009,-0.25118919301613796,-0.3461873545509071,-0.18830920854356759,0.32541400628510775,-0.6119098167870645,0.22390816671023467,-0.008308027520473682,0,49.37500000000001,8.958333333333332,Rupicapra_rupicapra,92
405,-0.7504332384995287,0.5715829182890886,0.1896524826790128,0.04018120038034772,0.6467602725031076,-0.1661376930547679,-0.3738827758108936,-0.13615414972174286,0.5033518405326116,0.5387864426664773,0.4884735479029212,0.9600086076452042,0.5201434304560599,-0.16107377738660125,1.1397169323111187,0.3982653799694636,0.028232183758866585,-1.4011308113584628,0.46906413893999055,-0.3463241778169488,1.143381438338841,0.5748480499512487,0.5843124466773953,0.7179822339864715,0.5844637452225192,0.027330810936895062,-0.011663533895402197,-0.5706533922417305,0.07910616587014112,0.05487102383337532,-0.44710438158178595,-0.9125579879811638,0.8940988256572961,-0.9217751883877416,-0.3479678230902031,-0.37695486514986765,0.5764570000456629,0.7156560140848034,-0.6046678558585581,-0.44748677759201727,1.113906076976494,0,36.37500000000001,2.3749999999999987,Rupicapra_rupicapra,248
406,-0.17993118115000797,-0.36778870867955105,0.5551636411194977,-0.6552913470944095,-0.5586834134535977,0.4103646042679486,-0.7734057019544713,-0.0503520504063079,-0.21648332159865508,-0.451832507173903,0.20683071493758343,-0.29520943352195,-0.11666736265195404,-0.6732136884008454,-0.5061933211167244,0.011067740864899239,-0.6337543597479933,-0.9404560841849385,0.014062747136038568,-0.07145350460472036,-0.4253790118198329,-0.6080615166360285,0.0849150083300474,-0.35856624464074616,0.3099347420551673,-0.1401650794470168,-0.4929883421949641,0.5961201262538666,-1.456163980843135,-0.47475860175658113,0.5398267183903053,-0.2607095897429773,0.0946508289242967,-1.2408464105016233,-0.05763193286800776,-0.7330888003328356,-0.5464908505410553,0.4905163942003636,-1.1188470817825058,-0.21108010706305533,0.16734287579209514,0,53.87500000000001,-1.2083333333333333,Rupicapra_rupicapra,38
407,-0.8086420708503169,-0.2452619747271198,1.2861859580004675,-0.6179772551785087,-0.4753141197621921,0.2868283900286577,-0.6309670802505957,-0.11996785695886254,-0.20563153523486716,-0.4353630382403865,0.16527685433614014,-0.17566485817269725,-0.32893762702129203,-0.6646973862942425,-0.49425905762594485,0.0934147358219286,-0.5497329614541872,-0.0031809683001227888,-0.028909606534334675,-0.13221439026216034,-0.095113653891691,-0.4022677606738053,0.09166362236176832,-0.2654033955287754,0.2854232239152252,-0.16346885550043064,-0.5197286093227176,0.5015168679974669,-1.485688406741467,-0.50157529165987,0.530336996275189,-0.2607095897429773,0.04649131104881481,-1.208939288290235,-0.25118919301613796,-0.6382864082997886,-0.42064324659599206,0.44548847022347565,-0.9595239413553671,0.07260789757169901,0.17710125930946008,0,52.87500000000001,-0.4583333333333333,Rupicapra_rupicapra,50
408,-0.7466064162889943,-0.5311576872827928,1.6516971164409524,-0.5932918471523302,-0.5139671598707096,0.34859649714830315,-0.6413894572124024,-0.09640179751271709,-0.20241619112707812,-0.43271615930464286,0.17451104558090533,-0.1995737732425478,-0.11666736265195404,-0.650374486881593,-0.47883181323879304,0.11385644754979984,-0.5150668632751612,0.031194782535170922,-0.026381821024312718,-0.039626374022251803,-0.34281267233779744,-0.33435603698962285,0.09166362236176832,-0.2654033955287754,0.2854232239152252,-0.11686130339360298,-0.5108151869467997,0.5961201262538666,-1.485688406741467,-0.47811068799449224,0.5777856068507703,-0.223612526428609,0.10428273249939309,-1.1451250438674587,-0.20279987797910543,-0.6386710021822756,-0.42064324659599206,0.44048536755937695,-0.9522819804268607,0.07260789757169901,0.17222206755077762,0,52.29166666666667,-0.7916666666666673,Rupicapra_rupicapra,57
409,1.4902657072247758,0.1631604717809844,-1.272392151082927,-0.7989764917220114,-2.104046375248139,1.2957074065083427,-0.48852845854672,0.059311249475829726,-0.8870165407438235,-0.9014751510730827,-0.15791983923064085,-0.8451144801285129,-0.9657484201293061,-0.6648909247708931,-0.883432593010634,-0.4052498853656943,-0.9247934654529565,-0.37510013748490295,-0.5926057752692308,-0.25084278606954313,1.0608150988568057,2.9245933607230388,-0.3672421317952541,-0.8657862009170314,-0.10676106632384892,0.2763899175077553,0.023990155608269056,0.6907233845102664,-0.7771021851814935,0.06157519630919755,0.6157444953112354,0.6296199298018628,0.04649131104881481,-1.208939288290235,-0.39635713812723566,-0.457334986589652,-0.9821171718893511,0.02022474377508933,-0.7639909962856969,-0.4758555780554927,-0.34497225886956395,0,46.62500000000001,10.45833333333333,Rupicapra_rupicapra,125
410,-1.587295644554017,0.48989842898746777,-0.26723646537159335,-0.492246521501641,-0.5404937730304857,-0.042601478815476976,-0.022997476295543152,-0.2950651218811753,-0.49752449252008907,-0.597901011405686,-0.16715403047540603,-0.10393811296314558,-0.32893762702129203,-0.7146339311567461,-0.790723722301367,0.5700082456538853,-0.23930434827365918,0.30464763714979753,-0.3278202430944309,-0.308710296219486,-0.26024633285576193,-0.6075973806614294,-0.023062816177487285,-0.11013198034215746,-0.03812881553201095,-0.2377496416706872,-0.3414601618043613,0.12310383497186779,-0.5704312038931679,-0.30045011738520305,0.03687144628914341,0.05726523866589414,-0.2183860372663356,-0.8898680661763535,-0.5899143982753658,-0.03716616997259744,-0.20767037838126964,0.07025577041607596,-0.2570537312902555,0.21445189988907618,-0.2132340813851373,0,51.20833333333334,21.625,Rupicapra_rupicapra,70
411,0.9640395338450573,1.102532098749624,-0.44999204459183584,-0.2813012631413252,-0.7140533490833535,0.16329219112964155,-0.4329427131374923,-0.11524481078582498,-0.06696982058646568,-0.32919378315111075,0.1791281412032879,0.003652004851181927,0.09560290171738395,-0.5226298260723106,-0.5812918829577739,0.5102598584772302,-0.05089271427317541,0.49148122169176445,-0.003631751434115121,-0.3535576165856916,-0.5079453513018684,0.23826511402525716,0.18614421880586118,0.014085151807136884,0.27071631303125987,0.034613240953586887,-0.2879796275488544,0.7222578039290662,-1.1609197218598126,-0.2903938586714697,0.6252342174263517,0.07316398008633772,0.07538702177410395,-0.6027039662738601,-0.15441056294207287,-0.425990585166961,-0.05278101967965333,0.410466751574785,-0.6336356995725834,0.3279271017429779,0.0990341911705406,0,46.29166666666667,4.041666666666667,Rupicapra_rupicapra,129
412,0.692816949639374,0.5715829182890886,-0.44999204459183584,-0.5339389573516734,-0.5056301871340455,0.019166597623618997,-0.11679840510775609,-0.27961679452599114,-0.5204338192880859,-0.6139129950910492,-0.13021726549634535,-0.15175594310284668,-0.32893762702129203,-0.7359246956525564,-0.813573474754619,0.5937311615823831,-0.2526224285272763,0.29144110302996457,-0.3284521894719364,-0.3390907390482059,0.07001902507237993,-0.5917021866662847,-0.029811430209208203,-0.1515376910585889,-0.003812690136091971,-0.23629315566734885,-0.37711385130803254,0.09156941555306787,-0.6885289074864969,-0.327266807288492,0.05585089051937594,0.014868594878044608,-0.1750424711784019,-0.9536823105991298,-0.5415250832383333,-0.11735399447113828,-0.22703154821897167,0.13529610504935857,-0.36568314521785006,0.17662683260444226,-0.18883812259172497,0,53.12500000000001,18.875,Rupicapra_rupicapra,47
413,1.150932455681132,0.8166363861939511,0.5551636411194977,-0.3391184569587084,-0.6644106893780355,0.03975597689035064,-0.06121265969852837,-0.2471950375811882,-0.4676820800196722,-0.582346512968476,-0.08404630927251949,-0.0919836554282203,-0.32893762702129203,-0.643213046404571,-0.7102401736913071,0.7268100936787618,-0.014855643836781568,0.5272164621493973,-0.26272976621136557,-0.34921755332444593,-0.012547314409655536,1.6114873323713328,0.03092609607628006,-0.027320558909294565,0.030503435259827013,-0.09210104133685079,-0.25232593804518316,0.34384477090346727,-0.6885289074864969,-0.19653544400995843,0.24564533282170117,0.22155223334381108,-0.07872343542743812,-0.4431683552169194,-0.39635713812723566,-0.0885094532846128,-0.07214218951735538,0.11028059172886526,-0.2136019657192177,0.290102034458344,-0.14492539676358276,0,48.62500000000001,21.375,Rupicapra_rupicapra,101
414,1.0582022977196135,0.3265294503842261,0.0068969034587703275,-0.5211632949618961,-1.0956571994876865,0.38977523267135433,0.029114209723184382,-0.22771245804162035,-0.55359205539966,-0.6317549197690254,-0.22717627356637965,-0.18761931570762252,-0.32893762702129203,-0.7142468172862342,-0.7940711322542395,0.43767511816541627,-0.31960447211542303,0.22502007032724095,-0.408077433037628,-0.3390907390482059,-0.5079453513018684,-0.46216395583641373,-0.1040461845581383,-0.2136462571332361,-0.11166336995183734,-0.03966754521666969,-0.18101855903784064,0.34384477090346727,-0.6294800556898325,-0.12949371925173608,0.2836042212821662,0.3275438428134349,-0.0835393872149863,-0.8260538217535772,-0.5899143982753658,-0.011975270669698517,-0.2947956426509288,-0.01980007753769997,-0.19187608293369876,0.1198892316774914,-0.28154276600669187,0,49.87500000000001,21.95833333333333,Rupicapra_rupicapra,86
415,0.7066131552592672,0.7349518968923303,0.5551636411194977,-0.04598100657211102,0.3235149421385998,-0.5573356843588227,-0.38083102711876476,-0.311841790723756,-0.05008926402057333,-0.32625280655583994,0.22991619304949637,-0.08002919789329502,-0.11666736265195404,-0.3732073053553114,1.0002897266479926,0.798608980543413,0.3895831146087269,0.1832641059650296,0.01911831815608248,-0.3984049369518973,1.473646796266983,-0.2715173816039125,0.19964144686930302,0.08654514556089192,0.29522783117120205,-0.3134869138442821,-0.5197286093227176,0.06003499613426795,-1.101870870063148,-0.5384482402768923,0.13176866744030602,-0.6157814814662171,-0.020932013976859842,0.03543847795390286,-0.009242617830975207,-0.39579996539173096,0.2279559429670262,0.3904543409183904,-0.3946509889318753,-0.20162384024189686,0.8260337632142283,0,41.54166666666667,-2.791666666666667,Rupicapra_rupicapra,186
416,-1.021990997186061,-0.08189299612387813,-0.17585867576147213,-0.22552631264797451,-0.3157756977641043,0.38977523267135433,-0.35998627319515125,-0.0615692897592014,-0.0496873460070997,-0.3180180720890817,0.16989394995852275,0.06342429252580832,-0.11666736265195404,-0.451208978237346,0.9788953505154511,0.5224769949439371,0.05800208052566682,-1.4677460991995939,-0.008687322454159032,-0.036732998514754665,0.31771804351848637,2.110397418888886,0.19964144686930302,0.07619371788178406,0.2756186166592483,0.21813047737422075,-0.12753802478233375,0.8168610621854661,-1.1313952959614804,-0.06915616696933599,0.8529875481891419,-0.24481084832253378,0.43176745405267,-0.6984253329080246,-0.29957850805317054,-0.3623402976153614,0.053705414427707876,0.395457443582489,-0.5322482465734951,-0.6933497149421377,0.8260337632142283,0,42.29166666666667,13.70833333333333,Rupicapra_rupicapra,177
417,0.3252380554281331,-1.5113715589022427,1.1948081683903464,-0.3887016639236276,-0.6507685674795105,0.8221519594984603,-0.7073975795834369,0.18378332921440874,-0.10515203186646029,-0.24906850968884414,0.26223586240617447,-0.1398014855679214,-0.11666736265195404,-0.4506283074315782,0.6686043887170874,-0.008152481265751695,-0.577544198346374,-1.69128601467466,0.08736852692667528,1.7195459345360102,0.4828507224825573,-0.07641092281781586,0.1591497626789775,-0.1825919740959125,0.35895777833505155,0.36523556371139554,-0.047317223399073446,0.7853266427666662,-1.1313952959614804,-0.012170700924847016,0.9099258808798395,-0.14941839979987231,0.7351724166682059,-0.9855894328105179,-0.05763193286800776,-0.6952063029078654,-0.31415681248863087,0.5205350101849556,-0.9884917850693923,-0.9013875850076242,0.6894163939711192,0,43.04166666666667,-3.3750000000000004,Rupicapra_rupicapra,168
418,-1.0618053276214503,0.36737169503503647,0.4637858515093765,-0.5182553343125741,-2.104046375248139,1.1104031465105053,-0.3634604651125222,0.08425489689928288,-0.5620323336826063,-0.650511814943308,-0.005555683692015537,-0.27130051845209946,-0.32893762702129203,-0.6132124044082965,-0.7015077769694242,0.13861755261893643,-0.45944424006601814,0.08635153615562251,-0.2949590314641455,-0.3116036717269831,0.07001902507237993,0.5884385809063001,-0.04330865827265004,-0.30680910624520685,0.07462416791172284,0.4686460699484194,0.15769149124703624,1.0376019981170657,-0.7771021851814935,0.2694045430596868,0.9383950472251883,0.9581939191576967,0.21986557540054963,-0.8260538217535772,-0.29957850805317054,-0.34830262090458564,-0.43032383151484305,0.20033643968264117,-0.6119098167870645,0.034782830287065095,-0.10589186269412303,0,47.70833333333334,11.041666666666664,Rupicapra_rupicapra,112
419,-0.10157961998056703,-1.919794005410347,-1.0896365718626844,-0.5524815814447575,-0.4844088676945421,0.842741338765192,-0.6413894572124024,0.07367718627741493,-0.19719125695192097,-0.42977518270937204,0.1791281412032879,-0.21152823077747307,-0.11666736265195404,-0.6213416111029929,0.5662898899416063,0.1333347466410924,-0.46825776122747065,-1.865495663817103,-0.02132625000426881,0.5853427355971307,-1.8290067830144359,-0.2505946678667116,0.09841223639348924,-0.2654033955287754,0.2854232239152252,0.2035656173408371,-0.19884540378967627,0.9745331592794657,-1.1609197218598126,-0.11943746053800275,0.8814567145344907,-0.20771378500816542,0.5473502969538265,-1.0494036772332942,-0.15441056294207287,-0.6421323471246586,-0.40128207675829003,0.44048536755937695,-0.9377980585698482,-1.0432315873250013,0.5967117505561522,0,51.04166666666667,-0.7916666666666673,Rupicapra_rupicapra,72
420,-0.8883035842188254,0.24484496108260523,0.1896524826790128,-0.4862998750920256,-1.3006697948227604,0.7603838523788149,-0.24186653106882464,-0.07741119491161338,-0.5692668579251315,-0.6500543296951548,-0.08866340489490208,-0.3191183485918006,-0.32893762702129203,-0.6641167154884746,-0.4313857901245787,0.4061230742556519,-0.3080491558640041,0.23647860454792025,-0.3613134011022218,0.028367950403931017,-1.0033433881940812,-0.0014934476724642876,-0.07030311439953371,-0.28610625088699115,0.010894220747873308,0.20502210334417548,-0.14536486953416938,0.9429987398606657,-1.101870870063148,-0.09262077063471381,0.8245183818437931,0.385839228021728,0.3161846111515134,-0.6984253329080246,-0.3479678230902031,-0.24196241239692837,-0.3528791521640349,0.13529610504935857,-0.45982863728843204,0.05369536392938205,0.0014503559968912518,0,49.04166666666667,12.95833333333333,Rupicapra_rupicapra,96
421,-0.988572435777692,-0.8578956444892761,0.37240806189925524,-0.029954267509477907,0.5175380624352851,-0.4132101215333497,-0.5753812685779326,-0.20089928323782974,0.3449961432240024,0.3842871388615848,0.479239356658156,0.5176936788529689,0.5201434304560599,-0.2344301945741252,1.0928530819328077,0.42616933870362517,-0.05108846072082139,-1.4692998439603402,0.4134528577195075,-0.19586865142709745,-0.012547314409655536,1.292142177185012,0.47633462216986067,0.40743940361323566,0.5599522270825771,-0.20425046359390484,-0.3325467394284435,-0.5075845534041307,-0.18661366721484896,-0.28704177243355855,-0.42812493735155344,-0.8277647004054648,0.43658340584021815,-0.6984253329080246,-0.10602124790504032,-0.5461761734441505,0.31508120723668537,0.6956436034284087,-0.7712329572142032,-0.4853118448766512,0.9724095159747024,0,39.208333333333336,8.874999999999998,Rupicapra_rupicapra,214
422,0.7392799935833042,0.08147598247936355,0.0068969034587703275,-0.38205253207786116,-1.9270761603018312,1.0074562808573968,-0.14806546972974094,0.0037170296498263487,-0.5463575311571348,-0.6326698902653318,-0.08404630927251949,-0.28325497598702476,-0.32893762702129203,-0.6122446566492274,-0.6804045149643583,0.5445133786347963,-0.1251215603177608,0.41787408242727464,-0.3556258837046724,-0.2031020901958403,-1.0033433881940812,2.570646955085549,-0.056805886336091876,-0.20329482945412822,-0.003812690136091971,0.5239925380752772,0.09529753461561155,0.8799299010230659,-0.8951998887748225,0.2124190770151978,0.8434978260740257,0.8681010511085164,0.1861539128877123,-0.4431683552169194,-0.3479678230902031,-0.16081310319217001,-0.20767037838126964,0.08526507840837194,-0.2787796140757744,0.12934549849864987,-0.16444216379831264,0,46.62500000000001,14.95833333333333,Rupicapra_rupicapra,125
423,0.44537852040354353,0.4082139396858469,-0.5413698342019571,-0.5077015002390945,-0.5583043812973428,0.1427028118629099,-0.3113487790937947,-0.20262125882560578,-0.3185035106853775,-0.5935549015482302,0.003678507552749635,-0.06807474035836975,-0.32893762702129203,-0.6830848705956347,-0.7579772554139492,0.4722554704587054,-0.2812170994843547,0.26308592792599345,-0.18942398642072886,-0.30726360846573736,0.1525853645544154,-0.47432891284675116,0.05792055220316373,-0.08942912498394175,0.13835411507557238,-0.1532734534770621,-0.3592870065561969,0.4069136097410671,-1.0132975923681515,-0.327266807288492,0.32156310974263125,0.014868594878044608,-0.06427558006479354,-1.0494036772332942,-0.4447464531642682,-0.28811367829536916,-0.22703154821897167,0.3054015956287131,-0.6119098167870645,0.23336443353139313,-0.05709994510729836,0,51.29166666666667,13.624999999999998,Rupicapra_rupicapra,69
424,-0.39041746328975985,0.48989842898746777,0.281030272289134,0.265372404701207,0.5827177157035787,-0.9691230242490597,-0.5197955231687048,-0.3837699114083527,0.5113902008020842,0.5466290469205328,0.5946667472177206,0.6372382542022217,0.9446839591947359,-0.038361486142341444,1.3414351772206599,0.5846571588425143,0.2726582327133237,-0.4962894135312636,0.504453136080298,-0.46495257362433157,1.473646796266983,0.8938162947463346,0.5910610607091162,0.5937651018371772,0.6236821742464266,-0.5232208983250066,-0.5108151869467997,-0.4760501339853307,-0.42280907440150683,-0.585377447607648,-0.35220716043062333,-0.833064280878946,-0.23764984441652837,0.06734560016529101,0.13592532728012247,-0.5309847150859137,0.5570958302079608,0.6656249874438167,-0.5467321684305078,0.27118950081602705,1.0602349676309868,0,38.29166666666667,-0.7916666666666673,Rupicapra_rupicapra,225
425,-0.9491469367082219,0.6532674075907094,-0.26723646537159335,-0.543839265584339,-0.44120845361984967,0.06034535615708228,-0.4086238998233786,-0.215954032795786,-0.3896095059024201,-0.6303824640245657,0.022146890042279977,-0.18761931570762252,-0.32893762702129203,-0.6850203845723782,-0.7632166712394598,0.3728276455602183,-0.37013484861515583,0.17491291309258733,-0.21091016325591547,-0.3159437349882288,0.1525853645544154,-0.15960606547050593,0.003931639949396387,-0.22399768481234394,0.13345181144758397,-0.22318478163730357,-0.4216809631876216,0.34384477090346727,-1.0428220182664836,-0.3976606182846254,0.30258366551239874,-0.0964225950650604,-0.11243509794027544,-0.9855894328105179,-0.3479678230902031,-0.37214744161878005,-0.3431985672451839,0.3054015956287131,-0.6988133479291401,0.11043296485633292,-0.07173752038334576,0,51.62500000000001,11.45833333333333,Rupicapra_rupicapra,65
426,1.223553988218435,0.3265294503842261,0.1896524826790128,-0.6615320502181782,-0.6083259286005038,0.7603838523788149,-0.7386645779419864,0.048782785343872884,-0.23657922227233646,-0.46153772993829667,0.1837452368256705,-0.2593460609171742,-0.32893762702129203,-0.6523100193169418,-0.49265811036173457,-0.07143986954186206,-0.6829137639903583,-1.8992888529754017,-0.013742893474202943,-0.2421626595470517,-0.012547314409655536,-0.5027936105561562,0.07141778026660557,-0.3482148169616383,0.29522783117120205,0.03024378294357179,-0.38602727368395034,0.8799299010230659,-1.3675907031481382,-0.3205626348126697,0.7580903270379793,-0.21831294595512782,0.3161846111515134,-1.3365677771357876,-0.15441056294207287,-0.7107823551485892,-0.5658520203787574,0.47050398354396894,-1.1043631599254933,-1.033775320503843,0.1575844922747302,0,52.29166666666667,-2.708333333333333,Rupicapra_rupicapra,57
427,-0.09943545135116391,-0.16357748542549896,-0.6327476238120783,-0.4606505314077532,-1.0505620583069555,0.45154333979099975,-0.04384209769228586,-0.18884567933600377,-0.5291755360811372,-0.6189453328207348,-0.15791983923064085,-0.18761931570762252,-0.32893762702129203,-0.68095578122503,-0.7592871163102078,0.4961156166755532,-0.23930434827365918,0.30464763714979753,-0.36447313298974926,-0.16114814533713173,-0.8382107092300103,0.08112658575888221,-0.056805886336091876,-0.17224054641680464,-0.0479334227879878,0.0462651289802938,-0.18101855903784064,0.5961201262538666,-0.8656754628764903,-0.12949371925173608,0.5113575520449565,0.3275438428134349,0.06575511819900756,-0.6984253329080246,-0.49313576820130073,-0.07254880716140204,-0.2463927180566737,0.03523405176738532,-0.2353278485047366,0.1577142989621253,-0.22787165666118472,0,49.04166666666667,22.125,Rupicapra_rupicapra,96
428,0.9704280608385097,0.44905618433665734,0.9206747995599827,-0.24766312943744823,-0.09181554225182063,0.18388153971582372,-0.49547670985459114,-0.09256432484308871,0.010198438000470784,-0.29860762656029444,0.2853213405180874,0.11124212266550942,0.09560290171738395,-0.4051434613283293,0.8752710463627592,0.2987801423993199,-0.08144589568009795,-1.4574527994628463,0.09495188345674115,-0.25807622483828596,0.5654170619645927,-0.47844500167050913,0.24013313105962852,0.055490862523568336,0.3442508674510863,0.06956890503370762,-0.27015278279701876,0.15463825439066772,-1.0428220182664836,-0.21664796143742512,0.49237810781472396,-0.446194906314819,0.3498962736643507,-0.6027039662738601,-0.15441056294207287,-0.49214073295472605,-0.01405868000424926,0.4504915728875743,-0.6626035432866085,-0.6366121140151868,0.8162753796968634,0,43.70833333333334,5.958333333333332,Rupicapra_rupicapra,160
429,-0.6537451116832308,0.44905618433665734,0.37240806189925524,0.09298277781186895,0.30722017337993845,-0.7014612471842958,-0.44683908322636384,-0.32487938603794464,0.19789415029265478,0.24076748101236983,0.4192171135671824,0.32642235829416444,0.09560290171738395,-0.18836467766510848,1.2347544384449516,0.5776883807506576,0.13458107934015753,-0.6594289090782429,0.24914679956808042,0.4131868929010508,1.2259477778208765,0.1470847302931459,0.3751054116940469,0.32462798218037275,0.4422969400108548,-0.3673768959678016,-0.5197286093227176,-0.22377477863493134,-0.8361510369781581,-0.5451524127527145,-0.029556608516670416,-0.7111739299888786,-0.14133080866556458,0.03543847795390286,0.039146697206057346,-0.44368190376136324,0.3538035469120895,0.5105288048567582,-0.4743125591454447,-0.059779837924519685,0.9382551736639251,0,38.958333333333336,-1.1250000000000002,Rupicapra_rupicapra,217
430,1.2977671880605908,0.6941096522415199,0.0068969034587703275,-0.06166462961121032,0.07189136611459929,-0.14554834446858572,-0.39820158912500725,-0.17959638527240118,0.18422893783455146,0.22743505378047554,0.34072648798667843,0.31446790075923914,0.09560290171738395,-0.37514283779066016,1.1536886338204164,0.727939863032238,0.29322266714907186,-0.9196752295730365,0.19606330385761936,-0.37091786963067447,1.308514117302912,-0.5201713924536592,0.36160818363060504,0.30392512682215705,0.398176207358959,-0.029472143193301138,-0.2255856709174297,0.09156941555306787,-0.9247243146731547,-0.23676047886489182,0.37850144243332884,-0.5097898719965933,0.20541772003790507,-0.3155398663713668,-0.10602124790504032,-0.40829926657255866,0.3054006223178344,0.5005225995285609,-0.4960384419309636,-0.10706117203031207,0.9333759819052426,0,43.95833333333334,4.958333333333333,Rupicapra_rupicapra,157
431,-0.11816795872417019,0.28568720573341566,0.37240806189925524,-0.1694572057264272,-1.3321227418257604,1.1104031465105053,-0.2731334631639387,0.18206142869750144,0.050792157361307155,-0.24655234082400135,0.2206820018047312,0.2427411555496875,0.09560290171738395,-0.4678544685800402,-0.5518928260232286,0.6794160732571634,0.1388898919846762,-1.0059060634555097,0.042500334123785566,-0.37091786963067447,0.6479834014466282,-0.1581816165438305,0.2671275871865122,0.231465133068402,0.28052092028723674,0.9245261889933274,0.3092196716376391,1.4790838699802644,-1.1313952959614804,0.2694045430596868,1.5457372625926291,0.8416031487411104,0.6195895737670494,-0.3155398663713668,-0.20279987797910543,-0.2736914077021064,0.18923360329162214,0.3604357249337984,-0.3801670670748627,-0.2299926407053723,0.10391338292922307,0,46.12500000000001,12.791666666666664,Rupicapra_rupicapra,131
432,0.16695379965140592,0.24484496108260523,0.09827469306889156,-0.6063779193593877,-0.7091269429609236,0.34859649714830315,-0.06468671908902857,-0.2346494192054637,-0.5321899211821894,-0.6214615016855776,-0.1717711260977886,-0.06807474035836975,-0.32893762702129203,-0.7496669242594379,-0.5393763897965458,0.4132985379654723,-0.41361446795563434,0.13179745910803684,-0.34804252717460654,-0.278329853390766,-0.5079453513018684,-0.5791660959877715,-0.056805886336091876,-0.1618891187376968,-0.03812881553201095,-0.12996967742364826,-0.3325467394284435,0.2807759320658674,-0.9837731664698192,-0.3172105485747586,0.27411449916704994,0.03076733629848818,-0.03537986933950441,-1.1770321660788468,-0.6383037133123984,-0.0879325624608823,-0.2947956426509288,0.1052774890647666,-0.3729251061463564,0.1671705657832838,-0.01318721927915615,0,53.45833333333334,16.541666666666668,Rupicapra_rupicapra,43
433,-0.8434349068831688,0.7757941415431406,-0.26723646537159335,-0.4633461011445128,-1.2476166407824139,0.3691858687448974,-0.23144422037045329,-0.16862511562102256,-0.528874097571032,-0.6253501262948801,-0.07481211802775432,-0.28325497598702476,-0.32893762702129203,-0.6697297374006598,-0.7467706800835249,0.5083901658139165,-0.2216774553755234,0.3221268952750553,-0.32150077931937604,-0.3304106125257145,-0.34281267233779744,0.28388786293507395,-0.023062816177487285,-0.2136462571332361,0.04030804251580387,0.0025705488801428733,-0.13645144715825158,0.31231035148466735,-0.5409067779948358,-0.07586033944515823,0.22666588859146866,0.41233713038913394,-0.12688295330292002,-0.7303324551194128,-0.39635713812723566,-0.22984770509858768,-0.27543447281322675,0.1603116183698519,-0.43810275450291314,0.1198892316774914,-0.1400462050049003,0,49.87500000000001,18.041666666666668,Rupicapra_rupicapra,86
434,-0.9732966826999083,-0.6945266658860344,-1.0896365718626844,-0.49804628912524496,-0.662137074674154,0.24564966217574388,-0.2905040251701812,-0.1851065870398945,-0.5352043062832417,-0.6303824640245657,-0.051726639915841394,-0.23543714584732364,-0.32893762702129203,-0.6703104082064275,-0.4351698573889027,0.39675668698305394,-0.3292012779169978,0.21550364297086677,-0.29685487059666193,0.29455849709366805,-2.0767058014605424,-0.3903237082924255,-0.023062816177487285,-0.22399768481234394,0.05501495339976914,-0.09210104133685079,-0.3503735841802791,0.5015168679974669,-1.0428220182664836,-0.28704177243355855,0.43543977512402643,0.0784635605598189,0.03204345568617024,-0.8898680661763535,-0.39635713812723566,-0.2671533116998273,-0.3431985672451839,0.20533954234673985,-0.553974129359014,0.11043296485633292,0.04048389006635099,0,49.62500000000001,12.041666666666664,Rupicapra_rupicapra,89
435,0.07434267438707365,0.08147598247936355,0.0068969034587703275,-0.3848297676162117,-0.3388915997512342,0.4103646042679486,-0.6344412059045312,-0.021226580238192426,-0.14373616115992852,-0.39595395186375787,0.20683071493758343,-0.24739160338224891,-0.11666736265195404,-0.5609532501571427,0.7806700309832344,0.3632719365020601,-0.20875116686673664,-1.8078142231336942,0.016590532646060523,-0.21467559222582885,-0.8382107092300103,-0.4534215287031722,0.13215530655209384,-0.20329482945412822,0.30013013479919043,0.08704673707376799,-0.3236333170525256,0.9114643204418659,-1.338066277249806,-0.24681673757862518,0.8434978260740257,-0.25011042879601497,0.4462153094153145,-0.6984253329080246,-0.009242617830975207,-0.6155953692330551,-0.2560733029755247,0.46049777821577165,-0.8581364883562788,-1.0148627868615259,0.6942955857298017,0,48.20833333333334,-0.20833333333333331,Rupicapra_rupicapra,106
436,-1.190725079462698,0.48989842898746777,-1.3637699406930481,-0.13196342910421768,-0.6041574422321717,0.45154333979099975,-0.6135965182443531,0.0577861097059606,0.10183574507245784,0.14704836017640707,0.3499606792314436,0.003652004851181927,0.09560290171738395,-0.40127243337484236,1.002909337402414,0.5204291829675814,0.09031787651001834,-1.6600176422309174,0.19606330385761936,-0.2971367941894974,-2.406971159388684,-0.4150144107067036,0.3076192713768377,0.07619371788178406,0.40798081461493585,0.339018815651305,-0.10079775765458032,1.0060675786982656,-1.2199685736564772,-0.0490436495418693,1.071251156836816,-0.12292049743246636,0.6966448023678203,-0.28363274415997863,0.13592532728012247,-0.5809819198092245,0.03434424459000584,0.5305412155131529,-0.742265113500178,-0.8068249167960394,0.8260337632142283,0,44.70833333333334,-0.5416666666666673,Rupicapra_rupicapra,148
437,1.3422135231659102,0.7349518968923303,0.5551636411194977,0.03309073417824281,0.1613238732803756,-0.5779250329450049,-0.3356675924079084,-0.31631884842756147,-0.023964593144787546,-0.30890104464374224,0.2714700536509396,0.015606462386107205,-0.11666736265195404,-0.29075393371402186,1.0663647221206358,0.7745421487086016,0.4661618145736792,-0.3477159417264565,0.043764226878796546,-0.3984049369518973,1.473646796266983,-0.42809228561570334,0.21988728896446577,0.15900513931464696,0.30013013479919043,-0.2901831377908683,-0.46624807506721067,-0.034568262122131814,-0.9837731664698192,-0.48146277423240336,0.13176866744030602,-0.6051823205192548,-0.06909153185234174,0.2587883334336199,-0.009242617830975207,-0.35330234137691674,0.31508120723668537,0.36543882759789703,-0.29326353593278703,-0.5325931789824436,0.8553089137663231,0,39.958333333333336,-1.875,Rupicapra_rupicapra,205
438,-0.6344749820728226,0.1631604717809844,0.4637858515093765,-0.45463847258563034,-0.6894214630296159,0.4103646042679486,-0.4120979592138788,-0.10092804540328211,-0.3645566163958973,-0.6264938394152632,0.026763985664662565,-0.2593460609171742,-0.32893762702129203,-0.6350838397098745,-0.39834829238825714,0.39934361794935547,-0.2798461272269869,0.2644454175483326,-0.20079902121582766,0.01534776062019388,0.8131160804106992,-0.40725830156207027,0.02417748204455914,-0.23434911249145182,0.15306102595953766,0.03606972695692525,-0.3503735841802791,0.848395481604266,-1.338066277249806,-0.3138584623368475,0.7201314385775143,0.036066916771969375,0.25357723791338693,-0.7622395773308009,-0.20279987797910543,-0.41964478610592537,-0.3044762275697798,0.3054015956287131,-0.6698455042151149,0.10097669803517445,0.0990341911705406,0,49.29166666666667,7.458333333333332,Rupicapra_rupicapra,93
439,-0.7121741018544784,0.3265294503842261,-0.26723646537159335,-0.28112157843501656,-1.024793364901277,0.2868283900286577,-0.14806546972974094,-0.15716186903117982,-0.26323978383275376,-0.5384279291457654,-0.0009385880696329512,-0.03221136775359391,-0.11666736265195404,-0.5835988947411392,-0.6431462926522613,0.6821693609403625,0.013347384800235665,0.5551832751498097,-0.19384761106326726,-0.3810446839069145,-0.4253790118198329,-0.48281711525156085,0.09841223639348924,0.024436579486244746,0.10894029330764184,0.10743754112050509,-0.17210513666192284,0.438448029159867,-0.8066266110798258,-0.09262077063471381,0.3879911645484451,0.385839228021728,-0.04501177291460079,-0.4431683552169194,-0.3479678230902031,-0.16965876248937115,-0.01405868000424926,0.20033643968264117,-0.30050549686129335,0.33738336856413637,-0.05222075334861589,0,46.79166666666667,16.375,Rupicapra_rupicapra,123
440,-1.3757274355175784,0.48989842898746777,1.9258304852713162,-0.238350934633089,-0.07893119554898148,-0.49556757723917727,-0.41904621052174995,-0.2941303581910066,-0.12122875240540538,-0.3680146742086853,0.1883623324480531,0.027560919921032483,-0.11666736265195404,-0.37359441922582326,-0.664395125600827,0.18768018132214404,-0.12590484495788312,-0.060279828784879495,-0.0390207485744225,-0.08013363112721178,1.308514117302912,0.4657110478666151,0.14565253461553568,-0.027320558909294565,0.27071631303125987,-0.3498990639277412,-0.4305943855635394,0.06003499613426795,-0.7771021851814935,-0.47475860175658113,0.046361168404259676,-0.4779923891557062,-0.24246579620407654,-0.4750754774283075,-0.10602124790504032,-0.43118260258053553,-0.11086452919275945,0.3604357249337984,-0.6046678558585581,-0.2678177079900062,0.030725506548986058,0,40.958333333333336,-0.8750000000000003,Rupicapra_rupicapra,193
441,1.427487810059428,0.612425162939899,0.37240806189925524,-0.47780453773166204,-0.3642814055590696,-0.042601478815476976,-0.3148228384842949,-0.2412420302942731,-0.30229281747527453,-0.587150108074085,0.017529794419897392,-0.06807474035836975,-0.11666736265195404,-0.6819235474427044,-0.7531744413808422,0.5591737743577567,-0.21736864273100476,0.32639961928048006,-0.1748892197381026,-0.19442196367334888,1.0608150988568057,-0.6046009452522332,0.07141778026660557,-0.06872626962572602,0.14815872233154925,-0.23192369765733375,-0.45733465269129286,0.31231035148466735,-1.0428220182664836,-0.4043647907604477,0.24564533282170117,-0.1070217560120228,-0.09798724257763088,-0.9536823105991298,-0.39635713812723566,-0.2842677394704991,-0.19798979346241863,0.31040469829281175,-0.5974258949300518,0.25227696717371006,-0.04734156158993342,0,51.70833333333334,12.95833333333333,Rupicapra_rupicapra,64
442,1.0436494971018972,-0.16357748542549896,0.09827469306889156,-0.17943917976068371,-0.3820921583843387,-0.12495899588240354,-0.15501372103761207,-0.23095953586383114,-0.16229137611529432,-0.2947843569864424,0.035998176909427734,0.05146983499088304,0.09560290171738395,-0.5654049489163976,-0.6227707188075505,0.8615464315842312,0.20332573750573324,0.6373355660786374,-0.09905565443744394,-0.26530966360702884,-0.5079453513018684,-0.26173653347272613,0.17939560477414027,0.1486537116355391,0.15306102595953766,-0.07899266730680551,-0.25232593804518316,0.5961201262538666,-1.0132975923681515,-0.2669292550060919,0.46390894146937517,0.009569014404563416,0.03685940747371843,-0.4750754774283075,-0.3479678230902031,-0.14485245706895925,0.16019184853506907,0.29539539030051576,-0.3077474577897996,0.290102034458344,-0.0034288357617912155,0,44.95833333333334,21.625,Rupicapra_rupicapra,145
443,-1.2077617000841447,0.20400271643179482,0.37240806189925524,-0.21688389707351263,-0.4935037601853041,0.18388153971582372,-0.20365121513896867,-0.16021218610635243,-0.2610292347586488,-0.4667661327743336,0.012912698797514806,-0.1398014855679214,-0.11666736265195404,-0.5274686387020773,-0.597446787745757,0.6492867433572302,0.07895860555578377,0.5077950971598345,-0.1925837183082563,-0.3260705492644688,-0.012547314409655536,0.9593486150615971,0.09841223639348924,-0.006617703551078841,0.12364720419160712,0.08559025107042963,-0.26123936042110096,0.8799299010230659,-1.2790174254531415,-0.25016882381653627,0.7865594933833281,-0.01692888796284254,0.1861539128877123,-0.3793541107941431,-0.29957850805317054,-0.2075412599143413,-0.01405868000424926,0.22034885033903584,-0.3294733405753186,0.14825803214096683,-0.03758317807256849,0,43.37500000000001,21.041666666666668,Rupicapra_rupicapra,164
444,0.5030372215498583,-0.8987378891400866,2.0172082748814373,-0.4059047295569171,-0.6329578146542414,0.5133114430755765,-0.5058990205529625,-0.030721881538744274,-0.16624356991445166,-0.39183658463037874,0.12372299373469686,-0.18761931570762252,-0.11666736265195404,-0.611470447366809,-0.35221213017030145,0.4596255228796972,-0.21188475370153345,-1.8610287587598988,-0.066826389184664,0.05296164221765672,1.2259477778208765,-0.18586492563743645,0.118658078488652,-0.1515376910585889,0.24130249126332934,0.13365428918059566,-0.3592870065561969,1.0376019981170657,-1.485688406741467,-0.29374594490938083,0.9478847693403045,-0.006329727015880157,0.38842388796473626,-0.7303324551194128,-0.10602124790504032,-0.487910200247369,-0.2463927180566737,0.395457443582489,-0.7567490353571905,-1.1283379887154277,0.18198045106814253,0,49.62500000000001,4.374999999999999,Rupicapra_rupicapra,89
445,-0.786286834940049,0.5307406736382781,-0.906880992642442,-0.5193008360582155,-0.4480295868483182,0.03975597689035064,-0.12374665641562725,-0.2627909354966509,-0.46376337938830436,-0.5828039982166292,-0.08866340489490208,0.015606462386107205,-0.32893762702129203,-0.7171501159392575,-0.7876673709569222,0.5333344313087283,-0.2747538805175767,0.2694950139341306,-0.25135473141626674,-0.3694711818769259,-0.17767999337372647,-0.5122481936733766,0.037674710108000976,-0.04802341426751029,0.05011264977178072,-0.21153289361059666,-0.40385411843578595,0.2807759320658674,-1.0132975923681515,-0.38760435957089207,0.22666588859146866,-0.08052385364461684,-0.07872343542743812,-1.0813107994446824,-0.5899143982753658,-0.13581450083051458,-0.16894803870586556,0.20033643968264117,-0.41637687171739424,0.27118950081602705,-0.1254086297288529,0,52.29166666666667,15.041666666666664,Rupicapra_rupicapra,57
446,0.5339480642437233,-1.1846336016957595,-1.0896365718626844,-0.5872307290208267,-0.6284104406880664,0.2662390261022008,-0.07858322170477088,-0.24320997558356403,-0.5240510814093484,-0.6175728770762751,-0.15791983923064085,-0.06807474035836975,-0.32893762702129203,-0.7426990407176718,-0.5268599535698628,0.4469151975603698,-0.3799275502891458,0.1652022305978059,-0.3354035996244968,1.0063288719379648,-1.7464404435324004,-0.5692518060430563,-0.04330865827265004,-0.1515376910585889,-0.01851960102005725,-0.1532734534770621,-0.3414601618043613,0.24924151264706748,-0.954248740571487,-0.3306188935264031,0.25513505493681743,0.009569014404563416,-0.05464367648969717,-1.1132179216560705,-0.6383037133123984,-0.10773914740896312,-0.27543447281322675,0.12028679705706258,-0.3801670670748627,0.17662683260444226,0.0063295477555737195,0,53.29166666666667,16.458333333333332,Rupicapra_rupicapra,45
447,-0.373518902162782,-0.28610421937793024,-0.7241254134221995,-0.4386443400152075,-1.0282039315155114,0.2662390261022008,-0.07858322170477088,-0.2122149404996767,-0.4712993421409349,-0.5869213654500083,-0.09789759613966725,-0.06807474035836975,-0.32893762702129203,-0.6819235474427044,-0.754338759093125,0.5943103294115822,-0.1680133426162246,0.3753415420312018,-0.27473674738396986,0.27285818078743945,-0.7556443697479748,-0.5890497120710946,0.02417748204455914,-0.06872626962572602,0.02069882800385016,-0.03238511519997787,-0.19884540378967627,0.34384477090346727,-0.6294800556898325,-0.12614163301382497,0.2646247770519337,0.3328434232869161,-0.09798724257763088,-0.7622395773308009,-0.49313576820130073,-0.10504699023155407,-0.1399062839493125,0.12528989972116125,-0.2860215750042807,0.25227696717371006,-0.1546837802809477,0,50.29166666666667,18.95833333333333,Rupicapra_rupicapra,81
448,1.164691266073148,0.5307406736382781,2.2913416437118013,0.2169163652835201,0.8006146577414917,-0.5985143815311871,-0.5823295198858037,-0.2221038383651736,0.6114677861570175,0.6442694698835233,0.5992838428401033,0.7687372870863998,1.156954223564074,-0.07997523045768214,1.2702661980683863,0.5175098186292977,0.20743880370260592,-1.2950901762962403,0.6055645564811761,-0.3304106125257145,0.5654170619645927,-0.24356289424917085,0.6652958150580464,0.67657652327004,0.6776075141542992,-0.23192369765733375,-0.13645144715825158,-0.5706533922417305,0.13815501766680557,-0.19988753024786954,-0.5040427142724835,-0.9019588270342015,0.5810619594666638,-0.4431683552169194,0.039146697206057346,-0.546753064267881,0.5570958302079608,0.8057118620385793,-0.7495070744286843,-0.2299926407053723,1.094389309941764,0,37.12500000000001,9.708333333333332,Rupicapra_rupicapra,239
449,-0.7174488040852116,0.3265294503842261,0.1896524826790128,-0.6628717083920163,-0.6481159206193741,0.6780263966729873,-0.728242267243615,0.015524663850137439,-0.25989046705380686,-0.47300753865985273,0.16527685433614014,-0.29520943352195,-0.32893762702129203,-0.6590843643820573,-0.4973153812108657,-0.06019790830787823,-0.6827178681179431,-1.9053094657500382,-0.04154853408444445,-0.2421626595470517,-0.012547314409655536,-0.18811261385094769,0.05117193817144281,-0.3792690999989619,0.2756186166592483,-0.014907283159917496,-0.4395078079394572,0.7537922233478662,-1.4266395549448028,-0.38090018709506984,0.6916622722321655,-0.19181504358772186,0.2246815271880978,-1.2727535327130113,-0.10602124790504032,-0.7082824949124237,-0.5852131902164593,0.4504915728875743,-1.0898792380684805,-1.0621441209673184,0.15270530051604775,0,52.54166666666667,-2.458333333333333,Rupicapra_rupicapra,54
450,1.0465618479828318,-1.4296870696006219,-0.7241254134221995,-0.30028502216266084,-0.36276556605087396,0.10152408400999609,-0.5163213975147692,-0.11991864800438581,-0.05933337833046676,-0.3336052480440169,0.20221361931520085,-0.06807474035836975,0.09560290171738395,-0.5400495810732391,-0.26474270304606884,0.5106155369796881,-0.07459118381802801,-1.7915002550573393,0.031757245706192254,0.7748588313381934,-1.8290067830144359,-0.4379085669237235,0.1928928328375821,-0.03767198658840243,0.30013013479919043,-0.028015657189962774,-0.4216809631876216,0.9114643204418659,-1.5447372585381316,-0.43788565313955885,0.7960492154984443,-0.23421168737557138,0.21504962361300142,-0.6027039662738601,-0.05763193286800776,-0.4959866717795961,-0.10118394427390842,0.4504915728875743,-0.7277811916431653,-1.0054065200403675,0.23565156041364968,0,47.37500000000001,2.2083333333333326,Rupicapra_rupicapra,116
451,1.6735539397708394,-1.0212646230925178,1.6516971164409524,-0.16527489960173114,-0.2919017314644646,0.2868283900286577,-0.17933253435172575,-0.11337524587005314,0.11791246561140294,-0.1992026176401415,0.16989394995852275,0.4101035610386414,0.09560290171738395,-0.4879839468401307,1.096637038159036,0.7715309240956673,0.21644792188693518,-1.5062004300318468,0.0747295993765655,-0.24794941056204597,0.4828507224825573,0.44787534449633076,0.31436788540855864,0.3453308375385885,0.2854232239152252,0.19919615933082202,-0.14536486953416938,0.7222578039290662,-1.1609197218598126,-0.13619789172755833,0.8719669924193745,-0.23421168737557138,0.3210005629390616,-0.6984253329080246,-0.4447464531642682,-0.20446450885444525,0.3054006223178344,0.410466751574785,-0.36568314521785006,-0.6366121140151868,0.9528927489399724,0,44.54166666666667,10.791666666666664,Rupicapra_rupicapra,150
452,-0.13612319838535095,0.04063373782855314,-0.906880992642442,-0.49865075565667827,-0.43590315989957684,0.08093470474326445,-0.30092646839542336,-0.21811873883211505,-0.31960878522242997,-0.5935549015482302,-0.0009385880696329512,-0.08002919789329502,-0.32893762702129203,-0.6865688031372151,-0.7597237181026114,0.5138390484468451,-0.2555602689144271,0.28852786864687896,-0.19511150381827824,-0.2899033554207545,-1.2510424066401875,-0.4716276467083642,0.05792055220316373,-0.09978055266304961,0.13345181144758397,-0.17803371553381428,-0.4216809631876216,0.3753791903222672,-1.0723464441648158,-0.3674918421434254,0.32156310974263125,-0.048726370803729685,-0.05464367648969717,-1.0174965550219062,-0.4447464531642682,-0.28465233335298606,-0.21735096330012066,0.29539539030051576,-0.5901839340015456,0.22390816671023467,-0.061979136865980826,0,51.62500000000001,13.45833333333333,Rupicapra_rupicapra,65
453,-0.7872045981030887,-3.2267458342362803,-1.272392151082927,-0.8133042031981892,-0.8989815768892768,0.986866901590665,-0.4120979592138788,-0.09782855690906714,-0.5215390938251383,-0.6704124232379738,0.026763985664662565,-0.15175594310284668,-0.32893762702129203,-0.5901796644123934,-0.6213153147273162,-0.164168335812559,-0.8580071683124557,-1.5978692594469905,-0.29685487059666193,4.465359291150797,-1.5813077645683296,-0.32872904893999555,-0.0635545003678128,-0.35856624464074616,0.09913568605166498,0.0025705488801428733,-0.37711385130803254,0.5645857068350667,-1.1904441477581449,-0.30045011738520305,0.5208472741600728,-0.11762091695898517,0.07538702177410395,-1.4003820215585638,-0.5415250832383333,-0.40964534516126316,-0.6142549449730125,0.18032402902624653,-0.720539230714659,-0.6933497149421377,-0.022945602796521084,0,56.79166666666667,9.874999999999998,Rupicapra_rupicapra,3
454,0.5057678632249112,0.08147598247936355,-1.1810143614728057,-0.6665639199931236,-1.0695096184841653,0.8839200666181058,-0.5545366471811899,0.022707632250930043,-0.2755652695792783,-0.5415322933296624,0.06831784626610583,-0.16371040063777198,-0.11666736265195404,-0.7049563058972128,-0.5354468071077698,0.0671968892326862,-0.6378672765200968,-0.0905771107531557,-0.1350765979552568,-0.22046234324082314,-0.6730780302659393,-0.6115721280884743,0.044423324139721894,-0.27575482320788325,0.1971817586114335,0.11035051312718182,-0.3147198946766078,0.7222578039290662,-1.2494929995548092,-0.25687299629235855,0.6726828280019329,0.12615978482114962,0.2343134307631942,-1.3684748993471758,-0.3479678230902031,-0.5017555800169012,-0.5174490957845023,0.3754450329260944,-0.9305560976413418,0.06315163075054053,0.0843966158944932,0,53.29166666666667,7.624999999999999,Rupicapra_rupicapra,45
455,0.9311828225682077,0.44905618433665734,0.9206747995599827,-0.18497749716234474,-0.44120845361984967,0.43095397202947416,-0.5823295198858037,0.025167554478685086,0.025471322512468628,-0.052774660713381,0.28993843614047,-0.056120282823444466,0.09560290171738395,-0.4521767259964151,0.9828249887232747,0.5566957874366962,0.06329022310749215,-1.7081826185146378,0.1252853095770046,-0.308710296219486,0.7305497409286638,-0.49435117192860456,0.25363035912307036,0.024436579486244746,0.36386008196304,0.2734769455010786,-0.17210513666192284,0.9745331592794657,-1.3085418513514737,-0.11608537430009164,1.0522717126065835,-0.13351965837942875,0.6195895737670494,-0.34744698858275497,0.0875360122430899,-0.5573293960362736,-0.023739264923100276,0.4955194968644623,-0.7350231525716716,-0.8919313181864658,0.801637804420816,0,45.54166666666667,0.20833333333333276,Rupicapra_rupicapra,138
456,-0.16391957162507256,0.44905618433665734,0.37240806189925524,0.1934889496295889,0.5414118841765129,-0.7838187642512223,-0.34261571118890877,-0.36113863442009314,0.18905195399623498,0.23214061633290883,0.38689744421050426,0.26665007061953805,0.09560290171738395,-0.18817108381264191,1.232280287595934,0.9260441069850436,0.3989840245378865,-0.19176240456798757,0.2169175343153005,0.4131868929010508,1.2259477778208765,0.9759523943312937,0.368356797662326,0.37638512057591206,0.41288311824292423,-0.39796310203790725,-0.5286420316986353,-0.349912456310131,-0.7180533333848291,-0.5418003265148035,-0.19088188447364687,-0.8277647004054648,-0.08835533900253449,0.2906954556450081,-0.009242617830975207,-0.35926354655546533,0.5474152452891098,0.4755070862080676,-0.2787796140757744,-0.34346784255927404,0.9675303242160198,0,38.458333333333336,-2.208333333333333,Rupicapra_rupicapra,223
457,1.3882554757762104,0.5307406736382781,-0.6327476238120783,-0.47231527963938164,-0.829633437252651,0.6780263966729873,-0.5406401445654475,0.011441183943559812,-0.18392796250729126,-0.40360049101146195,0.1144888024899317,-0.22348268831239837,-0.11666736265195404,-0.634503187362712,-0.40839052224687467,0.37828212942940614,-0.3078532599915889,-1.711290033949503,-0.07693753122475183,-0.3116036717269831,-0.34281267233779744,-0.4636306076136858,0.10516085042521016,-0.19294340177502037,0.24130249126332934,0.1715229252673931,-0.36820042893211474,1.0691364175358655,-1.5152128326397993,-0.30045011738520305,1.0143128241461183,0.041366497245450565,0.35471222545189895,-0.9217751883877416,-0.15441056294207287,-0.5071398943717194,-0.3335179823263329,0.395457443582489,-0.8219266837137473,-0.8446499840806734,0.17222206755077762,0,50.62500000000001,4.624999999999999,Rupicapra_rupicapra,77
458,-0.6805314187502582,-0.8578956444892761,-0.26723646537159335,-1.0465333565620771,-2.104046375248139,1.8310309606378707,-0.6135965182443531,0.3920895254436974,-1.0185107174852785,-1.0292769228964616,-0.29643270790211845,-1.2157026637111965,-1.390288948867982,-0.7237308856105117,-0.9276767077166658,-0.8903955027490709,-1.5493719662660548,-0.8184899357582047,-0.7973564015810091,-0.043966437283497514,-1.4161750856042585,-0.1357213259790966,-0.5966950088737654,-1.2901947357604537,-0.2195140497675827,0.6303160163189778,0.16660491362295407,1.289877353467465,-1.0428220182664836,0.26605245682177564,1.2135969885635598,0.8628014706350352,0.3498962736643507,-1.7513603658838335,-0.5415250832383333,-0.5629060073323352,-1.4855075876696042,-0.06482800151458794,-1.0174596287834174,-0.8635625177229903,-0.4571936693192607,0,46.54166666666667,10.70833333333333,Rupicapra_rupicapra,126
459,-1.0198190454824252,-0.16357748542549896,-0.7241254134221995,-0.5540826898405385,-1.7046318081581402,0.7192051245259011,-0.21407365836421077,-0.1285775847560052,-0.7156654943329004,-0.7044950742253898,-0.16253693485302345,-0.5462530417553809,-0.5412078913906301,-0.6736008022713573,-0.7671462539282357,0.24562777104147324,-0.42399470782210064,0.07528136403850191,-0.518036102723583,-0.1278743270009146,-0.8382107092300103,1.3494754442969217,-0.19852678100223115,-0.46208052143182476,-0.08224954818390678,0.11763294314387364,-0.029490378647237823,0.5330512874162667,-0.6590044815881647,-0.018874873400669248,0.42595005300891015,0.4918308374913518,-0.030563917551956223,-0.570796844062472,-0.3479678230902031,-0.220425154977656,-0.5271296807033533,-0.009793872209502645,-0.3801670670748627,-0.24890517434768925,-0.2717843824893269,0,48.79166666666667,20.541666666666668,Rupicapra_rupicapra,99
460,-1.1682625627006245,0.24484496108260523,-1.1810143614728057,-0.5381049103732426,-1.0270670518843645,0.7603838523788149,-0.5197955231687048,0.01734501981143255,-0.20241619112707812,-0.41359981143538266,0.10525461124516652,-0.12784702803299614,-0.11666736265195404,-0.6656651340533115,-0.4508881326249583,0.2985852193775005,-0.4100890893760072,0.13529331073308837,-0.07946531673477378,0.05006826671015958,-1.5813077645683296,-0.43939486249422643,0.09166362236176832,-0.19294340177502037,0.2314978840073525,0.16278400924736294,-0.3236333170525256,0.9114643204418659,-1.3971151290464705,-0.26022508253026966,0.9004361587647233,0.12086020434766843,0.34508032187680254,-1.1132179216560705,-0.25118919301613796,-0.4979096411920312,-0.3431985672451839,0.410466751574785,-0.8508945274277725,0.13880176531980837,0.14782610875736527,0,51.70833333333334,7.208333333333332,Rupicapra_rupicapra,64
461,-1.2431143782301177,-1.1846336016957595,-1.0896365718626844,-0.5105768543962061,-0.9724980583358226,0.225060298249287,-0.01604922498767199,-0.2475394251916565,-0.5273669050205059,-0.6187165901966581,-0.19485660420970155,-0.17566485817269725,-0.32893762702129203,-0.7128919556566533,-0.7885406023012533,0.4775665626796583,-0.3006066069599194,0.24385881807483786,-0.377112060539859,1.0063288719379648,-0.34281267233779744,-0.5380036718559998,-0.0635545003678128,-0.19294340177502037,-0.0675426372999415,-0.11103535938024953,-0.2255856709174297,0.21770709322826756,-0.5704312038931679,-0.17642292658249173,0.17921727801588735,0.2533497161846982,-0.15096271224066096,-0.8260538217535772,-0.5415250832383333,-0.05408830080202572,-0.27543447281322675,0.025227846439187993,-0.2425698094332429,0.13880176531980837,-0.23763004017854966,0,50.70833333333334,20.875,Rupicapra_rupicapra,76
462,1.1645809238162432,0.5307406736382781,0.646541430729619,0.13983780854781827,0.6046969548971799,-0.8044081128374045,-0.28702996577968104,-0.3688627887138266,0.20191333042739107,0.10143054543198449,0.34072648798667843,0.350331273364015,0.09560290171738395,-0.26675342750044445,1.4286134069388452,1.01167188604998,0.6631909244384311,-1.2778051733093898,0.21186196329525658,-0.3998516247056459,1.3910804567849475,-0.10133408330716993,0.3751054116940469,0.4177908312923435,0.398176207358959,-0.4198103920879827,-0.6088628330818957,-0.349912456310131,-0.7771021851814935,-0.5753211888939146,-0.20986132870387939,-0.8383638613524271,-0.06909153185234174,0.09925272237667916,-0.05763193286800776,-0.309843232655885,0.5667764151268119,0.4905163942003636,-0.2860215750042807,-0.5515057126247606,0.9870470912507497,0,40.12500000000001,-3.041666666666667,Rupicapra_rupicapra,203
463,-0.49120708289881615,0.5307406736382781,-0.906880992642442,-1.1103462560984563,-2.104046375248139,2.05751404053027,-0.6483376422568382,0.7990590648091616,-1.0404152492195913,-1.0319564793499305,-0.3287523772587965,-1.2754749513858228,-1.390288948867982,-0.6699232943359157,-0.8872166325154341,-1.0690958040219245,-1.670605586093592,-0.9711418023434014,-0.8428565407614043,-0.37381124513817166,-1.7464404435324004,1.3901390354303684,-0.6439353070958117,-1.3833575848724247,-0.24402556790752486,1.1677593515508342,0.4964015415319131,2.2674443554502623,-1.1904441477581449,0.6113173393266207,2.1341000337298373,1.3662616156157483,0.8170435970565251,-1.8789888547293863,-0.5899143982753658,-0.6032883649934709,-1.6403969463712205,-0.08484041217098258,-1.1043631599254933,-0.9581251859345751,-0.48158962811267303,0,46.54166666666667,9.791666666666666,Rupicapra_rupicapra,126
464,-0.12271714086475285,-0.00020850682225728276,-0.6327476238120783,-0.9943851554003045,-2.104046375248139,1.872209780532433,-0.5545366471811899,0.43971365880988683,-1.0251423647075935,-1.0301265383573175,-0.3287523772587965,-1.3352472390604493,-1.390288948867982,-0.7341827201524634,-0.9355358592144556,-0.7416753984607498,-1.2659711559128222,-0.7134202800415067,-0.8706621813716457,-0.22046234324082314,-1.7464404435324004,2.224660746647664,-0.6304380790323699,-1.3108975911186695,-0.2783416933034438,0.8735491788764846,0.3359599387653925,1.731359225330664,-1.101870870063148,0.4403609411931537,1.6311447616286754,1.2284725233052374,0.5617981523164711,-1.3684748993471758,-0.4447464531642682,-0.5086782699016673,-1.456465832913051,-0.1498807468042652,-0.8726204102132914,-0.8824750513653072,-0.5157439704234503,0,46.95833333333334,12.291666666666664,Rupicapra_rupicapra,121
465,-0.25057181999652606,1.1433743434004344,-0.17585867576147213,-0.3947954882613848,-0.19375336396418116,0.10152408400999609,-0.5475883958733186,-0.1284299954280094,-0.10957313001467019,-0.36507369761341446,0.16989394995852275,-0.11589257049807085,-0.11666736265195404,-0.5897925505418815,-0.3330008740378735,0.41374579668076766,-0.2099262432516893,-1.6565217906058658,0.0064793906059727015,-0.2855632921595088,0.2351517040364509,-0.595405599307945,0.1591497626789775,-0.09978055266304961,0.2854232239152252,-0.09501401334352752,-0.5019017645708819,0.7853266427666662,-1.5447372585381316,-0.46470234304284774,0.6537033837717005,-0.2819079116369021,0.1476262985873268,-0.8579609439649654,-0.15441056294207287,-0.5261772915548262,-0.19798979346241863,0.46049777821577165,-0.814684722785241,-0.7784561163325641,0.2161347933789198,0,48.45833333333334,1.9583333333333328,Rupicapra_rupicapra,103
466,-0.680294275069249,-0.16357748542549896,0.9206747995599827,-0.5127823296093771,-0.5401147408742308,-0.08378023734894026,-0.2488147823766958,-0.26923591972203015,-0.5376158143640833,-0.629010008280106,-0.07942921365013692,-0.22348268831239837,-0.32893762702129203,-0.6844397322252157,-0.7578317122299734,0.433866557570988,-0.3090283363765416,0.2355076252023956,-0.31202158365679367,-0.22624909425581743,0.9782487593747701,-0.07744226109350008,-0.029811430209208203,-0.2136462571332361,0.05011264977178072,-0.26833584774079283,-0.39494069605986815,0.06003499613426795,-0.5999556297915002,-0.34737932471595867,0.03687144628914341,-0.01692888796284254,-0.24728174799162475,-0.9217751883877416,-0.4447464531642682,-0.23888566133703232,-0.31415681248863087,0.19533333701854252,-0.5177643247164825,0.1198892316774914,-0.13028782148753537,0,50.29166666666667,14.041666666666664,Rupicapra_rupicapra,81
467,1.0826469261508447,0.24484496108260523,0.1896524826790128,-0.4681166204115587,-1.7368426749152381,1.0074562808573968,-0.3877792784266359,0.07805591991085292,-0.34503009957463693,-0.6143704803392024,0.04061527253181032,-0.15175594310284668,-0.32893762702129203,-0.6122446566492274,-0.6964138765683656,0.29661218390520494,-0.32724276746715364,0.2174457498351719,-0.18310452264567395,0.028367950403931017,-1.0033433881940812,1.8125272341207774,0.044423324139721894,-0.1825919740959125,0.15306102595953766,0.42495148984826847,-0.03840380102315564,1.3529461923050647,-1.2199685736564772,0.014645988978441918,1.2705353212542574,0.5554258031731261,0.4125036469024772,-0.9217751883877416,-0.29957850805317054,-0.3792624284447897,-0.2851150577320778,0.31040469829281175,-0.6626035432866085,0.14825803214096683,-0.027824794555203553,0,48.04166666666667,7.958333333333332,Rupicapra_rupicapra,108
468,-1.0818787962645278,-0.7762111551876553,-0.906880992642442,-0.43781122918212845,-0.7144323812396084,0.32800713322184627,-0.39820158912500725,-0.11573678772428911,-0.23497155021844196,-0.5796016014795565,0.049849463776575495,-0.15175594310284668,-0.32893762702129203,-0.6242449097560161,-0.3849585970577192,0.4076888998519052,-0.2539934007846441,0.2900816134076254,-0.1527710965254105,0.3567660705048566,-2.2418384804246134,-0.3604355203673693,0.07141778026660557,-0.1515376910585889,0.17757254409947978,0.006940006890157966,-0.3592870065561969,0.7853266427666662,-1.2790174254531415,-0.3105063760989364,0.6631931058868167,0.041366497245450565,0.1379943950122304,-0.8260538217535772,-0.25118919301613796,-0.39406929292053944,-0.2367121331378227,0.34042331427740374,-0.6698455042151149,0.17662683260444226,0.13318853348131787,0,48.87500000000001,7.374999999999999,Rupicapra_rupicapra,98
469,-0.18862636167145627,0.44905618433665734,0.37240806189925524,-0.21479279386818634,-0.49615640704544056,0.4103646042679486,-0.5406401445654475,-0.018914247338433183,-0.13248245678266696,-0.3821313618659851,0.22991619304949637,-0.21152823077747307,-0.11666736265195404,-0.4119178063934448,0.7333695788125199,0.37392324737251353,-0.2724037277476714,-1.6538027743178736,-0.003631751434115121,0.4131868929010508,1.2259477778208765,0.122992596172008,0.13890392058381476,-0.12048340802126532,0.2854232239152252,0.23415182341094276,-0.18993198141375844,0.7537922233478662,-1.2494929995548092,-0.17977501282040284,0.8624772703042581,-0.23951126784905258,0.5425343451662783,-0.3155398663713668,0.039146697206057346,-0.5277156670847741,-0.11086452919275945,0.3904543409183904,-0.648119621429596,-1.0432315873250013,0.7333291197992614,0,42.62500000000001,-1.1250000000000002,Rupicapra_rupicapra,173
470,-1.5623938956721561,-0.28610421937793024,1.6516971164409524,-0.2436441549159339,-0.037246476424072666,-0.31026325588024095,-0.09942784310151358,-0.29875500522280785,-0.1899232395416062,-0.3141948025152297,-0.010172779314398124,0.06342429252580832,0.09560290171738395,-0.6091478010609482,-0.6642495824168512,0.8596364100198514,0.12322150953638457,0.664137144595118,-0.13444465157775132,-0.25807622483828596,0.8956824198927347,-0.45256127143148295,0.1524011486472566,0.12795085627732336,0.12854950781959554,-0.24357558568404067,-0.48407491981904627,0.2807759320658674,-1.101870870063148,-0.46805442928075885,0.24564533282170117,-0.20771378500816542,-0.07872343542743812,-0.5069825996396957,-0.39635713812723566,-0.11696940058865128,0.09242775410311195,0.2353581583313318,-0.27153765314726813,0.4319460367757212,-0.027824794555203553,0,47.62500000000001,18.291666666666668,Rupicapra_rupicapra,113
471,-1.7102578033174276,-2.001478494711968,1.46894153722071,-0.5987647521414837,-0.28129114402391886,0.10152408400999609,-0.6552858935647093,-0.1589330160379982,-0.18352604449381762,-0.4233050341997763,0.1837452368256705,-0.1995737732425478,-0.11666736265195404,-0.650568043816849,-0.48785526856910366,0.08900964356589781,-0.5321060685560514,0.014298289825134963,-0.013742893474202943,1.3506405573301246,0.1525853645544154,-0.5943217960605989,0.10516085042521016,-0.2654033955287754,0.29522783117120205,-0.2377496416706872,-0.5732091435782244,0.34384477090346727,-1.4266395549448028,-0.5384482402768923,0.37850144243332884,-0.31900497495127045,-0.030563917551956223,-1.1770321660788468,-0.20279987797910543,-0.6498242247743987,-0.43032383151484305,0.44548847022347565,-0.9667659022838734,0.07260789757169901,0.18685964282682502,0,52.45833333333334,0.1249999999999997,Rupicapra_rupicapra,55
472,1.043109373071081,0.36737169503503647,0.4637858515093765,-0.5573010603071405,-0.9471083248071932,0.8015626109122782,-0.5128472718608337,0.023396407471866703,-0.23215812412412656,-0.5903525048111575,0.0821691331332536,-0.15175594310284668,-0.32893762702129203,-0.6805686858131235,-0.47170033602159656,0.2899299090480052,-0.4306536732365246,0.11490096639800086,-0.10221538632497139,-0.3116036717269831,0.07001902507237993,-0.47179951033360346,0.07141778026660557,-0.20329482945412822,0.22169327675137562,0.16860995326071637,-0.30580647230069,1.0691364175358655,-1.3971151290464705,-0.25352091005444743,0.9383950472251883,0.13145936529463081,0.3691600808145435,-1.1451250438674587,-0.29957850805317054,-0.48944857577731704,-0.3625597370828859,0.4054636489106863,-0.8581364883562788,0.12934549849864987,0.13318853348131787,0,51.79166666666667,7.958333333333332,Rupicapra_rupicapra,63
473,0.45656548716564677,0.44905618433665734,0.9206747995599827,-0.10244218911252932,0.28258828732620084,-0.5161569871864584,-0.40514984043287844,-0.2964426723230486,-0.07741968893678,-0.3436045684679377,0.20683071493758343,-0.10393811296314558,-0.11666736265195404,-0.39991753482805076,0.9295573492881226,0.7112490191653256,0.28558437179734125,0.11839681802305242,0.003951605095950746,-0.1727216473671203,1.3910804567849475,-0.5099043604400082,0.17939560477414027,0.03478800716535261,0.2903255275432136,-0.3018350258175752,-0.5286420316986353,0.028500576715468028,-1.101870870063148,-0.5384482402768923,0.11278922321007351,-0.6263806424131795,-0.0016682068266670863,-0.15600425531442605,-0.05763193286800776,-0.42041397387089935,0.15051126361621806,0.40046054624658767,-0.46707059821693836,-0.23944890752653075,0.8065169961794985,0,41.708333333333336,-3.291666666666667,Rupicapra_rupicapra,184
474,-0.10727133167146478,-1.3480025802990012,0.0068969034587703275,-0.37831126116737324,-0.598094228757801,0.5956689179567476,-0.5128472718608337,-0.0032199315140169975,-0.1304728667152988,-0.3791903852707143,0.2160649061823486,-0.020256910218668628,-0.11666736265195404,-0.4529509537374389,0.7052803827742332,0.08600402018922274,-0.5614841735780213,-1.5145515858609753,-0.006159536944137076,0.8515332822868678,0.8956824198927347,1.6711443584816958,0.14565253461553568,-0.09978055266304961,0.28052092028723674,0.21084804735752893,-0.1542782919100872,0.438448029159867,-1.101870870063148,-0.10602911558635827,0.7486006049228631,-0.23421168737557138,0.407687695114929,-0.8260538217535772,-0.20279987797910543,-0.5009863922519272,-0.20767037838126964,0.395457443582489,-0.7277811916431653,-0.7500873158690886,0.7382083115579439,0,43.95833333333334,6.958333333333332,Rupicapra_rupicapra,157
475,-0.37837817501340176,-0.4903154426319823,0.4637858515093765,-0.5892892257339428,-0.6515263426751963,0.5956689179567476,-0.6483376422568382,-0.026982789242634978,-0.22974661604328478,-0.4462446516428885,0.16527685433614014,-0.24739160338224891,-0.11666736265195404,-0.6408904185573155,-0.4797050723426481,0.09738377183518235,-0.5178088077898968,-1.88316910299414,-0.04407631959446641,0.3017919358624109,0.2351517040364509,0.05672359447952473,0.07141778026660557,-0.30680910624520685,0.2658140094032715,0.00839649289349633,-0.40385411843578595,0.7222578039290662,-1.3971151290464705,-0.34737932471595867,0.7391108828077468,-0.20241420453468423,0.25839318970093517,-1.1132179216560705,-0.15441056294207287,-0.6336712817099445,-0.4400044164336941,0.43047916223117966,-0.9522819804268607,-1.0810566546096354,0.15270530051604775,0,51.62500000000001,-0.9583333333333334,Rupicapra_rupicapra,65
476,1.2961636701553543,0.08147598247936355,0.0068969034587703275,-0.3486103364693763,-1.7838326154812139,0.9456881737377513,-0.14111721842186978,-0.0013011951792028134,-0.5128978565354553,-0.6127692819706662,-0.06096083116060657,-0.21152823077747307,-0.32893762702129203,-0.6008250558896012,-0.6665782178414168,0.5962892461819499,-0.07047811762115534,0.4720598567022016,-0.3088618517692662,-0.2031020901958403,-1.0033433881940812,0.4392523453649631,-0.016314202145766368,-0.1308348357003732,0.025601131631838584,0.5196230800652621,0.07747068986377594,0.9114643204418659,-0.9247243146731547,0.18560238711190885,0.8529875481891419,0.8257044073206669,0.20541772003790507,-0.41126123300553125,-0.3479678230902031,-0.15465960107237792,-0.1399062839493125,0.11528369439296392,-0.27153765314726813,0.19553936624675922,-0.1400462050049003,0,46.54166666666667,15.041666666666664,Rupicapra_rupicapra,126
477,-0.0911566219231922,0.44905618433665734,0.37240806189925524,-0.0936200888317588,0.054838677601840045,-0.5779250329450049,-0.4155721511312498,-0.30441281508601414,0.03632310887625657,-0.16476051395774793,0.30378972300761775,0.25469561308461275,-0.11666736265195404,-0.2977218357143933,-0.6073435021799227,0.3564235849897757,0.105594766063018,0.07392187441616274,0.11517416753691678,0.4131868929010508,1.2259477778208765,0.5366245935952766,0.26037897315479125,0.16935656699375481,0.3540554747070631,-0.3498990639277412,-0.5197286093227176,0.028500576715468028,-0.954248740571487,-0.5317440678010701,0.12227894532518978,-0.5945831595722924,-0.20393818190369103,-0.28363274415997863,-0.05763193286800776,-0.41252979927991573,0.14083067869736704,0.45549467555167295,-0.553974129359014,-0.14488623931494599,0.113671766446588,0,39.87500000000001,-1.0416666666666672,Rupicapra_rupicapra,206
478,1.2862750025019414,-1.3480025802990012,-1.1810143614728057,-0.5887991312103541,-0.35291289836442613,0.08093470474326445,-0.23144422037045329,-0.24876938630553405,-0.3949349195809457,-0.591267475307464,-0.04710954429345881,0.015606462386107205,-0.32893762702129203,-0.7279890458931159,-0.8048410780327362,0.39999168098454235,-0.3981419813797579,0.1471403552305822,-0.23050050095858562,0.4970947826184679,-1.7464404435324004,-0.46718078301572025,0.044423324139721894,-0.07907769730483388,0.09913568605166498,-0.2421190996807023,-0.48407491981904627,0.21770709322826756,-1.1313952959614804,-0.4512939980912033,0.23615561070658492,-0.18121588264075947,-0.09798724257763088,-1.2408464105016233,-0.5899143982753658,-0.219271373330195,-0.26575388789437576,0.2603736716518251,-0.5757000121445329,0.2428207003525516,-0.10101267093544056,0,53.70833333333334,14.291666666666664,Rupicapra_rupicapra,40
479,1.559655449364138,-0.08189299612387813,0.281030272289134,-0.23509985796023322,0.08477571281743845,0.12211343259617825,-0.42599446182962114,-0.09940290563341299,0.12715657992129636,0.0363696076410494,0.27608714927332223,0.37424018843386553,0.09560290171738395,-0.4045628274397721,0.9030689894759505,0.3444072528429605,-0.044038002411105476,-1.433952965606266,0.16320209222733395,-0.1886352126583546,-0.5905116907839039,0.4364726312296047,0.32111649944027953,0.24181656074750985,0.39327390373097054,0.04335215697361707,-0.18993198141375844,0.438448029159867,-0.954248740571487,-0.17642292658249173,0.42595005300891015,-0.48329196962918736,0.42213555047757356,-0.9855894328105179,-0.3479678230902031,-0.4213754585771169,0.11178892394081398,0.5355443181772516,-0.6915713870006338,-0.49476811169780965,0.9041008313531478,0,41.708333333333336,14.45833333333333,Rupicapra_rupicapra,184
480,0.17942589818844,0.44905618433665734,-0.5413698342019571,-0.5507825538583022,-1.0600358383955604,0.7809732316455466,-0.5093732124703335,0.0160658497430783,-0.22572743590854852,-0.5216643625527219,0.08678622875563619,-0.1398014855679214,-0.32893762702129203,-0.6794073626601931,-0.46471442974789984,0.2980517016238138,-0.4234071696296243,0.12208677661325538,-0.09715981530492747,-0.36802449412317734,0.1525853645544154,-0.531440365532507,0.07816639429832649,-0.20329482945412822,0.22169327675137562,0.15987103724068621,-0.3147198946766078,1.0691364175358655,-1.3971151290464705,-0.25687299629235855,0.9289053251100721,0.12615978482114962,0.35952817723944713,-1.1451250438674587,-0.29957850805317054,-0.48579493389369044,-0.3528791521640349,0.4054636489106863,-0.8508945274277725,0.12934549849864987,0.13318853348131787,0,51.70833333333334,7.958333333333332,Rupicapra_rupicapra,64
481,-0.003410694809671502,0.48989842898746777,1.9258304852713162,0.11106791387357463,0.5414118841765129,-0.7220505957704779,-0.2766076550813097,-0.3540048562060601,0.16654454524171186,0.0723148771388036,0.32225810549714806,0.32642235829416444,0.09560290171738395,-0.2835925116956051,1.4069281109954954,1.0045597163098885,0.6340088647136456,-1.3108215086089723,0.18595216181753155,-0.08013363112721178,1.308514117302912,0.3335447895726715,0.3481109555671632,0.3970879759341278,0.3785669928470053,-0.3790287839945085,-0.5642957212023066,-0.3183780368913311,-0.7475777592831614,-0.5317440678010701,-0.20986132870387939,-0.8383638613524271,-0.0016682068266670863,0.03543847795390286,-0.10602124790504032,-0.2996514947699793,0.5474152452891098,0.4755070862080676,-0.2787796140757744,-0.5893307799093944,0.9772887077333848,0,40.12500000000001,-3.3750000000000004,Rupicapra_rupicapra,203
482,0.8450263243128009,-2.695796653775745,0.1896524826790128,-0.3620068184937138,-0.1804901296634991,0.34859649714830315,-0.6587600192186449,-0.0022851865915654614,-0.005476364525000685,-0.08260923439651699,0.2714700536509396,-0.03221136775359391,0.09560290171738395,-0.5224362691370547,0.7621865185302096,0.2876185589056553,-0.2336245633717727,-1.7746036882606755,0.1328686661070705,3.121386367918375,-1.0033433881940812,-0.5172693741833543,0.2333845170279076,-0.058374841946618156,0.37366468921901685,0.07248187704038435,-0.27906620517293657,0.7537922233478662,-1.1609197218598126,-0.22000004767533624,0.6631931058868167,-0.3508024577921576,0.4558472129904109,-0.8898680661763535,-0.009242617830975207,-0.6255948101777173,-0.19798979346241863,0.5455505235054489,-0.9377980585698482,-0.8730187845441488,0.7626042703513563,0,47.04166666666667,-1.2083333333333333,Rupicapra_rupicapra,120
483,1.3131016016102732,0.12231822713017397,-0.5413698342019571,-0.4671526847534647,-0.7102638948712764,0.5956689179567476,-0.5441142702193831,-0.008238193878480543,-0.1509706854024538,-0.38566053378031007,0.13295718497946205,-0.17566485817269725,-0.11666736265195404,-0.6319870025802007,-0.4066440595582125,0.3854001804675699,-0.29962742644738194,-1.7089594538516972,-0.04913189061451032,-0.28845666766700595,0.2351517040364509,-0.5149746797813598,0.12540669252037293,-0.1618891187376968,0.2560094021472946,0.12928483117058057,-0.38602727368395034,1.0060675786982656,-1.485688406741467,-0.327266807288492,0.9668642135705371,-0.027528048909804922,0.31136865936396524,-0.9217751883877416,-0.15441056294207287,-0.5100243484903718,-0.3044762275697798,0.41546985423888366,-0.8291686446422536,-0.8068249167960394,0.18685964282682502,0,50.79166666666667,4.624999999999999,Rupicapra_rupicapra,75
484,-1.1324976482529745,0.48989842898746777,0.09827469306889156,-0.4017387765353479,-1.3476598076679418,1.336886165041806,-0.2939782170875522,0.25266115159154995,-0.31371398769148345,-0.59492735729269,0.022146890042279977,-0.08002919789329502,-0.32893762702129203,-0.5808891345647667,-0.6718176614264513,0.39844321922069253,-0.1940621143557517,-1.6295260680809198,-0.1812086835131575,-0.3318573002794631,-0.26024633285576193,2.8680768371416376,0.06466916623488465,-0.08942912498394175,0.14325641870356082,0.9245261889933274,0.3003062492617213,2.2359099360314625,-1.2199685736564772,0.4168963375277759,1.9727747577728607,0.5024299984383142,0.9374423917452298,-0.9217751883877416,-0.39635713812723566,-0.2981131192400313,-0.15926745378701454,0.2903922876364171,-0.5394902075020014,-0.9392126522922581,-0.05222075334861589,0,45.37500000000001,15.041666666666664,Rupicapra_rupicapra,140
485,-1.1408726650540597,-0.36778870867955105,0.1896524826790128,-0.4668913342455652,-1.4405028091687464,1.1309924950966874,-0.3773568352013938,0.11588946071419574,-0.5641424032533429,-0.6539429543044573,-0.005555683692015537,-0.3549817211965764,-0.32893762702129203,-0.6023734744544381,-0.02401971761672064,0.2789864937066356,-0.3156874512157347,0.22890428405585117,-0.28674372855657415,0.1629099115025481,-1.0033433881940812,0.06574197386349194,-0.04330865827265004,-0.3171605339243147,0.08933107879568812,0.558948202155398,-0.0829709129027447,1.668290386493064,-1.485688406741467,-0.05239573577978041,1.6026755952833267,0.4494341937035023,0.7496202720308505,-0.7622395773308009,-0.29957850805317054,-0.37868553762105917,-0.3625597370828859,0.22034885033903584,-0.5901839340015456,0.02532656346590662,0.2210139851376023,0,46.62500000000001,6.708333333333332,Rupicapra_rupicapra,125
486,0.423703640628631,0.3265294503842261,0.1896524826790128,-0.21399228952731753,-0.8610864565348572,0.739794488452358,-0.24534059045932483,-0.006024241352240373,-0.2602923850672805,-0.3736025297396998,0.049849463776575495,-0.16371040063777198,-0.11666736265195404,-0.5055972218591045,-0.5818740001746294,0.6103357464109043,0.07308292478148211,-1.4995971629719305,-0.17236143422808065,-0.34777086557069736,0.31771804351848637,0.8249783388195718,0.10516085042521016,-0.03767198658840243,0.14815872233154925,0.46718958394508103,-0.10971118003049814,1.6367559670742642,-1.456163980843135,-0.06580408073142488,1.4698194856716988,0.2003539114498863,0.5955098148293084,-0.28363274415997863,-0.20279987797910543,-0.26599953005236626,-0.01405868000424926,0.23035505566723316,-0.34395726243233116,-0.9013875850076242,-0.022945602796521084,0,43.70833333333334,19.041666666666668,Rupicapra_rupicapra,160
487,1.60712921784745,0.8166363861939511,0.09827469306889156,-0.10151095966068906,-0.5495885209628357,0.24564966217574388,-0.5545366471811899,-0.030279076019322487,0.07088805803498853,-0.013953769655806475,0.3176410098747655,-0.03221136775359391,0.09560290171738395,-0.42353096408832697,-0.12866290733581515,0.6880884673572492,0.19862543196592264,-1.6782736986499205,0.15056316467722416,-0.35211092883194306,-0.34281267233779744,0.26343483933761497,0.2873734292816749,0.08654514556089192,0.3785669928470053,0.21813047737422075,-0.27015278279701876,1.0060675786982656,-1.4266395549448028,-0.24346465134071407,1.1566586558728622,-0.054025951277210875,0.47992697192815187,-0.15600425531442605,0.13592532728012247,-0.5346383569695403,0.08274716918426094,0.4905163942003636,-0.648119621429596,-0.8635625177229903,0.31371862855256916,0,45.12500000000001,1.4583333333333328,Rupicapra_rupicapra,143
488,1.564331432928825,0.44905618433665734,0.37240806189925524,-0.1536101513701027,-0.18238485676953767,-0.1661376930547679,-0.47463208845784843,-0.20025971697136982,-0.15740137361803186,-0.39301297526848705,0.19759652369281827,-0.28325497598702476,-0.11666736265195404,-0.41753084676423524,0.8757076481551628,0.6092345433623498,-0.08085835748762163,0.024203079285067822,-0.036492963064400544,0.4131868929010508,1.2259477778208765,0.8216634682773893,0.12540669252037293,-0.08942912498394175,0.2658140094032715,-0.09792698535020425,-0.40385411843578595,0.438448029159867,-1.2494929995548092,-0.4110689632362699,0.47339866358449145,-0.4567940672617814,0.1861539128877123,-0.12409713310303788,-0.009242617830975207,-0.47502630518405425,0.024663659671154817,0.3704419302619957,-0.5177643247164825,-0.3340115757381155,0.7479666950753089,0,42.208333333333336,-2.6250000000000004,Rupicapra_rupicapra,178
489,0.09628406099727925,0.44905618433665734,0.1896524826790128,0.06483390220027241,0.6433498504472853,-0.1661376930547679,-0.42599446182962114,-0.14259913394712206,0.31163694810569137,0.3517403312072546,0.42845130481194754,0.5416025939228194,0.5201434304560599,-0.16204152514567036,1.1775571608019755,0.4593617046518899,0.08405070284042472,-1.4022961199290227,0.327508150378761,-0.32896392477196595,1.308514117302912,0.9123434439859215,0.449340166042977,0.45919654200877497,0.49622227991872747,0.03315675495024852,0.01507673323235124,-0.5706533922417305,0.04958173997180889,0.08503979997457536,-0.39965577100620464,-0.8966592465607203,0.9229945363825853,-0.5069825996396957,-0.15441056294207287,-0.4288750392856135,0.42156764134404656,0.6005846528105342,-0.553974129359014,-0.6176995803728699,0.9919262830094322,0,36.458333333333336,3.2916666666666665,Rupicapra_rupicapra,247
490,0.8237236850632704,-0.0410507514730677,0.0068969034587703275,-0.5838652803401264,-1.021003838409994,0.34859649714830315,-0.24534059045932483,-0.19834098063655564,-0.5813243983293404,-0.6573740936656065,-0.12560016987396277,-0.3191183485918006,-0.32893762702129203,-0.7006981456146086,-0.7844655041880255,0.27562519182750267,-0.44260078123277385,0.10305392190050705,-0.38975098808996883,-0.19876202693459458,-1.0033433881940812,-0.16370516163049792,-0.09054895649469646,-0.3171605339243147,-0.003812690136091971,-0.11249184538358789,-0.2968930499247722,0.31231035148466735,-0.7475777592831614,-0.2334083926269807,0.23615561070658492,0.16325684813551797,-0.12206700151537182,-1.0174965550219062,-0.49313576820130073,-0.2488851022816945,-0.4400044164336941,0.13529610504935857,-0.5250062856449887,0.02532656346590662,-0.18395893083304252,0,50.62500000000001,15.291666666666664,Rupicapra_rupicapra,77
491,0.44054479218041726,-2.8591656323789865,0.4637858515093765,-0.6940430163748228,-1.1354471192273508,1.3780649235752693,-0.7351904522880508,0.3598153578268902,-0.3310299554386389,-0.6745297904713529,0.1421913762242272,-0.3669361787315017,-0.32893762702129203,-0.6774718486834496,0.40925237541026255,-0.07327525463308832,-0.7093540286251774,-1.921429197209643,-0.08199310224479574,3.4975251838930035,-1.2510424066401875,-0.2350083744766758,0.003931639949396387,-0.44137766607360907,0.24620479489131777,0.542926856118676,0.01507673323235124,1.6052215476554643,-1.3085418513514737,0.08168771373666425,1.431860597211234,0.15265768718855557,0.8796509702946516,-1.2727535327130113,-0.10602124790504032,-0.6940525212604044,-0.6336161148107144,0.43047916223117966,-1.097121198996987,-1.1283379887154277,0.5137654906585504,0,53.12500000000001,-1.9583333333333333,Rupicapra_rupicapra,47
492,1.6531121808025075,0.12231822713017397,0.4637858515093765,-0.6659267472554365,-1.329470094965624,0.7192051245259011,-0.33914165179840855,-0.1084062299955007,-0.6235257897440712,-0.6825357823140344,-0.11174888300681501,-0.34302726366165115,-0.32893762702129203,-0.7113435370918163,-0.8036767603204534,0.1130823566987814,-0.5902747404075148,-0.0433831879015877,-0.3865912562024414,-0.15102133106089174,-0.9207770487120457,-0.10128266509142214,-0.12429202665330105,-0.38962052767806976,0.015796524375861733,0.0025705488801428733,-0.26123936042110096,0.6276545456726665,-1.0428220182664836,-0.21664796143742512,0.5588061626205378,0.18975475050292392,0.056123214623911184,-1.2727535327130113,-0.49313576820130073,-0.309843232655885,-0.5561714354599063,0.1853271316903452,-0.6843294260721275,-0.04086730428220273,-0.18395893083304252,0,50.79166666666667,13.45833333333333,Rupicapra_rupicapra,75
493,-0.651185579510383,0.5715829182890886,-0.5413698342019571,-0.33112956722506043,-0.7015480345367693,0.06034535615708228,-0.18280659374222594,-0.2153636379483684,-0.3895760127346306,-0.5841764539610889,-0.02402406618154588,-0.12784702803299614,-0.32893762702129203,-0.6132124044082965,-0.6785124813321963,0.6560661996635268,-0.03796627633961945,0.5042993937080388,-0.2368199647336405,-0.3419841145557031,0.07001902507237993,0.6667169838540589,0.05117193817144281,-0.04802341426751029,0.08933107879568812,-0.06588429327676024,-0.30580647230069,0.34384477090346727,-0.8066266110798258,-0.2267042201511585,0.2930939433972825,0.17385600908248033,-0.10280319436517907,-0.5069825996396957,-0.3479678230902031,-0.18908075355496498,-0.08182277443620639,0.20033643968264117,-0.3511992233608375,0.27118950081602705,-0.0814959039007107,0,47.62500000000001,16.541666666666668,Rupicapra_rupicapra,113
494,1.299818922007002,0.04063373782855314,0.0068969034587703275,-0.4172916744634757,-0.3604919513469924,0.38977523267135433,-0.6830787662693232,-0.009517363946834794,-0.12082683439193176,-0.3886015103755809,0.22991619304949637,-0.22348268831239837,-0.11666736265195404,-0.5617274409809558,0.7214353153217403,0.2695741762967124,-0.2884637525160242,-1.8078142231336942,0.0519795297863679,-0.23637590853205742,-0.5905116907839039,-0.07497277801936593,0.1524011486472566,-0.20329482945412822,0.3246416529391326,0.055004045000323985,-0.3147198946766078,0.8799299010230659,-1.3085418513514737,-0.2736334274819141,0.7960492154984443,-0.27660833116342093,0.38842388796473626,-0.8260538217535772,-0.009242617830975207,-0.6536701635992688,-0.3044762275697798,0.4905163942003636,-0.9377980585698482,-0.9675814527557336,0.6942955857298017,0,48.45833333333334,-0.5416666666666673,Rupicapra_rupicapra,103
495,-1.680315510604392,0.20400271643179482,0.1896524826790128,-0.6814144321991438,-0.761422249526378,0.49272207531405093,-0.41904621052174995,-0.1529800087510831,-0.44952878307778005,-0.6310686918967955,0.026763985664662565,-0.0919836554282203,-0.32893762702129203,-0.7154081404391646,-0.5606251949855876,0.09410284769636865,-0.6178902308520557,-0.07076738366003416,-0.20585459223587155,-0.25084278606954313,-0.5079453513018684,-0.5531793874671491,0.010680253981117304,-0.22399768481234394,0.14325641870356082,-0.12996967742364826,-0.448421230315375,0.46998244857866694,-1.2494929995548092,-0.3909564458088032,0.42595005300891015,-0.08582343411809802,0.051307262836363,-1.3684748993471758,-0.49313576820130073,-0.38599282138831226,-0.4400044164336941,0.3054015956287131,-0.7712329572142032,0.11043296485633292,0.03560469830766853,0,53.79166666666667,11.45833333333333,Rupicapra_rupicapra,39
496,0.47069469465631864,0.44905618433665734,-0.906880992642442,-0.18979687631068437,-0.7125375095751578,0.6162582818832045,-0.5788553942318682,0.07564516910214023,-0.03923747765678539,-0.330076076129692,0.26223586240617447,-0.16371040063777198,0.09560290171738395,-0.46224146512646036,0.9845713958928891,0.5675649863976318,0.06564037587739745,-1.7140090131941812,0.07220181386654355,-0.4215519410118745,-0.7556443697479748,-0.33541650834112463,0.20639006090102394,-0.04802341426751029,0.329543956567121,0.3987347417881779,-0.11862460240641595,1.1952740952110652,-1.3675907031481382,-0.06915616696933599,1.2800250433693736,-0.006329727015880157,0.7159086095180132,-0.2517256219485905,0.13592532728012247,-0.5540603480351342,-0.062461604598504354,0.45549467555167295,-0.7060553088576464,-0.9581251859345751,0.7674834621100387,0,45.54166666666667,0.7916666666666666,Rupicapra_rupicapra,138
497,-1.270608231976714,0.5715829182890886,-0.44999204459183584,-0.5180265902968849,-0.4366610796536747,-0.02201213022929481,-0.12027259702512706,-0.28443825860798216,-0.5095820329242979,-0.6079656868650571,-0.12098307425158018,-0.1398014855679214,-0.32893762702129203,-0.7270212796754414,-0.8035312171364776,0.5961399732356428,-0.23871681008118287,0.3052302543917635,-0.32023688656436505,-0.3390907390482059,0.07001902507237993,-0.5033691600019496,-0.023062816177487285,-0.1308348357003732,0.005991917119884881,-0.24794504369405576,-0.36820042893211474,0.09156941555306787,-0.7475777592831614,-0.3540834971917809,0.07483033474960846,-0.027528048909804922,-0.1702265193908537,-0.9217751883877416,-0.5415250832383333,-0.11735399447113828,-0.21735096330012066,0.14029920771345722,-0.36568314521785006,0.19553936624675922,-0.17420054731567758,0,52.79166666666667,17.875,Rupicapra_rupicapra,51
498,0.28598504843091294,-0.28610421937793024,1.6516971164409524,-0.23599838120581976,-0.01754099649276501,-0.33085266582752204,-0.07510916231427069,-0.2989518035052804,-0.1401858853742448,-0.27978537635056133,-0.0009385880696329512,0.1829688678750611,0.09560290171738395,-0.6033412406721125,-0.6568270465912269,0.8405653208046011,0.11852090514703557,0.6313149903473148,-0.08578478050982867,-0.25807622483828596,0.8956824198927347,-0.5253596821648172,0.1928928328375821,0.20041085003107842,0.14815872233154925,-0.24503207168737903,-0.46624807506721067,0.34384477090346727,-1.101870870063148,-0.47475860175658113,0.2646247770519337,-0.22891210690209018,-0.06909153185234174,-0.6027039662738601,-0.4447464531642682,-0.10100875446544051,0.14083067869736704,0.26537677431592377,-0.2787796140757744,0.35629590220645335,-0.0034288357617912155,0,47.12500000000001,18.45833333333333,Rupicapra_rupicapra,119
499,0.14923728375128556,0.04063373782855314,0.4637858515093765,-0.9320752954979669,-2.104046375248139,1.7692629148793242,-0.5649589578795612,0.4043891365824726,-0.9777160391177054,-0.9692156453174868,-0.23179336918876223,-1.0722491732920931,-1.390288948867982,-0.7026336780499574,-0.8381697037762954,-0.6772695833345881,-1.183712521621214,-0.6318506063546451,-0.7139394797502845,-0.227695782009566,1.0608150988568057,1.7371731737143161,-0.4954657983979516,-1.1142204652156202,-0.1802956207436753,0.7890729906828595,0.3181330940135569,1.731359225330664,-1.0428220182664836,0.40684007881404255,1.6216550395135592,1.1754767185704256,0.5617981523164711,-1.4003820215585638,-0.39635713812723566,-0.516947038375138,-1.2918958892925838,-0.04481559085819328,-0.9015882539273167,-0.7028059817632962,-0.39864336821507107,0,47.20833333333334,10.45833333333333,Rupicapra_rupicapra,118
500,1.1010651292670108,0.20400271643179482,-0.26723646537159335,-0.4944193902226016,-0.3661761326651082,-0.10436958593512242,-0.12027259702512706,-0.29437634666023865,-0.49873024656050996,-0.6022471212631417,-0.10713178738443242,-0.12784702803299614,-0.32893762702129203,-0.7177307682864199,-0.792615728174005,0.6290741221923595,-0.2011127220902368,0.34251938778339863,-0.3050701735042333,0.01968782388143959,0.2351517040364509,-0.5560113024394996,-0.00956558811404545,-0.11013198034215746,0.015796524375861733,-0.26687936173745447,-0.37711385130803254,0.09156941555306787,-0.7180533333848291,-0.3641397559055143,0.046361168404259676,-0.043426790330248495,-0.18949032654104647,-0.8579609439649654,-0.49313576820130073,-0.12177682411973886,-0.18830920854356759,0.1453023103775559,-0.3511992233608375,0.21445189988907618,-0.16444216379831264,0,52.45833333333334,17.875,Rupicapra_rupicapra,55
501,1.1853205278742158,0.1631604717809844,-1.3637699406930481,-0.6802544587316143,-0.8277387101466125,1.0074562808573968,-0.5058990205529625,0.03382649123030447,-0.3117378907919048,-0.5519890990017363,0.05446655939895808,-0.18761931570762252,-0.32893762702129203,-0.7303116737403712,-0.5725594584763671,0.15654710988456622,-0.5941919107319723,-0.4067569090755183,-0.16288223856549833,0.0732152707701367,-2.1592721409425777,-0.6104443782125715,0.017428868012838224,-0.2654033955287754,0.17267024047149138,0.17880535528408492,-0.23449909329334753,0.7853266427666662,-1.101870870063148,-0.17642292658249173,0.6537033837717005,0.15265768718855557,0.29692080400132065,-1.4003820215585638,-0.4447464531642682,-0.45175837529359036,-0.46904617119024716,0.35543262226969974,-0.8653784492847851,0.02532656346590662,0.05024227358371593,0,54.37500000000001,9.374999999999998,Rupicapra_rupicapra,32
502,0.12223871926405433,0.24484496108260523,-0.6327476238120783,-0.6289231648708592,-1.224879554113921,0.6574370174062557,-0.3252451491826662,-0.12247698814109431,-0.642214977370595,-0.6939729135178654,-0.12098307425158018,-0.4147540088712028,-0.32893762702129203,-0.7024401211147014,-0.539230818853046,0.18141687893713085,-0.5240761308842595,0.022260972420762703,-0.4118691113026609,-0.38827812267565737,-1.0033433881940812,-0.43290155185826684,-0.1445378687484638,-0.42067481071539337,-0.008714993764080397,0.0040270348834812375,-0.24341251566926533,0.6276545456726665,-1.0132975923681515,-0.20323961648578065,0.5588061626205378,0.21095307239684868,0.08020297356165214,-1.0813107994446824,-0.4447464531642682,-0.30080527641744037,-0.5368102656222042,0.15530851570575321,-0.6263937386440771,-0.06923610474567816,-0.06685832862466329,0,50.12500000000001,12.95833333333333,Rupicapra_rupicapra,83
503,-0.6886512526230836,0.44905618433665734,0.646541430729619,0.16107610209170542,0.5694544814028967,-0.24849521012169445,-0.3947273972076363,-0.1763000609602793,0.13921412032550518,0.04643428310042057,0.3361093923642958,0.14710549527028527,0.09560290171738395,-0.19204214868333952,1.354679357126746,0.7802778146380002,0.3339603419748147,-1.411229930043431,0.17331323426742176,-0.3564509920931888,0.8956824198927347,-0.18521738481993674,0.33461372750372137,0.29357369914304915,0.398176207358959,0.03024378294357179,-0.029490378647237823,-0.41298129514773085,-0.2161380931131812,-0.0088186146869359,-0.20986132870387939,-0.80656637851154,0.8603871631444588,0.13115984458806731,0.039146697206057346,-0.40695318798385416,0.40220647150634453,0.4805101888721663,-0.3946509889318753,-0.9108438518287827,0.9041008313531478,0,36.37500000000001,6.791666666666668,Rupicapra_rupicapra,248
504,-0.6168175875012826,0.28568720573341566,1.0120525891701038,-0.33299202612874096,-0.7837803763178222,0.43095397202947416,-0.3877792784266359,-0.06604636623072409,-0.10635778590688116,-0.3444868614465189,0.12834008935707944,0.015606462386107205,0.09560290171738395,-0.5582434899807702,-0.2903576927162901,0.47665468141666406,-0.11924587954345917,-0.5324131642657111,-0.05418746163455423,-0.24794941056204597,0.31771804351848637,0.18126633923314356,0.1591497626789775,-0.006617703551078841,0.2314978840073525,0.14530617720730257,-0.3236333170525256,1.0691364175358655,-1.3675907031481382,-0.29374594490938083,0.8909464366496069,0.051965658192412945,0.23912938255074237,-0.7622395773308009,-0.25118919301613796,-0.38330066421090325,-0.0915033593550574,0.3854512382542917,-0.6263937386440771,-0.0030422369975688143,0.2063764098615549,0,46.54166666666667,4.791666666666667,Rupicapra_rupicapra,126
505,-0.6544306689154211,0.48989842898746777,1.834452695661195,-0.10033473280407616,-0.36276556605087396,0.03975597689035064,-0.5302178338670762,-0.0916295423852028,0.08857245062782813,0.0018621489232053708,0.3130239142523829,0.03951537745595776,0.09560290171738395,-0.4047563474578174,0.8214213452297994,0.6292922903446544,0.1823695113251547,0.24308194569446465,0.1530909501872461,-0.29569010643574883,1.2259477778208765,-0.5251016421578195,0.29412204331339586,0.11759942859821551,0.3785669928470053,0.08413376506709126,-0.36820042893211474,0.8799299010230659,-1.456163980843135,-0.33732306600222534,0.9383950472251883,-0.1600175607468347,0.3498962736643507,-0.2517256219485905,0.039146697206057346,-0.5081013790779368,0.09242775410311195,0.4955194968644623,-0.648119621429596,-0.02195477063988577,0.8406713384902758,0,44.20833333333334,1.1249999999999998,Rupicapra_rupicapra,154
506,-0.8801851329160448,-0.08189299612387813,-0.17585867576147213,-0.5309819373929708,-1.9562554022519423,1.4192436207476335,-0.3843050865092649,0.28572251233824725,-0.37708306114915874,-0.6292387509041826,0.049849463776575495,-0.0919836554282203,-0.32893762702129203,-0.5816633623057904,-0.8208504673962674,0.0610884610302393,-0.4676700736102251,0.0781945984215875,-0.19574345019578374,-0.036732998514754665,0.31771804351848637,1.863498103565361,0.017428868012838224,-0.2136462571332361,0.14815872233154925,0.8531583748297475,0.3003062492617213,1.226808514629865,-0.8951998887748225,0.3431504402937313,1.0522717126065835,1.0747846895742827,0.2680250932760315,-1.1451250438674587,-0.4447464531642682,-0.38906957244820833,-0.3335179823263329,0.29539539030051576,-0.6770874651436212,0.1198892316774914,-0.09125428741807563,0,45.95833333333334,9.041666666666666,Rupicapra_rupicapra,133
507,0.3463219852639176,0.36737169503503647,0.5551636411194977,-0.011934344432192785,0.3303360753670683,-0.742640067078858,-0.44683908322636384,-0.3442635664362762,0.15609467689139753,0.19998593889128144,0.34534358360906103,0.1949233254099864,0.09560290171738395,-0.31707708623346004,-0.6218974874632195,0.6736633235571743,0.31868375127135345,0.2875568893013543,0.1884799473275535,-0.463505885870583,1.3910804567849475,-0.4083210620807115,0.3413623415354423,0.24181656074750985,0.40798081461493585,-0.4285493081080129,-0.5642957212023066,-0.034568262122131814,-1.0132975923681515,-0.6021378787972035,0.03687144628914341,-0.6422793838336232,-0.24728174799162475,-0.1879113775258142,-0.009242617830975207,-0.46098862847327854,0.26667828264243026,0.4955194968644623,-0.5177643247164825,0.02532656346590662,0.16734287579209514,0,41.87500000000001,-0.20833333333333331,Rupicapra_rupicapra,182
508,1.5742485420231582,1.1433743434004344,-0.5413698342019571,-0.43467442480307383,-0.3764078325078109,0.1427028118629099,-0.5684330835334968,-0.12144382530968932,-0.14132465307908676,-0.385366436120783,0.16065975871375757,-0.16371040063777198,-0.11666736265195404,-0.6087607056490417,-0.36385530729312926,0.3663005249473978,-0.2773000785846664,-1.260908606512726,-0.0162706789842249,-0.41721187775062873,0.2351517040364509,-0.24240966271469333,0.13890392058381476,-0.1618891187376968,0.2756186166592483,-0.09938347135354261,-0.48407491981904627,0.6907233845102664,-1.456163980843135,-0.4445898256153811,0.5682958847356541,-0.23421168737557138,0.12354653964958584,-0.8579609439649654,-0.10602124790504032,-0.548676033680316,-0.27543447281322675,0.44048536755937695,-0.8436525664992662,-0.4191179771285418,0.19661802634418996,0,49.62500000000001,2.7916666666666665,Rupicapra_rupicapra,89
509,-1.2733345942682952,0.3265294503842261,-1.3637699406930481,-0.5676261503649309,-1.0490462187987597,0.7603838523788149,-0.5406401445654475,0.004455013825239738,-0.26149813910770137,-0.5355196300682198,0.077552037510871,-0.23543714584732364,-0.11666736265195404,-0.6838590798780532,-0.4815970504557622,0.27271731002355026,-0.4457345174923399,0.09994643237901418,-0.1300210269352129,-0.2595229125920345,-1.9115731224964714,-0.4196580351629198,0.05117193817144281,-0.2654033955287754,0.20208406223942194,0.12928483117058057,-0.30580647230069,0.8799299010230659,-1.338066277249806,-0.25687299629235855,0.7960492154984443,0.12615978482114962,0.3017367557888688,-1.0494036772332942,-0.20279987797910543,-0.49810193813327464,-0.43032383151484305,0.3704419302619957,-0.8581364883562788,0.07260789757169901,0.10391338292922307,0,52.54166666666667,7.541666666666668,Rupicapra_rupicapra,54
510,-0.26877039198558306,0.5715829182890886,2.0172082748814373,0.4874922170555191,0.5849913304074602,-0.43379947011953185,-0.3843050865092649,-0.19775058578913804,0.5459551499608162,0.5803522452129712,0.5531128866162773,0.6013748815974458,0.732413694825398,-0.045522908160758185,1.786350391851423,1.2829803670448647,0.8369136553526991,-1.2642102029993703,0.499397565060254,-0.34343080230945167,1.308514117302912,-0.25105469263408686,0.6180555168359999,0.7490365170237951,0.5991706561064845,0.034613240953586887,-0.03840380102315564,-0.5391189728229305,-0.06851596362152004,0.014645988978441918,-0.38067632677597213,-0.8171655394585025,0.8940988256572961,0.45023106670194885,0.0875360122430899,-0.3754164896199196,0.9055968872865975,0.6806342954361128,-0.3077474577897996,-0.5231369121612851,1.1285436522525414,0,36.62500000000001,8.708333333333332,Rupicapra_rupicapra,245
511,0.9944803027237069,0.44905618433665734,0.9206747995599827,-0.12283091900616709,0.3731577464023299,-0.1661376930547679,-0.6448635166029026,-0.09428626289543036,0.4627581211717753,0.49918129118349724,0.5531128866162773,0.7567828295514745,1.156954223564074,-0.21294585468445376,0.8764353918345659,0.06214947520863415,-0.31960447211542303,-1.2626565323252517,0.5272032056704955,-0.1727216473671203,1.3910804567849475,0.3115021839659985,0.5573179905505117,0.5006022527252064,0.6432913887583802,-0.08190563931348224,-0.10971118003049814,-0.4760501339853307,-0.3047113708081779,-0.13954997796546945,-0.20986132870387939,-0.6210810619396984,0.34026437008925436,-1.0494036772332942,-0.15441056294207287,-0.6167491508805162,0.2569976977235793,0.7806963487180859,-0.9377980585698482,-0.07869237156683664,1.001684666526797,0,39.708333333333336,3.2083333333333326,Rupicapra_rupicapra,208
512,-1.4257806188477153,0.3265294503842261,0.1896524826790128,-0.3941746686268246,-1.397681354971103,0.842741338765192,-0.2731334631639387,-0.0057290626962487705,-0.5421373920156617,-0.6374734853709408,-0.051726639915841394,-0.33107280612672585,-0.32893762702129203,-0.5679211152403035,-0.65202423255812,0.2988720026739704,-0.2469426436253898,0.20074336409028737,-0.31897299380935407,-0.34777086557069736,0.31771804351848637,0.8150869454376339,-0.029811430209208203,-0.25505196784966755,0.05991725702775757,0.37688745173810245,-0.10971118003049814,1.289877353467465,-1.3085418513514737,-0.038987390828135945,1.1186997674123973,0.34874216470735964,0.38842388796473626,-0.6346110884852483,-0.29957850805317054,-0.28945975688407366,-0.3044762275697798,0.1603116183698519,-0.45982863728843204,-0.08814863838799511,-0.11565024621148796,0,43.95833333333334,19.291666666666668,Rupicapra_rupicapra,157
513,0.9759004047489737,-0.4903154426319823,0.9206747995599827,-0.6393135676271136,-0.5776309736308076,0.6368476534797988,-0.7351904522880508,0.007603711273931445,-0.21326797749086607,-0.44830333525957805,0.20221361931520085,-0.24739160338224891,-0.11666736265195404,-0.6672135526181484,-0.49993510300338295,0.04314728119937173,-0.6026134907238252,-1.9124953685735777,0.009007176115994657,-0.016479369962274674,-1.0033433881940812,-0.25359046372760974,0.0849150083300474,-0.32751196160342255,0.30503243842717886,-0.014907283159917496,-0.45733465269129286,0.8799299010230659,-1.5447372585381316,-0.3943085320467143,0.7960492154984443,-0.19181504358772186,0.2343134307631942,-1.208939288290235,-0.10602124790504032,-0.7053980407937711,-0.4980879259468002,0.48551329153626493,-1.075395316211468,-1.0054065200403675,0.16734287579209514,0,53.37500000000001,-1.2916666666666672,Rupicapra_rupicapra,44
514,-0.2547087329170976,-2.124005228664399,0.8292970099498614,-0.5727069797352136,-0.6769161484830317,0.24564966217574388,0.00826958832644168,-0.2596422380479592,-0.5297784131013477,-0.6157429360836622,-0.21794208232161447,-0.11589257049807085,-0.32893762702129203,-0.7550863984656697,-0.8330758033752367,0.5262051777980461,-0.3284178438521063,0.21628051535124,-0.3688967576322877,3.1112595536421352,-0.5905116907839039,-0.5926812482885438,-0.07030311439953371,-0.1515376910585889,-0.08224954818390678,-0.15036048147038536,-0.3503735841802791,0.21770709322826756,-0.8066266110798258,-0.28704177243355855,0.17921727801588735,0.0784635605598189,-0.11243509794027544,-1.0494036772332942,-0.6383037133123984,-0.007552441021097944,-0.26575388789437576,0.045240257095582645,-0.2642956922187618,0.17662683260444226,-0.252267615454597,0,53.29166666666667,19.875,Rupicapra_rupicapra,45
515,0.9220223084716974,0.7349518968923303,-0.3586142549817146,0.06333081270920911,0.6660868648365723,-0.12495899588240354,-0.5441142702193831,-0.07096621068623418,0.5427398058530272,0.5772152035113491,0.5531128866162773,0.8285095747610262,0.9446839591947359,-0.11268565108893448,1.0491911260829174,0.19521692477068142,-0.06656109672146703,-1.3316023632208742,0.5398421332206053,-0.3550043043394402,-0.17767999337372647,0.604453985524563,0.611306902804279,0.6144679571953929,0.6530959960143571,0.06519944702369253,0.14877806887111844,-0.5391189728229305,0.22672829536180228,0.1688419559223533,-0.4565941036969022,-0.8807605051402767,1.115632607884513,-0.7941466995421891,-0.15441056294207287,-0.5698286972171014,0.44092881118174865,0.76568704072579,-0.7784749181427094,-0.4191179771285418,1.040718200596257,0,36.79166666666667,6.958333333333332,Rupicapra_rupicapra,243
516,-1.2440902093350372,-1.1846336016957595,-1.0896365718626844,-0.4658293796827535,-0.3256283654505521,-0.14554834446858572,-0.00562691428930064,-0.3121369881474648,-0.467380641509567,-0.5796016014795565,-0.13945145674111054,-0.020256910218668628,-0.32893762702129203,-0.7241179994810235,-0.7943622186221911,0.7067923955357103,-0.1388312828914391,0.404279186203883,-0.27031312274143143,1.0063288719379648,-0.095113653891691,-0.6016562875754189,0.010680253981117304,-0.027320558909294565,-0.01851960102005725,-0.2697923337441312,-0.36820042893211474,0.06003499613426795,-0.6885289074864969,-0.3540834971917809,0.027381724174027153,-0.027528048909804922,-0.20393818190369103,-0.8260538217535772,-0.5899143982753658,-0.01985944526068215,-0.0915033593550574,0.11028059172886526,-0.2280858875762303,0.290102034458344,-0.18883812259172497,0,52.29166666666667,18.70833333333333,Rupicapra_rupicapra,57
517,-0.41399357438621204,0.7349518968923303,0.5551636411194977,-0.07071547390767004,0.4421268538827007,-0.6602825500119315,-0.6135965182443531,-0.27759967781765793,0.5013422504652435,0.5368257916029635,0.5761983647281903,0.8046006596911756,1.156954223564074,-0.16397702066380854,0.8627546101360762,0.0057450260787085695,-0.3205838020527297,-0.7883867607550799,0.5373143477105834,-0.3984049369518973,1.473646796266983,-0.2741702719666387,0.5843124466773953,0.53165653576253,0.6432913887583802,-0.400876074044584,-0.4395078079394572,-0.25530919805373126,-0.5704312038931679,-0.4579981705670255,-0.1339435517829493,-0.6422793838336232,-0.16059461581575735,-0.8579609439649654,-0.05763193286800776,-0.608288085465802,0.29572003739898334,0.7556808353975927,-0.8726204102132914,0.25227696717371006,1.0260806253202095,0,39.958333333333336,-0.1250000000000003,Rupicapra_rupicapra,205
518,0.46781210194968065,-0.08189299612387813,-0.17585867576147213,-0.4647675248339852,-0.23960642489901007,0.45154333979099975,-0.4329427131374923,-0.07017901755634406,-0.20161235510013087,-0.5033649526265924,0.10063751562278393,0.03951537745595776,-0.11666736265195404,-0.5226298260723106,0.6572522979622112,0.08137543860645075,-0.37483530357973566,-1.5673777223403071,-0.07946531673477378,-0.036732998514754665,0.31771804351848637,1.3621506214446881,0.09166362236176832,-0.11013198034215746,0.22659558037936406,0.04043918496694034,-0.18101855903784064,0.5015168679974669,-1.0132975923681515,-0.1864791852962251,0.48288838569960774,-0.45149448678830023,0.37397603260209167,-1.3684748993471758,-0.49313576820130073,-0.40772237574882814,-0.2367121331378227,0.41546985423888366,-0.7784749181427094,-0.8162811836171979,0.7382083115579439,0,41.458333333333336,14.291666666666664,Rupicapra_rupicapra,187
519,0.5234776637848142,0.24484496108260523,-0.3586142549817146,-0.34568602271692744,-0.7735486764751194,0.225060298249287,-0.1272208483329982,-0.20242446054313326,-0.5159122416365075,-0.6141417377151258,-0.09328050051728468,-0.33107280612672585,-0.32893762702129203,-0.6383742337748043,-0.7051462732902485,0.7004201491054561,-0.029152904602936163,0.46798123966192823,-0.34930641992961753,-0.2334825330245603,0.07001902507237993,1.2248783856289513,-0.029811430209208203,-0.17224054641680464,0.0010896134918964551,0.020048380920203245,-0.20775882616559407,0.6276545456726665,-1.0132975923681515,-0.22335213391324737,0.48288838569960774,0.16855642860899916,0.03204345568617024,-0.2517256219485905,-0.29957850805317054,-0.14139111212657618,-0.16894803870586556,0.06525266775197729,-0.22084392664772398,0.02532656346590662,-0.1546837802809477,0,48.54166666666667,19.375,Rupicapra_rupicapra,102
520,0.3506502195440152,-0.0410507514730677,1.46894153722071,-0.2432357261939361,-0.23240640407269866,-0.20731645158823117,-0.029945595076543537,-0.28350347615009625,-0.3008191180925379,-0.43356577476549885,-0.056343735538223985,0.05146983499088304,0.09560290171738395,-0.6166963554084822,-0.6649772705772065,0.8470353088075779,0.1110786550924893,0.6284019041374851,-0.16477807769801478,-0.26096960034578315,0.8131160804106992,-0.4881390766712383,0.12540669252037293,0.10724800091910765,0.0844287751676997,-0.17657722953047592,-0.3147198946766078,0.2807759320658674,-0.9247243146731547,-0.34737932471595867,0.25513505493681743,-0.038127209856767305,-0.04982772470214898,-0.41126123300553125,-0.39635713812723566,-0.07004894692523649,0.0730665842654099,0.1703178236980492,-0.19187608293369876,0.2806457676371855,-0.07173752038334576,0,47.62500000000001,21.54166666666667,Rupicapra_rupicapra,113
521,-1.320179918829599,0.24484496108260523,0.5551636411194977,-0.38512392404440837,-0.5048722673799476,0.8839200666181058,-0.7108717052373724,0.21881259771496256,-0.08224270509846353,-0.15090524644224995,0.27608714927332223,-0.10393811296314558,-0.11666736265195404,-0.4444346331722306,0.6600175906982283,-0.02907617937372523,-0.584007417313152,-1.6854596199951168,0.11011859651687288,0.365446197027348,0.2351517040364509,2.3753031272760685,0.17939560477414027,-0.1618891187376968,0.37366468921901685,0.42203851784159174,-0.0027501115194843847,0.8168610621854661,-1.1313952959614804,0.02470224769217527,0.9763539356856533,-0.11232133648550398,0.8218595488440733,-0.9855894328105179,-0.009242617830975207,-0.6975138662027875,-0.2947956426509288,0.5355443181772516,-0.9957337459978987,-0.8824750513653072,0.6991747774884841,0,43.04166666666667,-3.1250000000000004,Rupicapra_rupicapra,168
522,0.649598600080469,-2.001478494711968,1.46894153722071,-0.6259007324996492,-0.4302189785814611,0.2662390261022008,-0.6657082042630807,-0.11622876466275324,-0.19277015880371107,-0.43036337802842617,0.1837452368256705,-0.17566485817269725,-0.11666736265195404,-0.66643934333573,-0.49644212210701066,0.0698410928397378,-0.5704934411871198,-0.3506291761095421,-0.006159536944137076,1.3506405573301246,0.1525853645544154,-0.6052039695950829,0.09841223639348924,-0.2654033955287754,0.30013013479919043,-0.180946687540491,-0.5197286093227176,0.5015168679974669,-1.456163980843135,-0.5082794641356922,0.48288838569960774,-0.27660833116342093,0.04167535926126662,-1.2408464105016233,-0.20279987797910543,-0.6596313687778174,-0.4400044164336941,0.4655008808798703,-1.002975706926405,0.044239097108223574,0.18198045106814253,0,53.12500000000001,-0.29166666666666724,Rupicapra_rupicapra,47
523,-1.0618481214561688,-0.4903154426319823,0.9206747995599827,-0.6669233891197842,-1.2222269072537846,1.2957074065083427,-0.728242267243615,0.31219129953156954,-0.23095237008370567,-0.45830265568349876,0.19297942807043567,-0.21152823077747307,-0.32893762702129203,-0.6705039466830782,0.21903179219909738,-0.01968122579620545,-0.66626605160476,-1.9156027840084426,-0.003631751434115121,-0.016479369962274674,-1.0033433881940812,-0.10771041163264393,0.07141778026660557,-0.32751196160342255,0.29522783117120205,0.47010255595175776,-0.06514406815090908,1.5421527088178644,-1.338066277249806,0.011293902740530801,1.3464530981751874,0.1420585262415932,0.7496202720308505,-1.3046606549243995,-0.15441056294207287,-0.6888605038468298,-0.5368102656222042,0.4805101888721663,-1.097121198996987,-1.033775320503843,0.43081923076094836,0,53.37500000000001,-2.041666666666667,Rupicapra_rupicapra,44
524,-1.3540860336887495,-0.16357748542549896,0.9206747995599827,-0.4129133305293442,-0.4173346318786219,-0.22790580017441334,-0.252288841767196,-0.28778375433914644,-0.32697728213611316,-0.5928686736760004,-0.010172779314398124,-0.12784702803299614,-0.32893762702129203,-0.6565681795995459,-0.8771743887770546,0.6197021336835022,-0.13138873398735443,0.4116593997308006,-0.21659768065346488,-0.22624909425581743,0.9782487593747701,-0.17464299787813423,0.05117193817144281,-0.07907769730483388,0.10894029330764184,-0.29163962379420666,-0.39494069605986815,-0.0030338427033318937,-0.4818579261981713,-0.3339709797643142,-0.04853605274690294,0.004269433931082226,-0.29062531407955844,-0.6984253329080246,-0.3479678230902031,-0.24215470933817188,-0.14958686886816353,0.25036746632362783,-0.4743125591454447,0.2428207003525516,-0.13028782148753537,0,50.12500000000001,14.791666666666664,Rupicapra_rupicapra,83
525,1.3154561842331536,1.102532098749624,-0.44999204459183584,-0.2733941389233115,-0.5420094679802694,0.20447091898255534,-0.5336919595210118,-0.08597171375427932,-0.0834484591388844,-0.34801603336084386,0.211447810559966,-0.1398014855679214,-0.11666736265195404,-0.5239847246191022,-0.2453858759701411,0.5176358464451292,-0.04501703349887376,0.4454526814973842,0.01911831815608248,-0.3535576165856916,1.143381438338841,-0.4398365347934239,0.17264699074241935,-0.06872626962572602,0.2903255275432136,0.055004045000323985,-0.3592870065561969,0.8799299010230659,-1.3971151290464705,-0.3540834971917809,0.7580903270379793,-0.07522427317113564,0.25839318970093517,-0.4431683552169194,-0.009242617830975207,-0.5057938157830147,-0.11086452919275945,0.43047916223117966,-0.7060553088576464,0.10097669803517445,0.22589317689628474,0,46.95833333333334,2.9583333333333326,Rupicapra_rupicapra,121
526,1.0358741865168903,0.48989842898746777,0.5551636411194977,-0.568001872880675,-0.7246639365238992,0.739794488452358,-0.5997000818920463,0.017787787795419955,-0.21889482967949686,-0.43124567100700745,0.13757428060184462,-0.1995737732425478,-0.11666736265195404,-0.6557939703171275,-0.4763576068707277,0.20061987726628483,-0.46649499722527243,-1.7468311303986703,-0.061770818164620094,-0.0642200658359775,0.4002843830005218,-0.6106571325749776,0.07816639429832649,-0.24470054017055967,0.24620479489131777,0.11035051312718182,-0.38602727368395034,0.8168610621854661,-1.3675907031481382,-0.3138584623368475,0.7770697712682119,0.02546775582500699,0.3017367557888688,-1.1132179216560705,-0.20279987797910543,-0.5530988633289166,-0.42064324659599206,0.4204729569029823,-0.9233141367128356,-0.8351937172595149,0.13318853348131787,0,51.95833333333334,5.458333333333332,Rupicapra_rupicapra,61
527,1.0521163560559552,-0.0410507514730677,0.09827469306889156,-0.43039409977366,-0.3601129191907375,0.019166597623618997,-0.3738827758108936,-0.20050572420831908,-0.21166030543697156,-0.49865939007415916,0.049849463776575495,-0.11589257049807085,-0.32893762702129203,-0.6426323940574085,-0.3827754770576055,0.49977518438548735,-0.21717289628335879,0.3265937262456315,-0.14771552550536657,-0.24505603505454884,0.6479834014466282,-0.36031658150377305,0.0849150083300474,-0.11013198034215746,0.17757254409947978,-0.1605558834937539,-0.46624807506721067,0.5015168679974669,-1.2494929995548092,-0.4077168769983588,0.3879911645484451,-0.11232133648550398,0.01759560032352567,-0.8260538217535772,-0.29957850805317054,-0.3650324547927704,-0.19798979346241863,0.34042331427740374,-0.6408776605010896,0.21445189988907618,0.1429469169986828,0,49.79166666666667,8.208333333333332,Rupicapra_rupicapra,87
528,0.5416441074794979,0.36737169503503647,0.646541430729619,-0.5248065469676663,-0.4605350459533144,0.38977523267135433,-0.6170706438982887,-0.05605908799170811,-0.18352604449381762,-0.41359981143538266,0.1514255674689924,-0.18761931570762252,-0.11666736265195404,-0.628503051580015,-0.42003369936970253,0.1850935304176555,-0.43613756226599587,-1.3197553187233806,-0.028909606534334675,-0.28411660440576025,0.1525853645544154,-0.4682781549588888,0.10516085042521016,-0.23434911249145182,0.27071631303125987,-0.03821105921333132,-0.39494069605986815,0.7222578039290662,-1.3971151290464705,-0.37754810085715873,0.6442136616565842,-0.20771378500816542,0.1765220093126159,-1.1132179216560705,-0.15441056294207287,-0.5871354219290167,-0.391601491839439,0.4504915728875743,-0.9450400194983545,-0.44748677759201727,0.17222206755077762,0,50.12500000000001,2.5416666666666665,Rupicapra_rupicapra,83
529,1.2742121446981538,0.5307406736382781,0.646541430729619,-0.4879661964722272,-1.4431554560288828,1.2957074065083427,-0.3738827758108936,0.17182814322153622,-0.632870383557333,-0.6948878840141718,-0.033258257426311055,-0.5342985842204556,-0.5412078913906301,-0.5926958491949047,0.4452007368261009,0.20959053719717183,-0.3570126642339539,-1.8291777135092193,-0.3853273634474304,-0.25518284933078883,1.473646796266983,3.7043959163084974,-0.13104064068502197,-0.4517290937527169,0.02069882800385016,0.7380959805660168,-0.011663533895402197,2.0467034195186633,-1.5447372585381316,0.06827936878501978,1.9822644798879772,0.4441346132300211,0.942258343532778,-0.6027039662738601,-0.25118919301613796,-0.3744550049137021,-0.4593655862713961,0.12028679705706258,-0.5177643247164825,-1.5160449283829254,0.562557408245375,0,45.87500000000001,6.624999999999999,Rupicapra_rupicapra,134
530,0.2662028412105963,-0.9395801337908969,-1.272392151082927,-0.5844860999746866,-0.8087911499694026,0.739794488452358,-0.5962259562381107,-0.0019407989810971305,-0.2534597788382288,-0.540225192620653,0.11910589811231428,-0.28325497598702476,-0.11666736265195404,-0.6716652698360085,-0.4974608966353176,0.21151764253214214,-0.47217478212715897,0.07372761927775548,-0.09210424428488356,1.042496065781679,-2.0767058014605424,-0.6063447109836404,0.05792055220316373,-0.28610625088699115,0.22659558037936406,0.09287268108712145,-0.3414601618043613,0.7537922233478662,-1.3085418513514737,-0.30045011738520305,0.7011519943472817,0.05726523866589414,0.26320914148848334,-1.0813107994446824,-0.20279987797910543,-0.5511758939164816,-0.43032383151484305,0.395457443582489,-0.8943462929988103,0.05369536392938205,0.113671766446588,0,52.62500000000001,6.458333333333332,Rupicapra_rupicapra,53
531,1.303121289313894,0.36737169503503647,2.4740972229320435,-0.4103647392926395,-0.6488736958150599,0.43095397202947416,-0.4364167725279925,-0.07839518632397603,-0.20603345324834077,-0.47879145929721867,0.0821691331332536,-0.17566485817269725,-0.11666736265195404,-0.6089542625842976,-0.3690947508781638,0.4426823433193087,-0.20502989241469433,0.33863502588153255,-0.11485431387508116,-0.2219090309945717,0.31771804351848637,-0.5027517109712917,0.09166362236176832,-0.14118626337948106,0.20698636586741034,0.07976430705707617,-0.37711385130803254,0.9429987398606657,-1.456163980843135,-0.3339709797643142,0.8434978260740257,0.004269433931082226,0.29692080400132065,-0.7622395773308009,-0.20279987797910543,-0.4296442270505875,-0.20767037838126964,0.36543882759789703,-0.6843294260721275,0.18608309942560075,0.14782610875736527,0,48.70833333333334,6.374999999999999,Rupicapra_rupicapra,100
532,-0.3110056684060009,0.24484496108260523,-0.08448088615135091,-0.5525469938572649,-0.9501399315443785,0.7603838523788149,-0.4364167725279925,-0.026343222976175047,-0.38629368229126265,-0.6328986328894085,0.00829560317513222,-0.2593460609171742,-0.32893762702129203,-0.6753427593128448,-0.462531365266834,0.28767597157731184,-0.42203619737225645,0.12364052137400182,-0.21091016325591547,0.3205988766611423,-0.17767999337372647,0.06623189476239794,0.010680253981117304,-0.2654033955287754,0.13835411507557238,0.14093671919728748,-0.3414601618043613,0.9745331592794657,-1.456163980843135,-0.30380220362311416,0.9194156029949557,0.036066916771969375,0.35471222545189895,-1.0813107994446824,-0.3479678230902031,-0.4113760176324547,-0.391601491839439,0.3154078009569104,-0.7495070744286843,-0.059779837924519685,0.0843966158944932,0,50.62500000000001,8.291666666666666,Rupicapra_rupicapra,77
533,-0.995482125841347,-1.3071603356481907,-0.5413698342019571,-0.38275501751401225,-1.102099372839106,0.49272207531405093,-0.47463208845784843,-0.05123762390971709,-0.25546936890559696,-0.5321211682247958,0.10987170686754912,-0.24739160338224891,-0.32893762702129203,-0.5474045600269118,-0.6218974874632195,0.32371320542161325,-0.22011058724574042,0.2578422245750441,-0.1300210269352129,1.706525744752273,-0.9207770487120457,2.3560612883162246,0.05792055220316373,-0.2136462571332361,0.19227945498344506,0.13948023319394912,-0.19884540378967627,0.8168610621854661,-1.1313952959614804,-0.19988753024786954,0.7296211606926305,0.2003539114498863,0.13317844322468222,-0.6346110884852483,-0.15441056294207287,-0.45983484682581754,-0.26575388789437576,0.3304171089492064,-0.6770874651436212,-0.050323571103361206,0.0063295477555737195,0,46.04166666666667,3.874999999999999,Rupicapra_rupicapra,132
534,-1.4582749157220007,0.5307406736382781,-0.44999204459183584,-0.398569365664083,-0.235437938530678,0.03975597689035064,-0.5649589578795612,-0.13826968433902956,-0.11198463809551196,-0.3694851625063207,0.17451104558090533,-0.1398014855679214,-0.11666736265195404,-0.5876634796298821,-0.33809474667940825,0.4022974298906331,-0.2130598300864861,-1.6549680828884332,0.009007176115994657,-0.2913500431745031,-0.26024633285576193,-0.4957056349505121,0.1591497626789775,-0.12048340802126532,0.2903255275432136,-0.12268724740695644,-0.5108151869467997,0.7537922233478662,-1.5152128326397993,-0.46470234304284774,0.6062547731961191,-0.31900497495127045,0.1476262985873268,-0.8579609439649654,-0.10602124790504032,-0.545214688737933,-0.21735096330012066,0.46049777821577165,-0.8291686446422536,-0.7689998495114055,0.2161347933789198,0,48.62500000000001,1.5416666666666667,Rupicapra_rupicapra,101
535,-0.3590433937942342,0.1631604717809844,-0.5413698342019571,-0.6130924636176616,-0.775064515983315,0.38977523267135433,-0.10637609440938474,-0.21733158323765933,-0.534299990752926,-0.624206413174497,-0.15791983923064085,-0.0919836554282203,-0.32893762702129203,-0.746570087129764,-0.541122852485208,0.38874411851429935,-0.4320246454938924,0.1135414767756617,-0.3505703126846285,-0.06277337808222894,-0.26024633285576193,-0.5645934389591514,-0.05005727230437096,-0.1825919740959125,-0.023421904648045676,-0.10957887337691116,-0.3236333170525256,0.31231035148466735,-0.9837731664698192,-0.3105063760989364,0.30258366551239874,0.041366497245450565,-0.020932013976859842,-1.1770321660788468,-0.6383037133123984,-0.1242766843559044,-0.32383739740748185,0.12528989972116125,-0.4236188326459005,0.14825803214096683,-0.008308027520473682,0,53.45833333333334,16.208333333333332,Rupicapra_rupicapra,43
536,-1.1047883769260722,-0.00020850682225728276,1.6516971164409524,-0.6589017931798825,-1.6261889205891644,0.7603838523788149,-0.252288841767196,-0.13044711213634264,-0.6539710792646986,-0.7012926774883171,-0.18562241296493637,-0.4745262965458292,-0.5412078913906301,-0.7165694451334896,-0.8099349784337949,0.11218167790830552,-0.585574285442935,-0.03872210179260424,-0.49465408675587996,-0.2812232288982631,0.07001902507237993,0.3664090904343328,-0.1782809389070684,-0.47243194911093267,-0.0675426372999415,0.028787296940233426,-0.17210513666192284,0.46998244857866694,-0.6294800556898325,-0.06580408073142488,0.3405425539728638,0.4282358718095775,-0.06909153185234174,-1.0813107994446824,-0.49313576820130073,-0.25811535546138265,-0.6045743600541614,0.060249565087878626,-0.5394902075020014,-0.11651743885147055,-0.24738842369591457,0,50.70833333333334,16.291666666666668,Rupicapra_rupicapra,76
537,0.8410216114231751,0.5307406736382781,-0.3586142549817146,-0.3828039771093494,-0.4586403188472758,0.06034535615708228,-0.3356675924079084,-0.18727133061165793,-0.16463589786055716,-0.3721320414420644,0.06831784626610583,-0.03221136775359391,-0.11666736265195404,-0.634503187362712,-0.6875359644220308,0.6131750130706818,-0.11689542792401547,0.42603131650782133,-0.11548626025258665,-0.07579356786596607,-0.8382107092300103,0.6422846442780417,0.118658078488652,-0.04802341426751029,0.19227945498344506,-0.10229644336021934,-0.40385411843578595,0.5645857068350667,-1.2494929995548092,-0.3708439283813365,0.49237810781472396,-0.054025951277210875,0.02722750389862205,-0.7303324551194128,-0.29957850805317054,-0.34118763407857605,-0.11086452919275945,0.3454264169415024,-0.5829419730730392,0.27118950081602705,0.011208739514256187,0,50.04166666666667,9.041666666666666,Rupicapra_rupicapra,84
538,-0.5241409547514966,0.7349518968923303,0.5551636411194977,-0.27306737600290454,-0.49767224655363623,0.2868283900286577,-0.5232695825592051,-0.02240733239759322,0.3132446201595859,0.35330885205806567,0.400748731077652,0.6133293391323711,0.5201434304560599,-0.3534649409657328,0.7915855199457069,0.09191752536985023,-0.48470942831588454,-0.4706532176719709,0.34267486343889275,-0.3984049369518973,-0.8382107092300103,0.23493944330990388,0.4560887800746979,0.3660336928968042,0.5109291908026927,0.11035051312718182,-0.09188433527866252,0.5330512874162667,-1.0428220182664836,-0.2267042201511585,0.8150286597286769,-0.19181504358772186,0.1909698646752605,-1.2727535327130113,-0.39635713812723566,-0.5186777108463295,0.14083067869736704,0.6556187821156194,-0.8436525664992662,0.4224897699545627,0.9626511324573374,0,41.958333333333336,2.7083333333333326,Rupicapra_rupicapra,181
539,0.14561192174727206,0.36737169503503647,0.1896524826790128,0.19615191287413822,0.7945512997087091,-0.9485336756628776,-0.3877792784266359,-0.3962171306428409,0.3566517656147376,0.3956589150299652,0.4423025916790953,0.5296481363878942,0.5201434304560599,-0.1078468384591678,1.3455102753338877,0.6661781114822214,0.29498558057603924,-1.3516063454524032,0.34267486343889275,-0.38972481042940593,1.3910804567849475,-0.46981192629062163,0.48308323620158156,0.5213051080834221,0.5060268871747043,-0.5290468423383601,-0.6266896778337313,-0.5391189728229305,-0.42280907440150683,-0.5954337063213813,-0.40914549312132087,-0.944355470822051,-0.040195821127052604,-0.1879113775258142,-0.10602124790504032,-0.40676089104261065,0.5474152452891098,0.5905784474823369,-0.44534471543141946,-0.5987870467305529,1.0260806253202095,0,35.708333333333336,3.0416666666666665,Rupicapra_rupicapra,256
540,-0.9492410173079338,0.44905618433665734,1.1948081683903464,-0.2137308393053746,-0.24112226440720574,-0.3720313629998864,-0.4120979592138788,-0.2594946487199634,-0.12364026048624716,-0.3724261391015915,0.2160649061823486,0.08733320759565888,-0.11666736265195404,-0.35694889196591845,-0.6518786893741442,0.21888802926378192,-0.06949878768384866,-0.07911857653247642,-0.011215107964180987,-0.2566295370845374,1.473646796266983,0.8506156020632498,0.14565253461553568,0.0037337241280290213,0.2756186166592483,-0.2625099037274394,-0.4305943855635394,0.21770709322826756,-0.9837731664698192,-0.4546460843291144,0.20768644436123612,-0.4779923891557062,-0.16059461581575735,-0.4431683552169194,-0.10602124790504032,-0.4059917032776366,-0.033419849841951295,0.3854512382542917,-0.5829419730730392,-0.3056427752746401,0.03560469830766853,0,40.12500000000001,-0.8750000000000003,Rupicapra_rupicapra,203
541,0.7851726286287712,0.3265294503842261,-1.3637699406930481,-0.5184023128126289,-0.7474010954715982,0.47213270755252534,-0.4086238998233786,-0.11170251677218822,-0.37671463630347457,-0.6276375525356462,0.022146890042279977,-0.24739160338224891,-0.32893762702129203,-0.6976013084849347,-0.47461114418206546,0.48791960771931053,-0.3033485514746551,0.24113983883015952,-0.20838237774589352,-0.2595229125920345,-1.9115731224964714,-0.4761017554030739,0.017428868012838224,-0.23434911249145182,0.13835411507557238,0.00839649289349633,-0.36820042893211474,0.6591889650914664,-1.2790174254531415,-0.29374594490938083,0.6252342174263517,0.06786439961285652,0.15244225037487497,-0.8260538217535772,-0.25118919301613796,-0.3875311969182603,-0.32383739740748185,0.3003984929646144,-0.6770874651436212,0.10097669803517445,0.06487984885976333,0,53.04166666666667,9.874999999999998,Rupicapra_rupicapra,48
542,0.27687667697609036,0.3265294503842261,1.9258304852713162,-0.19616840425946788,-0.06869949570627873,-0.3514420144137042,-0.019523284378172183,-0.3103658411406464,-0.184765291702028,-0.30448957975083607,-0.042492448671076224,0.0753787500607336,0.09560290171738395,-0.6097284718667161,-0.6507143716618614,0.9549518072568498,0.20234640756842656,0.7179344085932303,-0.13381270520024582,-0.21467559222582885,0.9782487593747701,-0.6201507140756531,0.1524011486472566,0.15900513931464696,0.09913568605166498,-0.2377496416706872,-0.3592870065561969,0.21770709322826756,-0.8951998887748225,-0.3909564458088032,0.1412583895554223,-0.1070217560120228,-0.12688295330292002,-0.3155398663713668,-0.3479678230902031,-0.054280597743269224,0.14083067869736704,0.1853271316903452,-0.16290823921967354,0.3279271017429779,-0.05222075334861589,0,47.62500000000001,20.95833333333333,Rupicapra_rupicapra,113
543,-1.1238259714222871,0.6941096522415199,-0.17585867576147213,0.038890501801846764,0.5565699901416454,-0.7220505957704779,-0.5962259562381107,-0.2958030872888715,0.4788348417107204,0.5148664996916081,0.5854325559729555,0.7328739144816239,0.9446839591947359,-0.1399765513674417,1.0110597557050611,0.18165213086001636,-0.13315134856478342,-0.6732180604400418,0.5196198491404297,-0.21033552896458316,1.143381438338841,-0.05315685865609249,0.5708152186139535,0.53165653576253,0.6236821742464266,-0.40233256004792234,-0.37711385130803254,-0.3183780368913311,-0.5113823520965035,-0.46135025680493663,-0.18139216235853062,-0.6952751885684351,-0.14614676045311276,-0.5388897218510839,0.039146697206057346,-0.5755976054544064,0.3538035469120895,0.720659116748902,-0.7784749181427094,0.2428207003525516,1.0260806253202095,0,39.458333333333336,-0.6250000000000003,Rupicapra_rupicapra,211
544,-1.2182957316834468,0.24484496108260523,1.6516971164409524,-0.23725637357806698,-0.21156411678945025,-0.2896739072940588,-0.047316157082786046,-0.30652834970330084,-0.3296232423914812,-0.5484926046051366,-0.051726639915841394,-0.056120282823444466,0.09560290171738395,-0.6178576785614125,-0.6683247082896029,0.9043575204985699,0.14946587829878846,0.6612240583852882,-0.20206291397083861,-0.3318573002794631,0.6479834014466282,-0.45536107936728765,0.09166362236176832,0.055490862523568336,0.064819560655746,-0.22755423964731866,-0.3592870065561969,0.15463825439066772,-0.7771021851814935,-0.357435583429692,0.07483033474960846,-0.06462511222417326,-0.19912223011614286,-0.21981849973720233,-0.3479678230902031,-0.07601015210378509,0.053705414427707876,0.13529610504935857,-0.15566627829116725,0.23336443353139313,-0.08637509565939316,0,48.29166666666667,20.20833333333333,Rupicapra_rupicapra,105
545,1.236673656229763,0.36737169503503647,0.281030272289134,-0.4890445041381658,-0.8686655095174235,0.3691858687448974,-0.2557629011576962,-0.1688219139034951,-0.5578121945411332,-0.6425058231006264,-0.07481211802775432,-0.28325497598702476,-0.32893762702129203,-0.6701168512711716,-0.44404779729476135,0.4408182518922542,-0.28944293302856167,0.25492899019195847,-0.33350776049198033,-0.32896392477196595,-0.6730780302659393,-0.0734720626524375,-0.056805886336091876,-0.24470054017055967,0.030503435259827013,-0.02364619917994768,-0.26123936042110096,0.5645857068350667,-0.9837731664698192,-0.22335213391324737,0.49237810781472396,0.17915558955596153,0.06575511819900756,-0.7622395773308009,-0.3479678230902031,-0.24503916345682442,-0.32383739740748185,0.1703178236980492,-0.48879648100245726,0.09152043121401597,0.011208739514256187,0,49.54166666666667,13.374999999999998,Rupicapra_rupicapra,90
546,-0.670549855557172,0.1631604717809844,-0.5413698342019571,-0.4877701586627917,-0.8281177423028674,0.1427028118629099,0.032588401640555355,-0.2664808188382835,-0.5101849099445084,-0.6054495180002143,-0.19485660420970155,-0.0919836554282203,-0.32893762702129203,-0.7082466999621425,-0.7835922450841705,0.5194884553378525,-0.2553643730420119,0.2887221237852862,-0.34804252717460654,-0.06277337808222894,-0.26024633285576193,-0.5124764060282024,-0.05005727230437096,-0.12048340802126532,-0.07734724455591836,-0.1401650794470168,-0.24341251566926533,0.21770709322826756,-0.5999556297915002,-0.2065917027236918,0.15074811167053856,0.2056534919233675,-0.16059461581575735,-0.8260538217535772,-0.5899143982753658,-0.0008220480775753306,-0.21735096330012066,0.02022474377508933,-0.19187608293369876,0.2049956330679177,-0.24250923193723212,0,50.20833333333334,21.875,Rupicapra_rupicapra,82
547,-1.107350871749016,-1.5113715589022427,1.1948081683903464,-0.2637062216032082,-0.6340946220061822,0.2868283900286577,-0.5267437082131406,-0.026884408869115906,0.23205718143791312,0.2740985490921055,0.3776632529657391,0.48183030624819306,0.30787316608672194,-0.36275545235475426,-0.6562448738553236,0.1474044920005224,-0.451022510649396,-0.4560871939297987,0.2845357967083878,1.7195459345360102,0.4828507224825573,-0.2382170824470746,0.39535125378920966,0.2832222714639413,0.47171076177878535,0.1234588871572271,-0.18993198141375844,0.7222578039290662,-1.1609197218598126,-0.26022508253026966,0.8624772703042581,-0.1547179802733535,0.17170605752506773,-1.1132179216560705,-0.29957850805317054,-0.51925460167006,0.10210833902196297,0.6105908581387315,-0.8074427618567347,0.3468396353852949,0.23077236865496722,0,42.208333333333336,2.6249999999999987,Rupicapra_rupicapra,178
548,-0.5604028702119002,0.3265294503842261,0.1896524826790128,-0.3565665199967705,-0.6185576284432066,0.12211343259617825,-0.3530381544141509,-0.16237692967811587,-0.13208053876919332,-0.35683896314665625,0.09140332437801876,-0.020256910218668628,-0.11666736265195404,-0.6050831977136001,-0.665413900129134,0.5760595412464886,-0.10063980613278592,0.44215078866422824,-0.08578478050982867,-0.07579356786596607,-0.26024633285576193,-0.5727001281815332,0.13890392058381476,-0.016969131230186705,0.21679097312338722,-0.04840646123669987,-0.3414601618043613,0.6276545456726665,-1.1609197218598126,-0.3172105485747586,0.5018678299298402,0.03076733629848818,0.03204345568617024,-0.7303324551194128,-0.25118919301613796,-0.3521485597294557,-0.07214218951735538,0.3704419302619957,-0.5901839340015456,0.2995583012795025,0.04048389006635099,0,48.79166666666667,7.958333333333332,Rupicapra_rupicapra,99
549,-1.3611218997281551,0.08147598247936355,0.0068969034587703275,-0.5208039255492788,-0.36958669927934246,-0.08378023734894026,-0.39820158912500725,-0.24286558797309568,-0.285613219916119,-0.6157429360836622,0.035998176909427734,-0.1398014855679214,-0.32893762702129203,-0.6823106613132163,-0.7568129377016664,0.4245861492749684,-0.32665522927467733,0.21802836707713785,-0.18310452264567395,-0.24071597179330315,-0.095113653891691,-0.32722850966284706,0.03092609607628006,-0.17224054641680464,0.14815872233154925,-0.27561827775748465,-0.45733465269129286,0.2807759320658674,-1.0132975923681515,-0.4345335669016477,0.22666588859146866,-0.1547179802733535,-0.15096271224066096,-0.9855894328105179,-0.3479678230902031,-0.35945584349670884,-0.2947956426509288,0.32541400628510775,-0.6915713870006338,0.1577142989621253,-0.05222075334861589,0,51.70833333333334,11.541666666666664,Rupicapra_rupicapra,64
550,1.1018651764662404,0.04063373782855314,0.7379192203397402,-0.2575960441623242,-0.38853425945655223,-0.10436958593512242,-0.06121265969852837,-0.2564443316447908,-0.30818761500622105,-0.4401012783105451,-0.03787535304869364,0.05146983499088304,0.09560290171738395,-0.6079864963666233,-0.6659960451055134,0.7799280174336145,0.0756288239990334,0.5796540883519148,-0.1692017023405532,-0.16114814533713173,-0.17767999337372647,0.3821523776459668,0.118658078488652,0.09689657323999978,0.09423338242367656,-0.11831778939694135,-0.24341251566926533,0.438448029159867,-0.9247243146731547,-0.29374594490938083,0.37850144243332884,0.02546775582500699,0.01759560032352567,-0.4431683552169194,-0.39635713812723566,-0.09216309516823937,0.044024829508856854,0.18032402902624653,-0.2280858875762303,0.2617332339948686,-0.0814959039007107,0,47.20833333333334,22.29166666666667,Rupicapra_rupicapra,118
551,1.2076259912628726,-0.16357748542549896,-0.17585867576147213,-0.47581135371701005,-0.6761582287289338,0.019166597623618997,0.011743647716941872,-0.28202754533470387,-0.49270147635840555,-0.5953848425408431,-0.1717711260977886,-0.06807474035836975,-0.32893762702129203,-0.7049563058972128,-0.778207286074684,0.5538624020749908,-0.23029508066456073,0.3135814472642058,-0.32150077931937604,0.3914865765948223,-0.17767999337372647,-0.5670102809718436,-0.023062816177487285,-0.09978055266304961,-0.0479334227879878,-0.18822911755718283,-0.27906620517293657,0.15463825439066772,-0.5704312038931679,-0.24681673757862518,0.08432005686472473,0.1420585262415932,-0.19430627832859465,-0.8579609439649654,-0.5899143982753658,-0.02062863302565616,-0.18830920854356759,0.050243359759681305,-0.2136019657192177,0.22390816671023467,-0.2132340813851373,0,50.37500000000001,21.875,Rupicapra_rupicapra,80
552,-1.3818439253955588,-0.2452619747271198,0.0068969034587703275,-0.6071620705971296,-1.904718033510387,0.9456881737377513,-0.16543603173598345,-0.0783459773694993,-0.7070912433787963,-0.6978615381271679,-0.2133249866992319,-0.45061738147597863,-0.32893762702129203,-0.7053434013091193,-0.8010570385279362,0.1833498655701733,-0.5142834292102696,0.031971654915544136,-0.5319389230287038,-0.1683815841058746,-1.0033433881940812,0.4079745742896632,-0.19852678100223115,-0.44137766607360907,-0.10676106632384892,0.21813047737422075,-0.0027501115194843847,0.8168610621854661,-0.8361510369781581,0.02470224769217527,0.710641716462398,0.5713245445935697,0.16207415394997135,-0.9217751883877416,-0.49313576820130073,-0.17119713801931918,-0.5561714354599063,0.0002123331186946796,-0.41637687171739424,-0.08814863838799511,-0.29618034128273923,0,48.87500000000001,22.875,Rupicapra_rupicapra,98
553,0.7269867074387246,0.04063373782855314,-0.26723646537159335,-0.2443140338598747,-0.6503895353232556,0.24564966217574388,-0.5302178338670762,-0.07672241969067672,-0.17187042210308245,-0.400071319097137,0.19759652369281827,-0.27130051845209946,-0.11666736265195404,-0.4734675089508306,-0.5571322696082631,0.4879308101918289,0.002183561444108681,0.03605012378256164,-0.0390207485744225,-0.22335571874832028,-1.0033433881940812,0.48919805924169213,0.11190946445693108,-0.1515376910585889,0.2560094021472946,0.11180699913052018,-0.26123936042110096,0.8799299010230659,-1.2790174254531415,-0.29374594490938083,0.8150286597286769,-0.022228468436323732,0.229497478975646,-0.28363274415997863,0.039146697206057346,-0.5057938157830147,-0.1302256990304615,0.3754450329260944,-0.6408776605010896,-0.29618650845348166,0.06487984885976333,0,44.70833333333334,2.7083333333333326,Rupicapra_rupicapra,148
554,1.7107469174013799,1.1433743434004344,-0.17585867576147213,-0.2862841733209335,-0.6397789478827098,0.3691858687448974,-0.3704087164203934,-0.07500048163833507,-0.061342968397834895,-0.3168416814509734,0.1421913762242272,0.05146983499088304,0.09560290171738395,-0.5559208805921201,-0.26590699299882764,0.5898192581789731,-0.032090894414856186,-0.4778391760604812,-0.028277660156829188,-0.2855632921595088,0.2351517040364509,-0.5118028724026278,0.1928928328375821,0.055490862523568336,0.24620479489131777,0.14967563521731767,-0.3503735841802791,1.1006708369546654,-1.3971151290464705,-0.30380220362311416,0.9383950472251883,0.014868594878044608,0.2872889004262243,-0.6665182106966364,-0.25118919301613796,-0.3625325945566049,-0.023739264923100276,0.395457443582489,-0.5901839340015456,0.044239097108223574,0.23077236865496722,0,46.95833333333334,5.291666666666667,Rupicapra_rupicapra,121
555,-1.2951050359679674,-0.4903154426319823,1.3775637476105889,-0.09494339390247003,0.3390520802599874,-0.33085266582752204,-0.41904621052174995,-0.2050319720988841,0.3566517656147376,0.3956589150299652,0.39151453983288687,0.6731016268069975,0.30787316608672194,-0.3391420600116887,1.057486782214777,0.5215821974515333,0.16376313906494305,-1.3562675056480145,0.3452026489489147,-0.4244453165193716,-0.5079453513018684,-0.0341421755123945,0.48308323620158156,0.49025082504609857,0.5109291908026927,-0.1692947995137841,-0.4127675408117038,0.24924151264706748,-0.9837731664698192,-0.3641397559055143,0.21717616647635238,-0.5998827400457736,0.229497478975646,-0.8579609439649654,-0.25118919301613796,-0.41406817480986374,0.3538035469120895,0.6506156794515208,-0.6770874651436212,-0.2678177079900062,1.021201433561527,0,41.62500000000001,15.20833333333333,Rupicapra_rupicapra,185
556,1.3874122397222495,0.48989842898746777,0.281030272289134,-0.23777917430790943,-0.016783076738667174,-0.3514420144137042,-0.09595378371101339,-0.30770912063041883,-0.19987071037507848,-0.32066495102482545,-0.010172779314398124,0.03951537745595776,0.09560290171738395,-0.6089542625842976,-0.6627941783366167,0.8796081780255776,0.14613639559157648,0.6868601060713251,-0.1401321689753007,-0.24794941056204597,1.2259477778208765,-0.5539128796627996,0.14565253461553568,0.12795085627732336,0.12364720419160712,-0.25959693172076265,-0.46624807506721067,0.21770709322826756,-1.0132975923681515,-0.46135025680493663,0.19819672224611987,-0.19711462406120303,-0.09798724257763088,-0.4431683552169194,-0.39635713812723566,-0.11946926082481682,0.10210833902196297,0.2253519530031345,-0.2498117703617492,0.4319460367757212,-0.03758317807256849,0,47.70833333333334,17.875,Rupicapra_rupicapra,112
557,0.9489118474353997,0.8983208754955719,0.09827469306889156,-0.3051861668266348,-0.044446641808796074,0.08093470474326445,-0.5858036455397393,-0.10702867955362738,-0.05330460812836235,-0.3400753965536127,0.23915038429426153,-0.11589257049807085,0.09560290171738395,-0.5383076055731463,0.8831301007022152,0.5142118107198935,-0.07086990936598568,-1.7903349835300935,0.06967402835652159,-0.3130503594807317,-0.26024633285576193,-0.5237133796809256,0.19964144686930302,-0.058374841946618156,0.329543956567121,-0.03384160120331623,-0.4305943855635394,0.848395481604266,-1.4266395549448028,-0.3607876696676031,0.710641716462398,-0.3243045554247516,0.30655270757641706,-0.570796844062472,-0.009242617830975207,-0.5613676318023872,-0.12054511411161047,0.4805101888721663,-0.7857168790712158,-0.9581251859345751,0.7626042703513563,0,47.95833333333334,0.20833333333333276,Rupicapra_rupicapra,109
558,1.183186629765145,-0.08189299612387813,-0.17585867576147213,-0.3763181768667647,-0.6314419751460457,0.9250987944710196,-0.28008171447180985,0.036532420695008776,-0.1304728667152988,-0.3506629122965876,0.09140332437801876,0.09928766513058415,-0.11666736265195404,-0.5280493095078451,0.7921676926816104,0.32475699579851114,-0.1932786802908602,-1.1698223572962343,-0.09779176168243296,-0.036732998514754665,0.31771804351848637,0.47334168326026266,0.14565253461553568,0.014085151807136884,0.20208406223942194,0.45408120991503576,0.1309512241192828,1.1322052563734655,-1.0428220182664836,0.12191274859159765,1.2230867106786762,-0.038127209856767305,0.3980557915398326,-0.9536823105991298,-0.4447464531642682,-0.31811200112935567,-0.07214218951735538,0.3154078009569104,-0.5105223637879762,-0.4002054434862249,0.7967586126621335,0,44.87500000000001,9.208333333333332,Rupicapra_rupicapra,146
559,1.248288297992376,0.24484496108260523,-0.08448088615135091,-0.46569865457178206,-0.7129165417314127,0.5133114430755765,-0.4642096452326063,-0.0681619008480108,-0.40250437550136564,-0.6447932493413926,0.03138108128704515,-0.3669361787315017,-0.32893762702129203,-0.6391484430572227,-0.4133388794639575,0.40525712312998297,-0.29238077341571245,0.25201575580887287,-0.20838237774589352,0.3205988766611423,-0.17767999337372647,-0.4228637104759971,-0.002816974082324531,-0.296457678566099,0.14815872233154925,0.0826772790637529,-0.3414601618043613,0.848395481604266,-1.3675907031481382,-0.30045011738520305,0.7960492154984443,0.05726523866589414,0.34508032187680254,-0.6984253329080246,-0.15441056294207287,-0.45348904776478194,-0.3528791521640349,0.3054015956287131,-0.7060553088576464,0.044239097108223574,0.07951742413581073,0,49.62500000000001,7.208333333333332,Rupicapra_rupicapra,89
560,-1.229402311872948,0.24484496108260523,-0.5413698342019571,-0.41039744549889323,-1.2279111608511062,1.0074562808573968,-0.3113487790937947,0.06014761402476219,-0.5743913125969203,-0.6573740936656065,-0.06096083116060657,-0.39084509380135224,-0.32893762702129203,-0.5733405986758381,-0.6677425355536996,0.30626507441245987,-0.245571671368022,-1.5935965724848797,-0.3385633315120242,-0.37381124513817166,-0.6730780302659393,1.8466282330726165,-0.0635545003678128,-0.3171605339243147,0.05501495339976914,0.5050582200318785,-0.10971118003049814,1.699824805911864,-1.456163980843135,-0.06245199449351376,1.4793092077868153,0.2957463599725477,0.5906938630417602,-0.6665182106966364,-0.29957850805317054,-0.3217656430129822,-0.3335179823263329,0.1703178236980492,-0.4960384419309636,-1.0999691882519522,-0.13028782148753537,0,43.70833333333334,18.70833333333333,Rupicapra_rupicapra,160
561,0.5214454174923672,0.28568720573341566,0.4637858515093765,-0.1376161185137233,-0.14752127087309735,-0.24849521012169445,-0.13416896711399862,-0.2622005406492333,-0.13392266299761413,-0.27684439975529057,0.059083655021340664,0.11124212266550942,0.09560290171738395,-0.5537917912215153,-0.6095265944205124,0.9515849041414577,0.26756583657914434,0.7264795602575682,-0.0674583355621695,-0.2855632921595088,-0.095113653891691,-0.5928117161413445,0.20639006090102394,0.20041085003107842,0.17267024047149138,-0.14162156545035517,-0.3503735841802791,0.5015168679974669,-1.1609197218598126,-0.38425227333298095,0.39748088666356135,-0.12292049743246636,-0.0016682068266670863,-0.28363274415997863,-0.29957850805317054,-0.11754629141238179,0.20859477312932417,0.2903922876364171,-0.2642956922187618,0.35629590220645335,0.0063295477555737195,0,45.87500000000001,19.125,Rupicapra_rupicapra,134
562,0.35386410236804317,0.5307406736382781,-0.906880992642442,-0.47548469051064657,-0.4287031390732654,-0.08378023734894026,-0.19670309635796826,-0.27828845303859456,-0.5020460701716674,-0.6081944294891337,-0.07019502240537175,-0.18761931570762252,-0.32893762702129203,-0.6933431482023306,-0.7674373402961873,0.5765412475647779,-0.20483399654227916,0.3388292810199398,-0.29748681697416746,-0.3694711818769259,-0.17767999337372647,-0.45179530045419575,0.003931639949396387,-0.14118626337948106,0.05011264977178072,-0.25085801570073246,-0.3592870065561969,0.12310383497186779,-0.6885289074864969,-0.34067515224013645,0.05585089051937594,-0.006329727015880157,-0.19430627832859465,-0.7622395773308009,-0.39635713812723566,-0.1961957403809746,-0.22703154821897167,0.1703178236980492,-0.41637687171739424,0.18608309942560075,-0.13028782148753537,0,51.62500000000001,17.375,Rupicapra_rupicapra,65
563,0.4152710167423479,-0.12273524077468854,-0.3586142549817146,-0.24202679313106948,0.8479835581845163,-0.5161569871864584,-0.5024249611624623,-0.26013421498642336,0.26461254052927696,0.30586109632103015,0.36381196609859134,0.6252837966672964,0.30787316608672194,-0.3199803664278779,0.8167639633425725,0.07812910210153746,-0.40734714486127155,-1.352188962694369,0.31992479384869515,-0.30726360846573736,0.5654170619645927,0.6905906883859241,0.4223457099160933,0.35568226521769636,0.501124583546716,-0.3673768959678016,-0.36820042893211474,-0.4445157145665308,-0.1275648154181845,-0.38425227333298095,-0.43761465946666966,-0.8224651199319836,0.08020297356165214,-1.3684748993471758,-0.4447464531642682,-0.4806029164801159,0.15051126361621806,0.675631192772014,-0.8653784492847851,-0.29618650845348166,0.9577719406986549,0,37.458333333333336,14.291666666666664,Rupicapra_rupicapra,235
564,0.9217821363039235,0.5307406736382781,0.646541430729619,-0.1715483089317535,-0.008067216404160095,-0.3720313629998864,-0.06121265969852837,-0.3069219462682459,-0.15197548043613787,-0.2871378178387384,-0.005555683692015537,0.09928766513058415,0.09560290171738395,-0.5803085006762094,-0.6226251756235748,0.909857934505083,0.2131184391797232,0.7130790673458396,-0.10853485010002627,-0.30726360846573736,1.3910804567849475,-0.6026026992176441,0.17939560477414027,0.1797079946728627,0.13835411507557238,-0.2421190996807023,-0.38602727368395034,0.2807759320658674,-0.9837731664698192,-0.4077168769983588,0.19819672224611987,-0.1600175607468347,-0.08835533900253449,-0.34744698858275497,-0.3479678230902031,-0.09600903399310942,0.15051126361621806,0.22034885033903584,-0.20636000479071137,0.3468396353852949,-0.01318721927915615,0,46.37500000000001,20.70833333333333,Rupicapra_rupicapra,128
565,0.5076684361797629,-0.3269464640287406,-0.8155032030323207,-0.46444076191357825,-1.0532147051670917,0.9045094458848375,-0.5197955231687048,0.0872560050199788,-0.23456963220496832,-0.4315397686665345,0.09140332437801876,-0.27130051845209946,-0.32893762702129203,-0.6292772608624334,0.02502714172360826,0.3616946283714755,-0.30922423224895673,-1.8771484902195035,-0.11738209938510312,-0.04685981279099466,-1.0033433881940812,-0.36984321468929304,0.07141778026660557,-0.23434911249145182,0.21679097312338722,0.34775773167133517,-0.18101855903784064,1.3844806117238648,-1.485688406741467,-0.11943746053800275,1.3084942097147225,0.136758945768112,0.634037429129694,-0.8579609439649654,-0.15441056294207287,-0.5069475974304758,-0.3431985672451839,0.36543882759789703,-0.7857168790712158,-1.1756193228212202,0.3088394367938867,0,49.87500000000001,4.291666666666667,Rupicapra_rupicapra,86
566,1.2089026959441973,0.5307406736382781,0.7379192203397402,0.44656777876818865,0.6535814057315761,-0.7838187642512223,-0.26618534438293834,-0.3480026399646683,0.3462018972644233,0.3854635294996931,0.4192171135671824,0.33837681582908974,0.30787316608672194,-0.09855632707014632,1.770923202983319,1.3343946747914883,1.1238396948607896,-1.3174247756688888,0.30918170543110185,-0.4475923205793487,1.3910804567849475,-0.07964627904158166,0.47633462216986067,0.5730622464789614,0.4570038508948201,-0.3062044838275903,-0.5108151869467997,-0.349912456310131,-0.6590044815881647,-0.4546460843291144,-0.20986132870387939,-0.8383638613524271,0.21986557540054963,0.6416737999702777,0.039146697206057346,-0.280806394528116,0.8571939626923424,0.5155319075208569,-0.10497255179162311,-0.797368649974881,1.0602349676309868,0,35.958333333333336,9.208333333333332,Rupicapra_rupicapra,253
567,-1.4607719524369922,0.48989842898746777,0.7379192203397402,-0.44468910504358405,-0.8360756828832766,0.7192051245259011,-0.4850543991562198,0.021182492481060917,-0.20522961722139352,-0.41095293249963893,0.0821691331332536,-0.18761931570762252,-0.11666736265195404,-0.6269546330151781,-0.3763717435198122,0.39651583382390926,-0.28415493987150553,-1.8779253440782198,-0.10474317183499333,-0.35934436760068594,0.07001902507237993,-0.5682102007549239,0.09166362236176832,-0.17224054641680464,0.21679097312338722,0.22249993538423585,-0.27015278279701876,1.0691364175358655,-1.456163980843135,-0.22000004767533624,1.071251156836816,0.07316398008633772,0.5040067308658928,-0.8898680661763535,-0.20279987797910543,-0.4636807856506876,-0.2947956426509288,0.3854512382542917,-0.7784749181427094,-1.1756193228212202,0.1575844922747302,0,49.37500000000001,5.458333333333332,Rupicapra_rupicapra,92
568,1.2272108201501337,-0.36778870867955105,-0.08448088615135091,-0.32964293055116745,-0.2612066319363563,0.49272207531405093,-0.8046727003130208,0.12627033551815678,0.09942423699161608,0.14469557890019044,0.400748731077652,0.05146983499088304,0.30787316608672194,-0.3720460006609863,0.6799564794719636,-0.0733039609689166,-0.582440549183369,-1.425795953785603,0.27189686915827804,0.17593010128628522,-1.0033433881940812,-0.04595834758246243,0.3008706573451168,-0.04802341426751029,0.49622227991872747,0.18317481329410001,-0.06514406815090908,0.6276545456726665,-0.9837731664698192,-0.07921242568306935,0.710641716462398,-0.25541000926949614,0.4269515022651218,-0.9855894328105179,0.0875360122430899,-0.8025079961217403,-0.2367121331378227,0.6306032687951262,-1.0898792380684805,-0.4191179771285418,0.7577250785926738,0,43.37500000000001,-5.041666666666666,Rupicapra_rupicapra,164
569,-1.5156486263882574,0.44905618433665734,0.09827469306889156,-0.3941093559283606,-1.5117456397718076,0.8015626109122782,-0.23144422037045329,-0.035986113604722696,-0.5077734018636666,-0.6141417377151258,-0.033258257426311055,-0.22348268831239837,-0.32893762702129203,-0.6288901654505269,-0.36458299545348455,0.5329101376620955,-0.1672300579761023,0.3761182662383191,-0.28611178217906863,-0.37091786963067447,0.1525853645544154,-0.13814749096736104,0.003931639949396387,-0.17224054641680464,0.05501495339976914,0.34047530165464335,-0.020576956271320012,1.0691364175358655,-1.0428220182664836,0.04816685135755308,1.0143128241461183,0.608421607907938,0.3643441290269953,-0.5069825996396957,-0.29957850805317054,-0.22811703262739613,-0.22703154821897167,0.16531472103395053,-0.4091349107888879,0.1577142989621253,0.06000065710108086,0,48.54166666666667,12.95833333333333,Rupicapra_rupicapra,102
570,0.9931435550004386,0.44905618433665734,0.37240806189925524,-0.13833485733895776,-0.0978787557261913,-0.2896739072940588,-0.4155721511312498,-0.24566989781131907,-0.18111453641297587,-0.40036541675666404,0.1791281412032879,-0.2593460609171742,-0.11666736265195404,-0.40127243337484236,0.8835667024946188,0.6119360196101515,0.21174761634712458,0.04886829579883594,-0.07946531673477378,0.4131868929010508,1.2259477778208765,1.470932470008677,0.10516085042521016,-0.08942912498394175,0.2364001876353409,-0.17220777152046082,-0.39494069605986815,0.3753791903222672,-1.1609197218598126,-0.4177731357120921,0.40697060877867763,-0.4249965844208943,0.07538702177410395,0.003531355742514714,-0.009242617830975207,-0.42618288210820443,0.03434424459000584,0.3204109036210091,-0.43810275450291314,-0.3340115757381155,0.7479666950753089,0,41.79166666666667,-1.9583333333333333,Rupicapra_rupicapra,183
571,-1.1208911044006238,0.3265294503842261,0.1896524826790128,-0.24241886874994042,-0.9137606506981545,0.8015626109122782,-0.23144422037045329,0.017197392948002366,-0.24371326701149335,-0.3609563303800354,0.049849463776575495,-0.056120282823444466,-0.11666736265195404,-0.5344365407024486,-0.6105453689488194,0.6686905460062758,0.07817502206612306,-1.5566959493700592,-0.1470835791278611,-0.34777086557069736,0.31771804351848637,1.5212608074117242,0.118658078488652,0.014085151807136884,0.1579633295875261,0.5021452480252018,-0.0027501115194843847,1.5421527088178644,-1.2790174254531415,0.034758506405908614,1.3464530981751874,0.26924845760514177,0.6051417184044048,-0.4431683552169194,-0.29957850805317054,-0.249846586987912,0.005302489833452779,0.26537677431592377,-0.3801670670748627,-0.9013875850076242,-0.01806641103783862,0,44.79166666666667,16.541666666666668,Rupicapra_rupicapra,147
572,-0.0926915380195415,0.44905618433665734,0.09827469306889156,-0.7734415200455835,-2.104046375248139,1.7898522634655063,-0.40514984043287844,0.45604750336532857,-0.91561970603603,-0.9137292202200444,-0.25026175167829257,-1.024431343152392,-1.178018684498644,-0.6993432839850277,-0.8086251175375363,-0.250536038187333,-0.8444933416111926,-0.29547257066234633,-0.7265784073003944,-0.3347506757869602,-0.095113653891691,3.7222011757123803,-0.44147688614418423,-0.9382461946707865,-0.19990483525562902,1.2172798756643386,0.5766223429151734,2.109772258356263,-1.101870870063148,0.735344530129332,2.162569200075186,1.6948356049715823,0.9518902471078744,-0.8579609439649654,-0.29957850805317054,-0.3817622886809552,-1.0111589266459042,-0.08984351483508124,-0.6263937386440771,-0.542049445803602,-0.3937641764563886,0,47.45833333333334,13.70833333333333,Rupicapra_rupicapra,115
573,-0.5728137406469525,-0.00020850682225728276,0.281030272289134,-0.9708923273338659,-2.104046375248139,2.05751404053027,-0.5441142702193831,0.9240723304406814,-0.9966061857509659,-0.9760125690043349,-0.2779643254125881,-1.0961580883619437,-1.390288948867982,-0.7121177463742349,-0.6588645956478408,-0.7541734369258544,-1.2589203987535678,-1.9330820236120434,-0.7670229754607456,-0.5372869613117601,0.7305497409286638,4.621989898643134,-0.542706096619998,-1.1763290312902672,-0.20480713888361746,1.7008332287726757,0.5587954981633378,3.5918899710398593,-1.5447372585381316,0.6548944604194652,3.348784464464719,1.4192574203505604,1.8139456170790003,-1.5280105104041166,-0.49313576820130073,-0.5219467588474691,-1.3499793988056898,-0.06482800151458794,-0.9160721757843292,-2.0739646708312756,-0.04734156158993342,0,46.37500000000001,7.374999999999999,Rupicapra_rupicapra,128
574,-0.7726191424976488,0.28568720573341566,1.0120525891701038,-0.393031048262422,-0.8262228706384168,0.5750795463601533,-0.40167564851550747,-0.037757260611541076,-0.17950686435908136,-0.38477824080172884,0.08678622875563619,-0.08002919789329502,-0.11666736265195404,-0.590760316759556,-0.32790700139633877,0.40129368835298834,-0.22285253176047606,-1.8363636163327586,-0.10979874285503725,-0.24794941056204597,0.31771804351848637,0.5550406106181788,0.11190946445693108,-0.08942912498394175,0.1971817586114335,0.18026184128742329,-0.3236333170525256,1.1006708369546654,-1.4266395549448028,-0.29709803114729194,0.9668642135705371,0.02546775582500699,0.38842388796473626,-0.8579609439649654,-0.29957850805317054,-0.3886849785657213,-0.19798979346241863,0.35543262226969974,-0.6626035432866085,-1.194531856463537,0.16734287579209514,0,47.29166666666667,4.958333333333333,Rupicapra_rupicapra,117
575,0.6783497366910948,-3.1042191002838493,-0.08448088615135091,-0.5511420229849628,-1.0308565783756478,0.7192051245259011,-0.5128472718608337,-0.009812542602826395,-0.2711441714310684,-0.5355196300682198,0.05446655939895808,-0.24739160338224891,-0.11666736265195404,-0.6896656587254942,-0.4743200578141138,0.31896979849552815,-0.42556157595188365,0.11995041461054301,-0.1527710965254105,6.15364389977538,-0.9207770487120457,-0.6118900899801769,0.044423324139721894,-0.2654033955287754,0.18247484772746822,0.11617645714053527,-0.2968930499247722,0.9429987398606657,-1.338066277249806,-0.24681673757862518,0.8055389376135607,0.1420585262415932,0.2824729486386761,-0.9855894328105179,-0.20279987797910543,-0.46906510000550566,-0.43032383151484305,0.35543262226969974,-0.8364106055707599,0.07260789757169901,0.0990341911705406,0,52.54166666666667,8.374999999999998,Rupicapra_rupicapra,54
576,1.1683557350584275,-0.4494731979811719,-0.906880992642442,-0.4671037251581276,-0.27750154525342974,-0.1661376930547679,-0.1133243457172559,-0.3053967877306596,-0.4788353048935654,-0.5905812474352342,-0.09328050051728468,-0.0919836554282203,-0.32893762702129203,-0.7082466999621425,-0.7803903783152738,0.6549708779130444,-0.16390057526889032,0.3794198627249634,-0.27852842564900276,0.35821275825860516,-1.7464404435324004,-0.5526104756277835,0.017428868012838224,-0.07907769730483388,0.030503435259827013,-0.28872665178752993,-0.39494069605986815,0.06003499613426795,-0.7180533333848291,-0.38090018709506984,0.00840227994379463,-0.06992469269765444,-0.21357008547878742,-0.7941466995421891,-0.49313576820130073,-0.12139223023725185,-0.14958686886816353,0.15530851570575321,-0.33671530150382484,0.2428207003525516,-0.14980458852226525,0,52.04166666666667,18.041666666666668,Rupicapra_rupicapra,60
577,-0.02432884791342343,0.20400271643179482,0.1896524826790128,-0.4979319171174003,-1.1418892925787703,1.04863503939086,-0.2905040251701812,0.03904151434180616,-0.6087553027489154,-0.6770459593361956,-0.10251469176204984,-0.4147540088712028,-0.32893762702129203,-0.590760316759556,-0.6875359644220308,0.09738937307144152,-0.4330039754311991,0.020707227660016272,-0.4030218620175841,-0.28411660440576025,0.7305497409286638,1.108940404931709,-0.11079479858985922,-0.38962052767806976,0.0010896134918964551,0.4278644618549452,-0.10971118003049814,1.4790838699802644,-1.3971151290464705,-0.07921242568306935,1.3464530981751874,0.24805013571121703,0.4895588755032482,-0.8898680661763535,-0.39635713812723566,-0.2975362284163008,-0.47872675610909815,0.11528369439296392,-0.5250062856449887,-0.21108010706305533,-0.17420054731567758,0,43.29166666666667,20.20833333333333,Rupicapra_rupicapra,165
578,-0.2646214967912904,0.4082139396858469,0.4637858515093765,-0.30837193080102654,-0.4552297522330416,0.986866901590665,-0.3565122138046511,0.14201389783248408,-0.014318560821420488,-0.29890172421982153,0.156042663091375,0.21883224047983693,-0.11666736265195404,-0.5052101079885927,0.8669751681547081,0.42039334387316046,-0.09260971903622493,-1.5353324775161912,0.024805835553631878,-0.27977654114451456,0.6479834014466282,-0.24478495732208094,0.2266359029961867,0.12795085627732336,0.2903255275432136,0.5982733242455338,0.2913928268858034,0.9429987398606657,-0.8361510369781581,0.3163337503904424,1.0238025462612346,-0.14941839979987231,1.0771049935841273,-1.0494036772332942,-0.39635713812723566,-0.36426326702779643,0.024663659671154817,0.45549467555167295,-0.6408776605010896,-0.6744371812998208,0.8504297220076407,0,43.29166666666667,17.208333333333332,Rupicapra_rupicapra,165
579,0.6049961003967615,0.4082139396858469,0.0068969034587703275,-0.37880135569096196,-0.5461779543486015,0.10152408400999609,-0.3495639624967799,-0.16724756517914924,-0.13288437479614057,-0.35595667016807503,0.077552037510871,0.003652004851181927,0.09560290171738395,-0.6288901654505269,-0.6822965208369963,0.574195449819434,-0.14881973101307502,0.39437439674395014,-0.09273619066238906,-0.3347506757869602,-0.26024633285576193,0.01814971946143571,0.13890392058381476,-0.006617703551078841,0.21188866949539878,-0.07462320929679042,-0.3592870065561969,0.6591889650914664,-1.1904441477581449,-0.3205626348126697,0.530336996275189,0.02546775582500699,0.04649131104881481,-0.7941466995421891,-0.29957850805317054,-0.3442643851384721,-0.11086452919275945,0.3704419302619957,-0.6191517777155707,0.30901456810066097,0.030725506548986058,0,49.45833333333334,8.624999999999998,Rupicapra_rupicapra,91
580,-1.56050492643018,0.3265294503842261,1.5603193268308313,-0.36726733257030497,-0.7762013233352558,0.10152408400999609,-0.3843050865092649,-0.15785064425211648,-0.1433342431464549,-0.3662500882515228,0.0821691331332536,-0.03221136775359391,-0.11666736265195404,-0.6068251732136929,-0.8397706371607437,0.5362711594794154,-0.12472976857293047,0.41826259270408916,-0.07693753122475183,-0.2855632921595088,1.143381438338841,-0.5482366989765878,0.13215530655209384,-0.027320558909294565,0.21679097312338722,-0.07462320929679042,-0.30580647230069,0.438448029159867,-0.8951998887748225,-0.26022508253026966,0.36901172031821255,0.12086020434766843,-0.07872343542743812,-0.7941466995421891,-0.25118919301613796,-0.37233973856002356,-0.0915033593550574,0.410466751574785,-0.6626035432866085,0.290102034458344,-0.022945602796521084,0,47.95833333333334,7.541666666666668,Rupicapra_rupicapra,109
581,0.7583376024268335,0.20400271643179482,0.1896524826790128,-0.26074920164450566,-0.7561169558061053,0.45154333979099975,-0.34608990310627974,-0.05763343671605396,-0.07219475476162283,-0.32213543932246086,0.1421913762242272,0.03951537745595776,0.09560290171738395,-0.5342429837671927,-0.5887143910238742,0.6100030329771091,0.020202395511843996,-0.4397733184617287,-0.0390207485744225,-0.39695824919814876,0.31771804351848637,0.2255198140140052,0.17939560477414027,0.04513943484446047,0.24130249126332934,0.22541290739091258,-0.30580647230069,1.289877353467465,-1.456163980843135,-0.25016882381653627,1.1186997674123973,0.06786439961285652,0.3017367557888688,-0.570796844062472,-0.25118919301613796,-0.3509947780819947,0.014983074752303798,0.3754450329260944,-0.5322482465734951,0.044239097108223574,0.07463823237712826,0,46.12500000000001,5.291666666666667,Rupicapra_rupicapra,131
582,-1.0379162290015338,0.44905618433665734,-0.5413698342019571,-0.5700767226969179,-0.39383955317682506,0.10152408400999609,-0.2835559063891808,-0.23351787600053964,-0.42072465877883675,-0.6059070032483675,-0.028641161803928467,-0.08002919789329502,-0.32893762702129203,-0.717537211351164,-0.7956720795184498,0.42970259853591486,-0.3660219318430524,0.17899138195960484,-0.23492412560112405,-0.36802449412317734,0.1525853645544154,-0.3439895762371086,0.02417748204455914,-0.1308348357003732,0.1040379896796534,-0.2173588376239501,-0.48407491981904627,0.2807759320658674,-1.1313952959614804,-0.42112522195000324,0.2836042212821662,-0.13351965837942875,-0.06427558006479354,-1.1451250438674587,-0.49313576820130073,-0.26542263922863574,-0.2851150577320778,0.26537677431592377,-0.5974258949300518,0.19553936624675922,-0.0961334791767581,0,53.20833333333334,13.791666666666664,Rupicapra_rupicapra,46
583,0.806927170772929,0.612425162939899,0.5551636411194977,0.2944687631537272,0.7555193720023486,-0.9691230242490597,-0.25923709307506715,-0.41348577642388573,0.2155785428854944,0.11401138975619846,0.3545777748538262,0.31446790075923914,0.09560290171738395,-0.1552672169977655,1.5609093019419185,1.0731009241662015,0.8412224679972178,-1.382292137697494,0.2169175343153005,-0.45771913485558874,1.473646796266983,2.1192532478404207,0.3818540257257678,0.4695479696878828,0.3883716001029821,-0.5144819823049764,-0.6979970568410738,-0.41298129514773085,-0.8361510369781581,-0.6658275173175148,-0.29526882773992574,-0.8860600856137579,-0.11725104972782363,0.3545097000677844,-0.05763193286800776,-0.25792305852013914,0.6635822643153221,0.47050398354396894,-0.18463412200519247,-0.8162811836171979,1.011443050044162,0,35.708333333333336,5.958333333333332,Rupicapra_rupicapra,256
584,-0.8109997477966309,0.36737169503503647,-0.17585867576147213,-0.5076851471359677,-0.3873974521046115,-0.0631908887627581,-0.1758583424343548,-0.27853446027554385,-0.49993600060093085,-0.605678260624291,-0.08404630927251949,-0.1398014855679214,-0.32893762702129203,-0.7125048417861414,-0.7875218277729463,0.5765698138696997,-0.23871681008118287,0.3052302543917635,-0.29622292421915647,-0.3550043043394402,-0.34281267233779744,-0.5048901648246354,0.003931639949396387,-0.12048340802126532,0.04521034614379229,-0.2537709877074092,-0.39494069605986815,0.15463825439066772,-0.8656754628764903,-0.38760435957089207,0.12227894532518978,-0.08052385364461684,-0.15096271224066096,-0.8898680661763535,-0.49313576820130073,-0.17715834319786777,-0.21735096330012066,0.18032402902624653,-0.4236188326459005,0.2049956330679177,-0.13516701324621783,0,52.45833333333334,16.708333333333332,Rupicapra_rupicapra,55
585,0.12828410553973327,0.44905618433665734,0.37240806189925524,0.023419269675309818,0.2075559663714594,-0.6602825500119315,-0.3947273972076363,-0.32773288606292755,0.07370148412930391,-0.00928088462109843,0.3314922967419133,0.1829688678750611,0.09560290171738395,-0.2621081348887231,0.9982521775913787,0.6150046568947424,0.36059650248204894,0.21938785669947702,0.13539645161709243,0.4131868929010508,1.2259477778208765,0.15681552979576188,0.2873734292816749,0.231465133068402,0.36386008196304,-0.3600944659511098,-0.5464688764504709,-0.09763710095973166,-0.954248740571487,-0.5384482402768923,0.08432005686472473,-0.6528785447805855,-0.16541056760330552,0.03543847795390286,-0.009242617830975207,-0.3871466030357733,0.29572003739898334,0.44548847022347565,-0.4236188326459005,-0.10706117203031207,0.8992216395944653,0,39.62500000000001,-1.4583333333333333,Rupicapra_rupicapra,209
586,-1.390919740617661,0.44905618433665734,0.09827469306889156,-0.4097439196580793,-1.6614313579438447,0.8015626109122782,-0.26618534438293834,-0.04740015124008873,-0.55359205539966,-0.6425058231006264,-0.02402406618154588,-0.34302726366165115,-0.32893762702129203,-0.5944378246949976,-0.6680336219216513,0.38020951482618937,-0.2479219735626965,0.29610218913894804,-0.3354035996244968,-0.3347506757869602,-0.095113653891691,2.5728677211282576,-0.05005727230437096,-0.27575482320788325,0.03540573888781544,0.3171715256012295,0.15769149124703624,0.6907233845102664,-0.5999556297915002,0.2090669907772867,0.6252342174263517,0.8628014706350352,0.051307262836363,-0.3793541107941431,-0.25118919301613796,-0.26888398417101883,-0.31415681248863087,0.11028059172886526,-0.3946509889318753,0.06315163075054053,-0.1254086297288529,0,47.29166666666667,11.541666666666664,Rupicapra_rupicapra,117
587,0.6994530225075057,-0.2452619747271198,0.0068969034587703275,-0.5343146798674175,-1.515156206386042,0.739794488452358,-0.14111721842186978,-0.1202138641958118,-0.5900661151223918,-0.6571453510415299,-0.16715403047540603,-0.3191183485918006,-0.32893762702129203,-0.6883107786373079,-0.7755875642821668,0.32295591827937237,-0.3879574879609376,0.13762392787420802,-0.4403066982904079,-0.1683815841058746,-1.0033433881940812,1.6064311295606746,-0.11754341262158013,-0.30680910624520685,-0.05773803004396466,0.14676266321064094,-0.07405749052682689,0.7537922233478662,-0.8656754628764903,-0.0490436495418693,0.6442136616565842,0.45473377417698346,0.13317844322468222,-0.8260538217535772,-0.49313576820130073,-0.14696772342263778,-0.410962661677141,0.045240257095582645,-0.3729251061463564,-0.09760490520915359,-0.24250923193723212,0,48.79166666666667,22.95833333333333,Rupicapra_rupicapra,99
588,-1.6962814500551409,0.3265294503842261,0.0068969034587703275,-0.6391175298176781,-0.6625159622719968,0.9456881737377513,-0.7143457646278727,0.12494203156619457,-0.2064353712618144,-0.44830333525957805,0.20221361931520085,-0.16371040063777198,-0.32893762702129203,-0.6248255621031786,0.20025713785907304,-0.08342735532194252,-0.6517728949661902,-1.8695741512057775,0.016590532646060523,-0.25518284933078883,-0.4253790118198329,0.15707035127289254,0.09166362236176832,-0.296457678566099,0.31973934931114417,0.1758923832774082,-0.24341251566926533,0.9114643204418659,-1.2494929995548092,-0.16636666786875837,0.8529875481891419,-0.17061672169379707,0.5521662487413747,-1.3684748993471758,-0.20279987797910543,-0.7082824949124237,-0.4884073410279492,0.4955194968644623,-1.0826372771399744,-0.995950253219209,0.43569842251963087,0,50.95833333333334,-2.8750000000000004,Rupicapra_rupicapra,73
589,0.7474887727956752,0.44905618433665734,0.37240806189925524,0.012669298078351305,0.19467161966862023,-0.6602825500119315,-0.3877792784266359,-0.32822486300139164,0.06365353379246323,-0.01718884391060435,0.32225810549714806,0.1829688678750611,0.09560290171738395,-0.26830188298249197,0.9899562993833276,0.6007573523458964,0.3415986373265454,0.19996649170991415,0.1252853095770046,0.4131868929010508,1.2259477778208765,0.30826909734384106,0.28062481524995403,0.22111370538929415,0.3540554747070631,-0.36155095195444814,-0.5375554540745532,-0.06610268154093174,-0.954248740571487,-0.5384482402768923,0.11278922321007351,-0.6369798033601419,-0.1750424711784019,0.003531355742514714,-0.009242617830975207,-0.38330066421090325,0.28603945248013235,0.44048536755937695,-0.4236188326459005,-0.11651743885147055,0.8943424478357829,0,39.708333333333336,-1.4583333333333333,Rupicapra_rupicapra,208
590,-0.7235205250284096,0.44905618433665734,-0.5413698342019571,-0.5533311450950069,-0.961508511018228,0.8015626109122782,-0.5024249611624623,0.015032686911673306,-0.23376579617802107,-0.6132267672188193,0.077552037510871,-0.15175594310284668,-0.32893762702129203,-0.6836655229427973,-0.4706815614932896,0.3099187608243219,-0.42144850975501097,0.12402903165081636,-0.1072709573450153,-0.36802449412317734,0.1525853645544154,-0.5547752255549344,0.07141778026660557,-0.20329482945412822,0.22169327675137562,0.16278400924736294,-0.27906620517293657,1.1006708369546654,-1.3971151290464705,-0.24011256510280293,0.9289053251100721,0.15265768718855557,0.35952817723944713,-1.1451250438674587,-0.29957850805317054,-0.487910200247369,-0.3528791521640349,0.40046054624658767,-0.8436525664992662,0.12934549849864987,0.13318853348131787,0,51.70833333333334,8.208333333333332,Rupicapra_rupicapra,64
591,-1.1493138477072866,1.3067433220036762,2.382719433321922,0.25834735091160954,0.49328520853780244,-0.22790580017441334,-0.5962259562381107,-0.06983462994587573,0.6178984743725955,0.6505435532867676,0.6223693209520161,0.7448283720165492,1.156954223564074,-0.048813339142898565,1.3169843664651018,0.5396265800604763,0.26756583657914434,-1.2706192890075074,0.6207312695413079,-0.40419168796689164,0.8956824198927347,-0.20435775693546268,0.6652958150580464,0.67657652327004,0.697216728666253,0.10452456911382836,0.22899887025437876,-0.5706533922417305,0.19720386946347004,0.1923065595877311,-0.47557354792713474,-0.8595621832463519,1.1060007043094164,-0.3155398663713668,0.0875360122430899,-0.5867508280465297,0.5958181698833649,0.8107149647026779,-0.7277811916431653,-0.20162384024189686,1.0797517346657166,0,36.87500000000001,8.291666666666666,Rupicapra_rupicapra,242
592,-0.5136339491047359,0.44905618433665734,0.37240806189925524,-0.12444828079103154,0.02490149782782964,-0.3720313629998864,-0.5024249611624623,-0.2178727691306002,0.19106154406360312,0.2341012673964227,0.3822803485881217,0.4101035610386414,0.09560290171738395,-0.2359785762217515,0.93392358928835,0.2392381607788156,-0.26026072387900695,-0.9363775412312931,0.24914679956808042,0.4131868929010508,1.2259477778208765,2.1525165290124053,0.368356797662326,0.27287084378483345,0.4766130654067738,-0.21298937961393502,-0.4216809631876216,-0.034568262122131814,-0.8361510369781581,-0.4043647907604477,0.2646247770519337,-0.4779923891557062,-0.06427558006479354,-0.6027039662738601,-0.10602124790504032,-0.513485693432755,0.14083067869736704,0.5555567288336463,-0.6988133479291401,-0.11651743885147055,0.9138592148705127,0,40.62500000000001,0.20833333333333276,Rupicapra_rupicapra,197
593,0.32466079951611493,0.36737169503503647,1.46894153722071,-0.3128646467430027,-0.2657541504609433,0.019166597623618997,-0.48158020723884887,-0.15711269761213745,-0.10836737597424931,-0.35654486548712916,0.16065975871375757,-0.12784702803299614,0.09560290171738395,-0.5698566476756524,-0.27915111738586584,0.5557609411050394,-0.07850820471771632,0.46409702593331803,-0.023854035514290765,-0.3202837982494745,-0.34281267233779744,-0.2977565979776121,0.1591497626789775,-0.07907769730483388,0.26091170577528305,-0.08481861132015897,-0.448421230315375,0.6591889650914664,-1.3675907031481382,-0.44123773937746996,0.5967650510810029,-0.1653171412203159,0.1861539128877123,-0.5388897218510839,-0.05763193286800776,-0.47348792965410624,-0.12054511411161047,0.410466751574785,-0.6843294260721275,0.2428207003525516,0.21125560162023735,0,48.29166666666667,4.124999999999999,Rupicapra_rupicapra,105
594,-0.19026977659798416,0.20400271643179482,2.2913416437118013,-0.6420745497763807,-0.9520347309296231,0.32800713322184627,-0.28702996577968104,-0.2014404691307706,-0.6120711263600729,-0.673843562599123,-0.13483436111872793,-0.33107280612672585,-0.32893762702129203,-0.7105693278093979,-0.7955265363344739,0.16885022532785135,-0.5465993746193903,-7.362695188576683e-05,-0.4023899156400786,-0.32173048600322307,0.07001902507237993,-0.4502225252362022,-0.11754341262158013,-0.35856624464074616,-0.008714993764080397,-0.16346885550043064,-0.3414601618043613,0.2807759320658674,-0.8066266110798258,-0.29709803114729194,0.23615561070658492,0.06256481913937532,-0.1316989050904682,-1.2408464105016233,-0.5415250832383333,-0.25830765240262615,-0.5271296807033533,0.15530851570575321,-0.6191517777155707,-0.012498503818727292,-0.19371731435040745,0,50.54166666666667,13.95833333333333,Rupicapra_rupicapra,78
595,-0.5787594502060717,-0.8578956444892761,0.37240806189925524,-0.2562237794962758,0.8150146993941145,-0.2896739072940588,-0.6552858935647093,-0.15972020916788832,0.3932263048408377,0.4313427643859175,0.4884735479029212,0.649192711737147,0.732413694825398,-0.3178512770572732,0.7825621201344442,0.032346977444424115,-0.4455386216199247,-1.3723872000643051,0.46906413893999055,-0.19586865142709745,-0.012547314409655536,0.03518742308001159,0.5100776923284652,0.40743940361323566,0.6040729597344728,-0.24066261367736394,-0.3592870065561969,-0.4760501339853307,-0.3047113708081779,-0.29709803114729194,-0.32373799408527454,-0.80656637851154,0.30655270757641706,-1.3684748993471758,-0.29957850805317054,-0.6236718407652823,0.15051126361621806,0.7706901433898886,-1.002975706926405,-0.14488623931494599,0.9675303242160198,0,41.04166666666667,9.458333333333332,Rupicapra_rupicapra,192
596,-0.44451295224740606,-0.08189299612387813,0.281030272289134,-0.4433330937666191,0.027554144687966055,0.49272207531405093,-0.5128472718608337,-0.008484163579995417,0.0037677497848927453,-0.18926865225167125,0.2160649061823486,0.2905589856893886,-0.11666736265195404,-0.4728868381450628,0.6249424328671971,-0.040329623142040374,-0.6406092210348324,-1.5176590383391542,0.11011859651687288,-0.1886352126583546,-0.5905116907839039,3.3973419842875097,0.24013313105962852,0.06584229020267619,0.35895777833505155,0.0826772790637529,-0.10971118003049814,0.028500576715468028,-0.5999556297915002,-0.08256451192098047,0.11278922321007351,-0.5150894524700745,0.6051417184044048,-1.591824754826893,-0.5415250832383333,-0.4888716849535865,-0.1399062839493125,0.5555567288336463,-0.9088302148558229,-0.5704182462670775,0.8162753796968634,0,40.208333333333336,15.374999999999998,Rupicapra_rupicapra,202
597,1.192776135595541,-0.16357748542549896,-1.0896365718626844,-0.6504882213351533,-0.9535504981586127,0.8839200666181058,-0.6101223925904176,0.02600391902761755,-0.2779767776601201,-0.5530347795689436,0.11910589811231428,-0.27130051845209946,-0.11666736265195404,-0.6801815719426115,-0.5520383414476805,0.0724451075766298,-0.5881203340852554,-0.36791417909639257,-0.10221538632497139,0.32204556441489085,-1.663874104050365,-0.6107472037202719,0.037674710108000976,-0.3171605339243147,0.22169327675137562,0.11763294314387364,-0.3325467394284435,0.7853266427666662,-1.2199685736564772,-0.25687299629235855,0.6631931058868167,0.06786439961285652,0.2776569968511279,-1.2408464105016233,-0.29957850805317054,-0.5638674920385528,-0.4884073410279492,0.3904543409183904,-0.9305560976413418,0.006414029823589663,0.08927580765317567,0,53.04166666666667,6.208333333333332,Rupicapra_rupicapra,48
598,1.4110254826999036,0.1631604717809844,0.4637858515093765,-0.4943704306272645,-0.5393568211201331,0.24564966217574388,-0.4086238998233786,-0.1576046745506016,-0.4793377024104074,-0.6434207935969328,-0.005555683692015537,-0.33107280612672585,-0.32893762702129203,-0.6691490850534972,-0.7368739656493593,0.4329143474069277,-0.30178183276964127,0.24269343541765012,-0.2538825169262887,0.01534776062019388,0.8131160804106992,-0.19179050325727962,-0.016314202145766368,-0.27575482320788325,0.10894029330764184,-0.0877315833268357,-0.36820042893211474,0.6276545456726665,-1.2199685736564772,-0.3507314109538698,0.5018678299298402,-0.022228468436323732,0.051307262836363,-0.7303324551194128,-0.20279987797910543,-0.38406985197587723,-0.381920906920588,0.26537677431592377,-0.6698455042151149,0.06315163075054053,-0.0814959039007107,0,50.95833333333334,10.20833333333333,Rupicapra_rupicapra,73
599,0.326403759485865,-0.08189299612387813,-0.5413698342019571,-0.6703541504989486,-0.48516678744863995,0.5339008108371022,-0.7803539532623425,-0.019849029796319105,-0.23899073035317822,-0.46594919483120284,0.20221361931520085,-0.3191183485918006,-0.32893762702129203,-0.6770847348129377,-0.5140524309752282,-0.016996973349900725,-0.6605864161276427,-0.9563815975494498,-0.0011039659240931652,-0.03528631076100609,-0.34281267233779744,-0.2744555765412332,0.06466916623488465,-0.3792690999989619,0.30013013479919043,-0.09647049934686588,-0.47516149744312847,0.6591889650914664,-1.4266395549448028,-0.4445898256153811,0.5872753289658866,-0.23421168737557138,0.1379943950122304,-1.2408464105016233,-0.05763193286800776,-0.7417421626887932,-0.5755326052976083,0.4805101888721663,-1.1260890427110122,-0.2299926407053723,0.1575844922747302,0,54.12500000000001,-1.2083333333333333,Rupicapra_rupicapra,35
600,-1.2609131241295666,0.6532674075907094,-0.26723646537159335,-0.5094332340318036,-1.038814518956057,0.7192051245259011,-0.5093732124703335,0.00534058732864893,-0.1875452246285539,-0.4041886863305161,0.10987170686754912,-0.11589257049807085,-0.11666736265195404,-0.6486325113815001,-0.432986737388789,0.31516123790109984,-0.3764021717095187,0.16869808222285745,-0.07188196020470791,-0.3159437349882288,0.1525853645544154,-0.4513594195522058,0.10516085042521016,-0.1618891187376968,0.2314978840073525,0.15550157923067112,-0.3147198946766078,1.0691364175358655,-1.3971151290464705,-0.2300563063890696,0.9194156029949557,0.16855642860899916,0.31136865936396524,-1.0494036772332942,-0.25118919301613796,-0.48156440118633337,-0.31415681248863087,0.410466751574785,-0.8291686446422536,0.1671705657832838,0.15270530051604775,0,50.79166666666667,6.541666666666668,Rupicapra_rupicapra,75
601,-0.5800011297795961,0.36737169503503647,1.5603193268308313,-0.5035355472175254,-1.40147080918318,0.6574370174062557,-0.34608990310627974,-0.06983462994587573,-0.5599222641118697,-0.6477669034543886,-0.04710954429345881,-0.3071638910568753,-0.32893762702129203,-0.6525035762521978,-0.7272683375831454,0.3122533560971474,-0.3589711746837981,0.18598308520970794,-0.29685487059666193,-0.03383962300725752,0.31771804351848637,-0.1485794799737707,-0.04330865827265004,-0.28610625088699115,0.07462416791172284,0.12928483117058057,-0.13645144715825158,0.7853266427666662,-0.954248740571487,-0.08591659815889158,0.6821725501170492,0.3964383889686904,0.11391463607448946,-0.8898680661763535,-0.3479678230902031,-0.33445724113505343,-0.37224032200173696,0.2353581583313318,-0.6191517777155707,0.05369536392938205,-0.10589186269412303,0,48.54166666666667,9.958333333333332,Rupicapra_rupicapra,102
602,-1.7078530354078836,0.20400271643179482,0.0068969034587703275,-0.5119654721653815,-0.6087049607567587,0.06034535615708228,-0.3912533378171361,-0.21688877771823753,-0.4585719383809367,-0.6333561181375617,0.04061527253181032,-0.21152823077747307,-0.32893762702129203,-0.6757298731833568,-0.8915828308763756,0.412455271846653,-0.32234641663015867,0.2223010910825626,-0.21849351978598133,-0.3043702329582402,0.31771804351848637,0.20127021649852245,0.003931639949396387,-0.23434911249145182,0.12854950781959554,-0.19696803357721301,-0.3414601618043613,0.18617267380946764,-0.8656754628764903,-0.34067515224013645,0.25513505493681743,-0.006329727015880157,-0.1365148568780164,-0.8898680661763535,-0.3479678230902031,-0.37657027126738063,-0.32383739740748185,0.27037987698002247,-0.6336356995725834,0.10097669803517445,-0.1107710544528055,0,50.95833333333334,11.374999999999998,Rupicapra_rupicapra,73
603,1.3166225466575736,-0.653684421235224,-0.26723646537159335,0.12706204644399746,0.28637788609669,-0.02201213022929481,-0.4433650238358636,-0.09704136377917702,0.3470057332913706,0.3862477899250986,0.45153678292386046,0.38619464596879083,0.5201434304560599,-0.2553338267408182,1.3679233149566405,0.9148595584227163,0.5815198283392994,-1.253916903262623,0.34014707792887083,-0.3550043043394402,-0.26024633285576193,-0.10398677801458509,0.47633462216986067,0.45919654200877497,0.5060268871747043,0.1962831873241453,-0.020576956271320012,0.12310383497186779,-0.7475777592831614,-0.0021144422111136654,0.36901172031821255,-0.5150894524700745,0.5762460076791156,0.003531355742514714,0.039146697206057346,-0.43925907411276266,0.5086929056137057,0.5805722421541395,-0.45982863728843204,-0.3150990420957986,1.0065638582854797,0,42.12500000000001,12.624999999999998,Rupicapra_rupicapra,179
604,1.7100785435397459,0.4082139396858469,2.9309861709826497,-0.12198145506996115,0.05938605156801504,-0.3514420144137042,-0.5163213975147692,-0.2240225746999878,0.039940370997519216,-0.03911545830423441,0.2807042448957048,-0.008302452683743352,0.09560290171738395,-0.391594808115309,0.8598438574946552,0.5585598788637507,-0.10220637541303053,-1.3941391081083598,0.12275752406698265,-0.3318573002794631,1.3910804567849475,0.5855413953221785,0.26037897315479125,0.08654514556089192,0.3687623855910284,-0.20279397759056647,-0.4929883421949641,0.24924151264706748,-1.2199685736564772,-0.4915190329461367,0.35003227608798004,-0.5256886134170369,0.08983487713674851,-0.34744698858275497,-0.009242617830975207,-0.5090628637841543,0.10210833902196297,0.4955194968644623,-0.6408776605010896,-0.6176995803728699,0.8309129549729107,0,42.37500000000001,-2.791666666666667,Rupicapra_rupicapra,176
605,-0.30718332308894475,0.3265294503842261,-0.08448088615135091,-0.4300836899563799,-1.3351543485629456,0.4103646042679486,-0.05079034900015702,-0.1944050900579738,-0.5171179956769284,-0.6139129950910492,-0.12560016987396277,-0.18761931570762252,-0.32893762702129203,-0.6697297374006598,-0.7431321837627007,0.5461593019095559,-0.1805481382297194,0.36291173211848615,-0.34804252717460654,-0.34053742680195453,-0.34281267233779744,-0.43874468033002734,-0.04330865827265004,-0.1618891187376968,-0.03812881553201095,0.04917810098697053,-0.047317223399073446,0.31231035148466735,-0.45233350029983904,0.011293902740530801,0.27411449916704994,0.550126222699645,-0.09798724257763088,-0.5069825996396957,-0.4447464531642682,-0.08658648387217777,-0.20767037838126964,0.030230949103286654,-0.19911804386220508,0.1671705657832838,-0.1985965061090899,0,49.54166666666667,20.541666666666668,Rupicapra_rupicapra,90
606,-1.073610764050239,0.44905618433665734,0.646541430729619,0.22562419327048946,0.5364856226124949,-0.4132101215333497,-0.3843050865092649,-0.2216118238912751,0.23888978766696478,0.2807647627080527,0.38689744421050426,0.27860452815446335,0.30787316608672194,-0.1494605827745085,1.4246839908072129,0.8379271385265281,0.4089724726595224,-1.368502912249067,0.24661901405805847,-0.3564509920931888,0.8956824198927347,-0.04554042783802824,0.40209986782093055,0.40743940361323566,0.4471992436388432,-0.07025375128677533,-0.10079775765458032,-0.4445157145665308,-0.18661366721484896,-0.0892686843968027,-0.26679966139457695,-0.8436634418259084,0.7448043202433022,0.16306696679945545,0.039146697206057346,-0.40637629716012363,0.5086929056137057,0.5205350101849556,-0.3729251061463564,-0.8162811836171979,0.9528927489399724,0,36.37500000000001,6.958333333333332,Rupicapra_rupicapra,248
607,-1.436246690545651,-0.0410507514730677,0.09827469306889156,-0.5059861195495123,-0.9145185704522524,0.16329219112964155,-0.25923709307506715,-0.21944711785494603,-0.5623337721927115,-0.6459369624617757,-0.09789759613966725,-0.3549817211965764,-0.32893762702129203,-0.6780525010306121,-0.7575406258620216,0.4146405941731714,-0.3088324405041264,0.23570188034080286,-0.35941756196970537,-0.23637590853205742,-0.6730780302659393,-0.2195413525642651,-0.0635545003678128,-0.28610625088699115,0.025601131631838584,-0.14307805145369354,-0.26123936042110096,0.18617267380946764,-0.4818579261981713,-0.19318335777204731,0.10329950109495725,0.22685181381729225,-0.19430627832859465,-0.8260538217535772,-0.39635713812723566,-0.25484630746024306,-0.3625597370828859,0.15030541304165454,-0.48879648100245726,0.05369536392938205,-0.1546837802809477,0,49.70833333333334,16.625,Rupicapra_rupicapra,88
608,1.1566560323197277,0.20400271643179482,0.0068969034587703275,-0.35762847455958224,-0.6174208210912658,0.10152408400999609,-0.3495639624967799,-0.16680475965972746,-0.14172657109256037,-0.3594858420824,0.07293494188848842,-0.03221136775359391,0.09560290171738395,-0.6141801706259709,-0.6737096672990893,0.5761799678260608,-0.13373888675725973,0.4093289307629368,-0.10790290372252079,-0.3043702329582402,0.31771804351848637,0.14564494199008302,0.13215530655209384,-0.03767198658840243,0.20208406223942194,-0.0673407792800986,-0.2968930499247722,0.5961201262538666,-1.0428220182664836,-0.28368968619564744,0.45441921935425894,0.0837631410333001,0.003147744960881103,-0.6665182106966364,-0.20279987797910543,-0.34387979125598506,-0.1302256990304615,0.35042951960560104,-0.6046678558585581,0.2806457676371855,0.020967123031621123,0,49.12500000000001,9.208333333333332,Rupicapra_rupicapra,95
609,-0.8676762316811529,0.6941096522415199,-0.3586142549817146,-0.2524826082998313,-0.6094628805108566,0.06034535615708228,-0.12374665641562725,-0.20867264648603995,-0.2105550308999191,-0.33066427144874616,0.003678507552749635,0.05146983499088304,0.09560290171738395,-0.5857279471945334,-0.6418364317560027,0.7491217781317597,0.07053672671439243,0.6118936253577519,-0.14771552550536657,-0.39695824919814876,-0.012547314409655536,-0.0935812416062314,0.13890392058381476,0.08654514556089192,0.12854950781959554,-0.01927674116993259,-0.2879796275488544,0.438448029159867,-0.954248740571487,-0.2300563063890696,0.3405425539728638,0.16855642860899916,-0.04501177291460079,-0.4750754774283075,-0.3479678230902031,-0.1535058194249169,0.053705414427707876,0.23035505566723316,-0.29326353593278703,0.39412096949108727,-0.027824794555203553,0,46.70833333333334,17.041666666666668,Rupicapra_rupicapra,124
610,1.6027863678268794,0.6532674075907094,-0.26723646537159335,-0.5277961734185791,-0.9338450905065111,0.6574370174062557,-0.48852845854672,-0.025802037083234183,-0.25546936890559696,-0.6171153918281218,0.06831784626610583,-0.18761931570762252,-0.32893762702129203,-0.6523100193169418,-0.4372074064455166,0.27181691129488733,-0.41616051659795483,0.12927273500176575,-0.1350765979552568,-0.3159437349882288,0.1525853645544154,-0.33774476741173226,0.05792055220316373,-0.22399768481234394,0.19227945498344506,0.10598105511716673,-0.3503735841802791,0.9429987398606657,-1.3675907031481382,-0.270281341244003,0.8340081039589095,0.10496146292722486,0.30655270757641706,-1.0494036772332942,-0.25118919301613796,-0.46137322235576556,-0.37224032200173696,0.36543882759789703,-0.8074427618567347,0.11043296485633292,0.11855095820527047,0,50.62500000000001,7.458333333333332,Rupicapra_rupicapra,77
611,0.7727629432537574,0.3265294503842261,0.0068969034587703275,-0.5019998512342517,-1.0782254788186723,0.3691858687448974,0.022166090942184,-0.22372735850856182,-0.5442474615863983,-0.6267225820393398,-0.2087078910768493,-0.17566485817269725,-0.32893762702129203,-0.7057305151796313,-0.7849021059804291,0.4611224532699626,-0.2912056970307598,0.2531809902928048,-0.3891190417124633,-0.3390907390482059,-0.5079453513018684,-0.3426140998347927,-0.08380034246297555,-0.19294340177502037,-0.09205415543988364,-0.025102685183286046,-0.18101855903784064,0.3753791903222672,-0.6590044815881647,-0.12278954677591386,0.32156310974263125,0.3381430037603973,-0.05945962827724536,-0.7622395773308009,-0.5415250832383333,-0.025051462674256737,-0.26575388789437576,-0.009793872209502645,-0.18463412200519247,0.13880176531980837,-0.26690519073064445,0,49.70833333333334,21.875,Rupicapra_rupicapra,88
612,-0.07381879854199616,0.08147598247936355,0.0068969034587703275,-0.34944354701649877,-0.12440522432755546,0.24564966217574388,-0.6657082042630807,-0.036035322559199424,-0.023964593144787546,-0.09842515297552883,0.2714700536509396,-0.0919836554282203,0.09560290171738395,-0.5276621956373332,0.8025010089081795,0.3587808652694509,-0.17937306184476676,-1.7808185191304053,0.12275752406698265,-0.21467559222582885,-0.8382107092300103,-0.4444148886378689,0.21988728896446577,-0.07907769730483388,0.3687623855910284,0.024417838930218337,-0.3414601618043613,0.7537922233478662,-1.2494929995548092,-0.2769855137198252,0.6631931058868167,-0.3508024577921576,0.39323983975228444,-0.7941466995421891,-0.009242617830975207,-0.634632766416162,-0.18830920854356759,0.5355443181772516,-0.9160721757843292,-0.8824750513653072,0.7528458868339913,0,47.54166666666667,-1.2083333333333333,Rupicapra_rupicapra,114
613,1.6966504965717693,-0.4494731979811719,-0.906880992642442,-0.6453092733461095,-0.6750214213769932,0.5544901785986277,-0.06121265969852837,-0.20011212764337402,-0.521941011838612,-0.6125405393465895,-0.1763882217201712,-0.008302452683743352,-0.32893762702129203,-0.7606994203778549,-0.5700853076273497,0.3504985972748169,-0.47765867115663024,-0.3314020662583865,-0.33603554600200225,0.35821275825860516,-1.7464404435324004,-0.21777525033340853,-0.04330865827265004,-0.14118626337948106,-0.03322651190402253,-0.06151483526674515,-0.30580647230069,0.3753791903222672,-0.9837731664698192,-0.28704177243355855,0.32156310974263125,0.06256481913937532,0.01759560032352567,-1.3365677771357876,-0.7350823433864635,-0.06793368057155795,-0.31415681248863087,0.12028679705706258,-0.4091349107888879,0.11043296485633292,-0.022945602796521084,0,54.12500000000001,17.041666666666668,Rupicapra_rupicapra,35
614,1.0614638462918509,0.48989842898746777,-1.4551477303031695,-0.23295969544552633,-0.6526632945855491,0.6780263966729873,-0.6657082042630807,0.1466877350510449,0.11188369540929852,0.15685161549397642,0.35919487047620874,0.0753787500607336,0.09560290171738395,-0.42120831778246626,0.8449987303243589,0.29236196583174046,-0.12218357050584079,-1.6769142090275813,0.22639672997788282,-0.34053742680195453,-2.406971159388684,-0.5634755476652349,0.31436788540855864,0.055490862523568336,0.432492332754878,0.403104199798193,-0.03840380102315564,1.0060675786982656,-1.1313952959614804,0.03811059264381973,1.0807408789519322,-0.11762091695898517,0.788147886331236,-0.6346110884852483,0.0875360122430899,-0.6332866878274575,-0.062461604598504354,0.5755691394900408,-0.8798623711417978,-0.759543582690247,0.8162753796968634,0,45.04166666666667,-1.0416666666666672,Rupicapra_rupicapra,144
615,-0.0005394260100667171,0.6941096522415199,0.281030272289134,-0.2564198173057113,-1.3810074817769806,0.9456881737377513,-0.2105994664468398,0.071266510539571,0.028686666620257647,-0.25331658699312415,0.1421913762242272,0.32642235829416444,0.09560290171738395,-0.5181781273130558,-0.7731133856736254,0.5822195008225199,0.006688419385811705,0.11004562515061014,0.010903015248511123,-0.25373616157704026,0.07001902507237993,-0.16409318524340144,0.25363035912307036,0.231465133068402,0.2560094021472946,0.6128381842789175,0.023990155608269056,1.226808514629865,-1.1313952959614804,0.0716314550229309,1.109210045297281,0.5554258031731261,0.29692080400132065,-0.7622395773308009,-0.39635713812723566,-0.2386933643957888,0.15051126361621806,0.3704419302619957,-0.4236188326459005,0.034782830287065095,0.016087931272938654,0,45.70833333333334,9.291666666666666,Rupicapra_rupicapra,136
616,-0.4941898790153642,0.28568720573341566,-0.8155032030323207,-0.583979652347971,-0.353291785962269,0.08093470474326445,-0.26618534438293834,-0.24276717006414222,-0.40464793823989165,-0.5974435261575327,-0.033258257426311055,-0.020256910218668628,-0.32893762702129203,-0.7237308856105117,-0.8014936680798637,0.4011388141704221,-0.39540003686502223,0.14985933447526054,-0.2267088226935527,-0.39261818593690306,-0.17767999337372647,-0.5814571512009802,0.037674710108000976,-0.11013198034215746,0.1040379896796534,-0.24066261367736394,-0.48407491981904627,0.24924151264706748,-1.1313952959614804,-0.4445898256153811,0.24564533282170117,-0.17061672169379707,-0.08835533900253449,-1.208939288290235,-0.5415250832383333,-0.25176955640034704,-0.2851150577320778,0.27037987698002247,-0.6046678558585581,0.21445189988907618,-0.09125428741807563,0,53.54166666666667,14.041666666666664,Rupicapra_rupicapra,42
617,1.2803204708292033,-0.4494731979811719,-0.906880992642442,-0.4969352752530526,-0.3843657730882202,-0.08378023734894026,-0.08553147301264204,-0.2983122184711033,-0.4942086689089316,-0.5976722687816094,-0.12098307425158018,-0.10393811296314558,-0.32893762702129203,-0.7285696982402783,-0.8035312171364776,0.6679791890013601,-0.18113567642219575,0.3623291148765202,-0.29622292421915647,0.35821275825860516,-1.7464404435324004,-0.48636239927081865,-0.002816974082324531,-0.08942912498394175,0.0010896134918964551,-0.26396638973077774,-0.37711385130803254,0.06003499613426795,-0.6885289074864969,-0.34402723847804756,0.027381724174027153,-0.011629307489361349,-0.19912223011614286,-0.8579609439649654,-0.5415250832383333,-0.0885094532846128,-0.15926745378701454,0.13529610504935857,-0.31498941871830594,0.23336443353139313,-0.17907973907436003,0,52.87500000000001,18.875,Rupicapra_rupicapra,50
618,-0.47253277514102704,-0.8578956444892761,-0.26723646537159335,-0.8952023385103175,-2.104046375248139,1.604548003467669,-0.5475883958733186,0.22830793655094878,-0.9698786378549697,-0.9647715029068553,-0.22255917794399704,-1.0602947157571678,-1.390288948867982,-0.6919882865727497,-0.9038081807351067,-0.5841969210957646,-1.0930320084882148,-0.5419295916220852,-0.6962449811801309,-0.043966437283497514,0.8956824198927347,1.255614895851722,-0.48196857033450974,-1.0728147544991886,-0.17049101348769846,0.5137971360519087,0.17551833599887187,0.9429987398606657,-0.8066266110798258,0.2727566292975979,0.7865594933833281,0.9634934996311778,0.13317844322468222,-1.3365677771357876,-0.39635713812723566,-0.4936791084846741,-1.2047706250229246,-0.029806282865897295,-0.8581364883562788,-0.6649809144786623,-0.40840175173243604,0,46.45833333333334,11.874999999999998,Rupicapra_rupicapra,127
619,-1.5657594003444253,-0.00020850682225728276,-0.17585867576147213,-0.4854992710371134,-0.26461719855059057,-0.12495899588240354,-0.33914165179840855,-0.25777271066762175,-0.3100297392346419,-0.5926399310519238,0.026763985664662565,-0.08002919789329502,-0.32893762702129203,-0.6825041997898669,-0.752446725460963,0.5316366965985713,-0.23734583782381502,0.30658974401410266,-0.16667391683053126,-0.3116036717269831,-1.0859097276761167,-0.5814763547697612,0.07141778026660557,-0.08942912498394175,0.15306102595953766,-0.27998773576749975,-0.4929883421949641,0.2807759320658674,-1.0723464441648158,-0.4479419118532922,0.19819672224611987,-0.17591630216727827,-0.1316989050904682,-0.9536823105991298,-0.3479678230902031,-0.3084971540671805,-0.20767037838126964,0.32541400628510775,-0.6263937386440771,0.23336443353139313,-0.04246236983125096,0,51.79166666666667,12.45833333333333,Rupicapra_rupicapra,63
620,-0.8450060331473569,-0.0410507514730677,-0.6327476238120783,-0.49121727314508296,-0.5548938146831086,0.2662390261022008,-0.39820158912500725,-0.15450514852095223,-0.4746486589198818,-0.6411333673561667,-0.010172779314398124,-0.3191183485918006,-0.32893762702129203,-0.6670200141414978,-0.7348364165927453,0.43094719323270425,-0.30099839870474976,0.24347030779802334,-0.2589380879463326,-0.15680808207588603,-0.9207770487120457,-0.34594630543753546,-0.016314202145766368,-0.27575482320788325,0.11384259693563026,-0.07753618130346715,-0.3592870065561969,0.6276545456726665,-1.2199685736564772,-0.34737932471595867,0.5018678299298402,-0.01692888796284254,0.060939166411459376,-0.7303324551194128,-0.20279987797910543,-0.38599282138831226,-0.381920906920588,0.2603736716518251,-0.6626035432866085,0.06315163075054053,-0.0814959039007107,0,50.87500000000001,10.041666666666666,Rupicapra_rupicapra,74
621,1.587489086158399,0.6941096522415199,0.09827469306889156,-0.2766452155961673,-0.05050985528316674,0.08093470474326445,-0.5684330835334968,-0.10324037830304136,-0.011505134727105097,-0.3147829978342838,0.24376747991664413,-0.056120282823444466,0.09560290171738395,-0.5166297087482189,0.9052522205141599,0.5137816357751886,-0.04110001259918545,-1.768583075486039,0.08989631243669723,-0.4215519410118745,0.8956824198927347,-0.35925260792220326,0.2266359029961867,-0.016969131230186705,0.3442508674510863,-0.020733227173270953,-0.40385411843578595,0.7853266427666662,-1.3971151290464705,-0.3540834971917809,0.6726828280019329,-0.3455028773186764,0.3017367557888688,-0.6027039662738601,-0.009242617830975207,-0.5500221122690205,-0.08182277443620639,0.4955194968644623,-0.7784749181427094,-0.9297563854710996,0.7821210373860861,0,46.95833333333334,0.2916666666666667,Rupicapra_rupicapra,121
622,1.0363297762649704,-0.16357748542549896,-1.0896365718626844,-0.5608299403050662,-0.9164132975582909,0.6986157605994442,-0.5892777711936749,-0.0006124199582661517,-0.24059840240707273,-0.533428268933805,0.12372299373469686,-0.24739160338224891,-0.11666736265195404,-0.6658586909885674,-0.4724280797009997,0.25926146015812623,-0.43398330536850577,0.11159922173810075,-0.0845208877548177,0.32204556441489085,-1.663874104050365,-0.40734284422198136,0.06466916623488465,-0.2654033955287754,0.22659558037936406,0.09578565309379818,-0.3503735841802791,0.7222578039290662,-1.338066277249806,-0.30380220362311416,0.7675800491530955,0.051965658192412945,0.2776569968511279,-1.0494036772332942,-0.20279987797910543,-0.5438686101492284,-0.42064324659599206,0.40046054624658767,-0.8943462929988103,0.07260789757169901,0.12830934172263542,0,52.29166666666667,6.874999999999999,Rupicapra_rupicapra,57
623,-1.2667631071722538,1.102532098749624,-0.44999204459183584,-0.2788997501187188,-0.598094228757801,0.18388153971582372,-0.49895076924509135,-0.09487665774284795,-0.0701851646942547,-0.3371344199583419,0.20221361931520085,-0.08002919789329502,0.09560290171738395,-0.5224362691370547,-0.24655022144194783,0.5003543522146864,-0.06460243684685368,0.4374898507285006,0.016590532646060523,-0.3535576165856916,0.2351517040364509,-0.40566531515044374,0.18614421880586118,-0.03767198658840243,0.2854232239152252,0.04917810098697053,-0.3592870065561969,0.848395481604266,-1.338066277249806,-0.3339709797643142,0.7011519943472817,-0.011629307489361349,0.21023367182545324,-0.5069825996396957,-0.05763193286800776,-0.47983372871514185,-0.0915033593550574,0.425476059567081,-0.6843294260721275,0.12934549849864987,0.23077236865496722,0,46.79166666666667,3.4583333333333326,Rupicapra_rupicapra,123
624,-1.1706308722689491,-0.16357748542549896,0.0068969034587703275,-0.533988016661054,-1.5223562633519565,0.7603838523788149,-0.11679840510775609,-0.1202138641958118,-0.5988078319154432,-0.6621776887712155,-0.1810053173425538,-0.33107280612672585,-0.32893762702129203,-0.6879236832254014,-0.7751509347302393,0.3222963727098541,-0.3848239011261408,0.1603468893504152,-0.4523136794630122,-0.17416833512086888,-1.0033433881940812,1.4426327292920307,-0.13104064068502197,-0.3171605339243147,-0.07244494092792994,0.16569698125403967,-0.0829709129027447,0.8168610621854661,-0.8951998887748225,-0.04569156330395818,0.7011519943472817,0.4600333546504647,0.16689010573751956,-0.7941466995421891,-0.49313576820130073,-0.13446842224181008,-0.410962661677141,0.02022474377508933,-0.33671530150382484,0.02532656346590662,-0.25714680721327954,0,48.79166666666667,22.375,Rupicapra_rupicapra,99
625,1.0142107623223484,-1.3071603356481907,-0.3586142549817146,-0.3157236477969875,-0.9493820840694867,0.8221519594984603,-0.3356675924079084,0.00627536978653485,-0.43881096938514996,-0.6221477295578074,0.06370075064372326,-0.3191183485918006,-0.32893762702129203,-0.5319203743785427,0.6373132981503802,0.48175376684520704,-0.07086990936598568,-1.5821379641775726,-0.2317643937135966,0.18461022780877664,-0.4253790118198329,2.2401103161063274,0.017428868012838224,-0.2136462571332361,0.11384259693563026,0.4409728358849905,-0.18101855903784064,1.4475494505614646,-1.5152128326397993,-0.12614163301382497,1.5457372625926291,0.16855642860899916,0.5714300558915675,-0.28363274415997863,-0.15441056294207287,-0.3452258698446896,-0.17862862362471657,0.19533333701854252,-0.41637687171739424,-1.0243190536826845,0.6747788186950718,0,45.37500000000001,6.291666666666668,Rupicapra_rupicapra,140
626,-1.2585005723198095,-0.8987378891400866,-0.3586142549817146,-0.6317005001232531,-0.7273165833840356,0.20447091898255534,-0.18280659374222594,-0.2472442465356649,-0.5707740504756577,-0.6466231903340055,-0.15330274360825827,-0.22348268831239837,-0.32893762702129203,-0.7514088997595307,-0.5619350558818462,0.37591924791347175,-0.4431883194252502,0.1024713046585411,-0.38848709533495784,0.4855212805884794,-1.7464404435324004,-0.6056197322397127,-0.08380034246297555,-0.25505196784966755,-0.01851960102005725,-0.21153289361059666,-0.39494069605986815,0.09156941555306787,-0.7771021851814935,-0.3306188935264031,0.07483033474960846,0.009569014404563416,-0.15096271224066096,-1.1770321660788468,-0.5899143982753658,-0.1781198279040853,-0.391601491839439,0.14029920771345722,-0.4960384419309636,0.08206416439285749,-0.03270398631388602,0,53.70833333333334,18.45833333333333,Rupicapra_rupicapra,40
627,-0.08320658081919613,0.36737169503503647,0.5551636411194977,-0.11346976460647074,0.14843952657753642,-0.5573356843588227,-0.5058990205529625,-0.29476992445746647,0.029088584633731273,-0.17064246714828954,0.29917262738523515,0.003652004851181927,0.09560290171738395,-0.3598521721603364,1.0541394277809524,0.5109941805508085,0.15925857997277842,0.12519426613474827,0.11011859651687288,-0.463505885870583,1.3910804567849475,-0.2311826087862412,0.25363035912307036,0.06584229020267619,0.36386008196304,-0.34407311991438777,-0.5197286093227176,0.06003499613426795,-1.101870870063148,-0.5619128439422701,0.22666588859146866,-0.5945831595722924,-0.15096271224066096,-0.28363274415997863,-0.009242617830975207,-0.5150240689627029,0.08274716918426094,0.45549467555167295,-0.5974258949300518,-0.11651743885147055,0.8211545714555458,0,42.12500000000001,-0.4583333333333333,Rupicapra_rupicapra,179
628,1.52645586071619,0.04063373782855314,0.37240806189925524,-0.5183206470110381,-1.6443785610122765,1.1721712536301507,-0.40514984043287844,0.14476899871623072,-0.4047149245754706,-0.6406758821080134,0.00829560317513222,-0.23543714584732364,-0.32893762702129203,-0.6151479368436453,-0.7047096714978449,0.16782351872154397,-0.42203619737225645,0.12344626623559456,-0.23366023284611306,-0.14668126779964605,-0.7556443697479748,0.3332788548738723,-0.00956558811404545,-0.27575482320788325,0.12854950781959554,0.5327314540953074,0.11312437936744718,1.4790838699802644,-1.1313952959614804,0.16213778344653104,1.3654325424054201,0.7886073440062985,0.4606631647779591,-1.0494036772332942,-0.3479678230902031,-0.4073377818663411,-0.381920906920588,0.28538918497231847,-0.6988133479291401,0.06315163075054053,-0.05709994510729836,0,47.12500000000001,7.791666666666668,Rupicapra_rupicapra,119
629,-1.2920801373017234,0.5715829182890886,-0.44999204459183584,-0.4899266742806255,-0.3616287586989332,-0.10436958593512242,-0.16196197234548323,-0.2867013825532647,-0.48667270615630115,-0.5981297540297625,-0.08404630927251949,-0.12784702803299614,-0.32893762702129203,-0.7066982629387003,-0.7789349742350393,0.5908974961588649,-0.21678110453852845,0.326982236522446,-0.2899034604441016,-0.3390907390482059,0.07001902507237993,-0.5863161359037766,0.017428868012838224,-0.09978055266304961,0.04521034614379229,-0.2654228757341161,-0.39494069605986815,0.12310383497186779,-0.8066266110798258,-0.38425227333298095,0.09380977897984098,-0.07522427317113564,-0.1750424711784019,-0.8579609439649654,-0.49313576820130073,-0.16908187166564065,-0.19798979346241863,0.17532092636214786,-0.4018929498603816,0.22390816671023467,-0.13028782148753537,0,52.20833333333334,16.708333333333332,Rupicapra_rupicapra,58
630,0.36183626459275525,0.24484496108260523,0.09827469306889156,-0.12341913214851699,0.40423173352828107,-0.2690845587078766,-0.5058990205529625,-0.1881076951605904,0.2935506374993781,0.33409447163562983,0.4053658267000346,0.46987584871326776,0.30787316608672194,-0.34862612833596607,1.0451160279696896,0.5043693183652653,0.14711572552888313,-1.3869532238064772,0.330035935888783,-0.24939609831579457,1.0608150988568057,-0.052257235535817015,0.44259155201125605,0.3660336928968042,0.501124583546716,-0.15181696747372372,-0.2968930499247722,-0.19224035921613142,-0.6885289074864969,-0.28704177243355855,0.00840227994379463,-0.7164735104623597,0.24394533433829058,-0.7941466995421891,-0.20279987797910543,-0.4942559993084046,0.2763588675612813,0.6356063714592248,-0.7132972697861527,-0.3056427752746401,0.9626511324573374,0,42.62500000000001,11.374999999999998,Rupicapra_rupicapra,173
631,-1.098751220233993,1.102532098749624,-0.44999204459183584,-0.24393821163008714,-0.5268515065735487,0.1427028118629099,-0.5267437082131406,-0.09723816206164955,-0.06094105038436127,-0.33625212697976065,0.2206820018047312,-0.11589257049807085,0.09560290171738395,-0.5023068277941748,-0.22850325526227877,0.5405899926970549,-0.004475403970315279,0.48215904947379756,0.034285031216214214,-0.3535576165856916,0.07001902507237993,-0.12173134514097549,0.1928928328375821,-0.03767198658840243,0.30503243842717886,0.04043918496694034,-0.3236333170525256,0.9114643204418659,-1.3675907031481382,-0.3540834971917809,0.7675800491530955,-0.08582343411809802,0.21504962361300142,-0.3793541107941431,0.039146697206057346,-0.5038708463705798,-0.08182277443620639,0.4354822648952783,-0.6915713870006338,0.1198892316774914,0.23565156041364968,0,46.54166666666667,2.5416666666666665,Rupicapra_rupicapra,126
632,0.19628996090096787,0.8574786308447615,-0.6327476238120783,-0.18252692483035776,-0.6189366605994615,0.34859649714830315,-0.3530381544141509,-0.07406569918044915,-0.03200295341426009,-0.30272499379367357,0.1883623324480531,0.05146983499088304,0.09560290171738395,-0.48333869114561995,-0.7469162232675007,0.68667163464549,0.1396731766247985,-0.34907543134879565,0.002687712340939768,-0.41142512673563447,-0.17767999337372647,-0.3821229528878665,0.21313867493274485,0.08654514556089192,0.27071631303125987,0.22104344938089748,-0.26123936042110096,1.0376019981170657,-1.338066277249806,-0.2099437889616029,1.0522717126065835,-0.022228468436323732,0.2680250932760315,-0.3793541107941431,-0.15441056294207287,-0.36753231502893596,0.10210833902196297,0.3854512382542917,-0.48155452007395094,0.08206416439285749,0.030725506548986058,0,45.20833333333334,4.958333333333333,Rupicapra_rupicapra,142
633,1.6134205699177573,0.8983208754955719,-0.7241254134221995,-0.22699659621874063,-0.4298399464252062,0.38977523267135433,-0.5719072091874323,0.00017473563618958314,-0.023160757117840294,-0.3212531463438796,0.2530016711614093,-0.11589257049807085,0.09560290171738395,-0.48585485746952595,0.9537170181566812,0.5493254007050564,0.024119416411532302,-1.7386741556213214,0.08231295590663136,-0.2624162880995317,-1.0859097276761167,-0.5365513420474978,0.21988728896446577,-0.027320558909294565,0.33934856382309786,0.21958696337755912,-0.27015278279701876,1.0060675786982656,-1.3971151290464705,-0.19318335777204731,1.0048231020310021,-0.1600175607468347,0.5329024415911819,-0.41126123300553125,0.039146697206057346,-0.550214409210264,-0.062461604598504354,0.4755070862080676,-0.7350231525716716,-0.9392126522922581,0.7772418456274036,0,46.20833333333334,0.7083333333333327,Rupicapra_rupicapra,130
634,-0.6129050459479736,0.20400271643179482,1.9258304852713162,-0.4374844662617215,-0.7443694164552068,0.4103646042679486,-0.40514984043287844,-0.09684460303213888,-0.23416771419149468,-0.5798303441036332,0.049849463776575495,-0.16371040063777198,-0.32893762702129203,-0.6246320051679227,-0.38641397337842975,0.4105970617176706,-0.25046802220501696,0.29357746503267695,-0.15024331101538854,-0.2768831656370174,-0.095113653891691,-0.6014013389223359,0.07141778026660557,-0.1515376910585889,0.17757254409947978,0.04335215697361707,-0.3592870065561969,0.8799299010230659,-1.3085418513514737,-0.30380220362311416,0.7296211606926305,0.051965658192412945,0.19578581646280868,-0.8579609439649654,-0.25118919301613796,-0.39579996539173096,-0.2367121331378227,0.3454264169415024,-0.6770874651436212,0.17662683260444226,0.12830934172263542,0,48.79166666666667,7.124999999999999,Rupicapra_rupicapra,99
635,-0.21855386788015907,0.08147598247936355,2.8396083813725284,-0.3901067345099732,-0.9270239572780425,0.6368476534797988,-0.42599446182962114,-0.01301044900599483,-0.19518166688455282,-0.3977185378209203,0.08678622875563619,-0.15175594310284668,-0.11666736265195404,-0.5913409875653238,-0.3386769194153116,0.4214029667088774,-0.20189615615512832,0.3417425154030254,-0.11485431387508116,-0.32317717375697164,0.8956824198927347,-0.2950243889517803,0.09841223639348924,-0.1308348357003732,0.20208406223942194,0.2283258793975893,-0.27906620517293657,1.1637396757922653,-1.3971151290464705,-0.24681673757862518,1.0427819904914672,0.1420585262415932,0.4606631647779591,-0.7303324551194128,-0.20279987797910543,-0.41599114422229877,-0.20767037838126964,0.35543262226969974,-0.6698455042151149,0.19553936624675922,0.1575844922747302,0,47.95833333333334,5.791666666666668,Rupicapra_rupicapra,109
636,1.6523798136988022,0.20400271643179482,2.1085860644915586,-0.3270126735128719,-0.4400716462679089,0.4103646042679486,-0.6448635166029026,0.03525321309122014,0.09781656493772156,0.14312705804937936,0.3176410098747655,0.14710549527028527,0.09560290171738395,-0.4800482970806902,0.7290034498503882,0.2239011357157465,-0.2549725812971816,-1.7330419419935574,0.20364666038768522,-0.26964972686827454,0.31771804351848637,-0.5565723440439776,0.3008706573451168,0.04513943484446047,0.4226877254989011,0.13948023319394912,-0.163191714286005,0.7222578039290662,-1.101870870063148,-0.14290206420338056,0.7865594933833281,-0.2819079116369021,0.5136386344409892,-0.9536823105991298,-0.05763193286800776,-0.6152107753505681,-0.1302256990304615,0.5855753448182381,-0.9450400194983545,-0.7784561163325641,0.7333291197992614,0,45.95833333333334,-0.8750000000000003,Rupicapra_rupicapra,133
637,1.0183611059233548,0.7757941415431406,2.0172082748814373,-0.18438928401999483,-0.12667898358984897,-0.2690845587078766,-0.0924797243205132,-0.2756809414828437,-0.1269225909296151,-0.27096244656474894,0.03138108128704515,0.1829688678750611,0.09560290171738395,-0.5727599278700702,-0.6277190760246334,0.8694158884665638,0.18021510500289536,0.6684098686005426,-0.0674583355621695,-0.33764405129445735,0.9782487593747701,-0.6088482588702766,0.20639006090102394,0.21076227771018627,0.1628656332155145,-0.17803371553381428,-0.36820042893211474,0.438448029159867,-1.101870870063148,-0.4043647907604477,0.33105283185774753,-0.14411881932639112,-0.03537986933950441,-0.4750754774283075,-0.39635713812723566,-0.10177794223041452,0.17955301837277113,0.2753829796441211,-0.2642956922187618,0.3657521690276118,0.0014503559968912518,0,46.20833333333334,18.875,Rupicapra_rupicapra,130
638,-0.5684138760712029,-0.36778870867955105,0.281030272289134,-0.12065814999924993,0.0025433710363855677,-0.31026325588024095,-0.41904621052174995,-0.2517212854717532,-0.18272220846687037,-0.40389458867098904,0.1837452368256705,-0.29520943352195,-0.32893762702129203,-0.4070789937636781,0.9347967928731571,0.708662368260837,-0.0013416677107492775,0.06615329878568643,-0.06935417469468597,0.1672499747637938,-1.0033433881940812,-0.30102928523472905,0.10516085042521016,-0.07907769730483388,0.24130249126332934,-0.17657722953047592,-0.4395078079394572,0.31231035148466735,-1.1904441477581449,-0.4512939980912033,0.3405425539728638,-0.49389113057614975,0.11391463607448946,0.03543847795390286,-0.009242617830975207,-0.429067336226857,0.09242775410311195,0.33542021161330504,-0.41637687171739424,-0.3529241093804325,0.7528458868339913,0,41.79166666666667,-2.791666666666667,Rupicapra_rupicapra,183
639,0.08478173659163511,0.20400271643179482,0.37240806189925524,-0.47532125919342133,-0.6875267359235774,0.9045094458848375,-0.48158020723884887,0.05173472204552644,-0.3627814785030555,-0.6594327772822961,0.0821691331332536,-0.29520943352195,-0.32893762702129203,-0.528242866443101,0.6408063345658003,0.05699885840650674,-0.3969667555700361,-1.2071114166012415,-0.19574345019578374,-0.30003016969699453,0.8956824198927347,2.7424667535350986,-0.016314202145766368,-0.3171605339243147,0.15306102595953766,0.33173638563461316,-0.163191714286005,0.848395481604266,-1.338066277249806,-0.11943746053800275,1.1281894895275135,-0.09112301459157922,0.5040067308658928,-0.8898680661763535,-0.25118919301613796,-0.47329563271286273,-0.391601491839439,0.28538918497231847,-0.7060553088576464,-0.6176995803728699,0.6406244763842945,0,44.12500000000001,5.291666666666667,Rupicapra_rupicapra,155
640,-1.7018212323171105,0.44905618433665734,-0.17585867576147213,-0.4793728402071459,-0.6105996878627973,0.47213270755252534,-0.4642096452326063,-0.06850628845847913,-0.24140223843401998,-0.5258470848215514,0.059083655021340664,-0.18761931570762252,-0.32893762702129203,-0.6480518590343376,-0.4115924167752953,0.40086351340828347,-0.3008025028323346,0.2436645629364306,-0.12749324142519095,-0.2710964146220231,0.6479834014466282,-0.16566245823132691,0.06466916623488465,-0.19294340177502037,0.20208406223942194,0.0462651289802938,-0.4127675408117038,0.7853266427666662,-1.4266395549448028,-0.3540834971917809,0.7770697712682119,-0.027528048909804922,0.23912938255074237,-0.9855894328105179,-0.25118919301613796,-0.4602194407083045,-0.2851150577320778,0.3854512382542917,-0.7712329572142032,0.13880176531980837,0.13318853348131787,0,49.70833333333334,6.458333333333332,Rupicapra_rupicapra,88
641,-1.2796252550535798,0.5307406736382781,-0.6327476238120783,-0.2171289941923287,-0.5393568211201331,0.2662390261022008,-0.5024249611624623,-0.05492750725134966,0.03913653497057196,-0.13110267070075993,0.2853213405180874,0.12319658020043471,0.09560290171738395,-0.4076596645694459,0.699458877491391,0.37860336032887,-0.007609140229881281,0.01507516220550818,0.1202297385569607,-0.43746550630310876,-0.17767999337372647,0.29446725865283974,0.26037897315479125,0.08654514556089192,0.35895777833505155,0.13948023319394912,-0.2968930499247722,0.7537922233478662,-1.3675907031481382,-0.270281341244003,0.9668642135705371,-0.1600175607468347,0.330632466514158,-0.6665182106966364,-0.15441056294207287,-0.4952174840146221,0.024663659671154817,0.48551329153626493,-0.6843294260721275,-0.11651743885147055,0.8260337632142283,0,43.04166666666667,2.0416666666666665,Rupicapra_rupicapra,168
642,-0.2787765122561309,0.28568720573341566,-0.26723646537159335,-0.4677081916895609,-1.8387805327672018,0.9456881737377513,-0.3287193411000372,0.033088469519456695,-0.5321899211821894,-0.6317549197690254,-0.014789874936780708,-0.22348268831239837,-0.32893762702129203,-0.6269546330151781,-0.7012166906014726,0.34530793163343637,-0.3096158745690179,0.23492500796042964,-0.2608339270788491,-0.2595229125920345,0.2351517040364509,-0.4007078595752798,-0.00956558811404545,-0.22399768481234394,0.09423338242367656,0.3827133957514559,0.01507673323235124,1.0691364175358655,-0.9247243146731547,0.131969007305331,0.9004361587647233,0.7409111197449678,0.24876128612583875,-0.8260538217535772,-0.3479678230902031,-0.32541928489660876,-0.31415681248863087,0.24036126099543048,-0.5829419730730392,0.11043296485633292,-0.0814959039007107,0,47.95833333333334,9.624999999999998,Rupicapra_rupicapra,109
643,-0.13521991928944666,-0.2452619747271198,0.0068969034587703275,-0.44727040248654254,-1.0861834193990816,0.49272207531405093,-0.10985028632675571,-0.1584902480540108,-0.5207352577981911,-0.6155141934595855,-0.12098307425158018,-0.18761931570762252,-0.32893762702129203,-0.6645038293589864,-0.7415312364984904,0.4806066336593273,-0.2383250183363525,0.287945251404913,-0.3474105807971011,-0.1683815841058746,-1.0033433881940812,2.097429697920016,-0.036560044240929124,-0.17224054641680464,-0.003812690136091971,0.08704673707376799,-0.14536486953416938,0.7222578039290662,-0.9247243146731547,-0.12614163301382497,0.6157444953112354,0.3328434232869161,0.13317844322468222,-0.6984253329080246,-0.4447464531642682,-0.12793032623953096,-0.2560733029755247,0.08526507840837194,-0.31498941871830594,0.02532656346590662,-0.18395893083304252,0,48.54166666666667,22.79166666666667,Rupicapra_rupicapra,102
644,1.1600932331243174,0.4082139396858469,0.0068969034587703275,-0.41725906797126544,-0.46242977305935296,0.10152408400999609,-0.3252451491826662,-0.19243718230411727,-0.3479774983401102,-0.6093381426095168,0.017529794419897392,-0.17566485817269725,-0.32893762702129203,-0.6422452801868965,-0.7079115382667416,0.5593916624482387,-0.16703431152845633,0.37631237320347055,-0.2045906994808606,-0.3347506757869602,-0.26024633285576193,-0.31337392229998273,0.037674710108000976,-0.14118626337948106,0.13345181144758397,-0.1037529293635577,-0.36820042893211474,0.5645857068350667,-1.1313952959614804,-0.32391472105058083,0.48288838569960774,0.020168175351525798,0.03204345568617024,-0.6665182106966364,-0.25118919301613796,-0.32041956442427766,-0.19798979346241863,0.28038608230821976,-0.553974129359014,0.18608309942560075,-0.05222075334861589,0,49.70833333333334,11.041666666666664,Rupicapra_rupicapra,88
645,0.1741910929789982,0.4082139396858469,1.1948081683903464,-0.20100423622497784,-0.5120724327646711,0.12211343259617825,-0.4850543991562198,-0.10835702104102397,-0.10595586789340754,-0.3612504280395624,0.22991619304949637,-0.0919836554282203,-0.11666736265195404,-0.40127243337484236,-0.6852073289974653,0.3775480874176408,-0.0007541295182729512,0.021289993075238062,0.0014238195859287903,-0.3607910553544345,1.3910804567849475,1.2356649411900724,0.1591497626789775,-0.058374841946618156,0.28052092028723674,0.06519944702369253,-0.2968930499247722,0.7853266427666662,-1.2494929995548092,-0.28368968619564744,0.7580903270379793,-0.12292049743246636,0.11873058786203765,-0.34744698858275497,-0.05763193286800776,-0.4809875103626029,-0.062461604598504354,0.3854512382542917,-0.6046678558585581,-0.24890517434768925,0.04048389006635099,0,42.29166666666667,0.3749999999999997,Rupicapra_rupicapra,177
646,0.885915899222994,-0.4086309533303615,0.09827469306889156,-0.6053159647965759,-1.8429490010657323,0.8839200666181058,-0.08553147301264204,-0.1170651292116857,-0.7022682272171128,-0.6944303987660186,-0.25026175167829257,-0.4267084664061281,-0.5412078913906301,-0.7157952358510712,-0.8094983488818673,0.20811657187556906,-0.4980275085695017,0.048091423418462724,-0.5363625476712423,-0.1640415208446289,-1.0859097276761167,0.7581542238785358,-0.20527539503395206,-0.4310262383945012,-0.1410771917197679,0.1758923832774082,-0.047317223399073446,0.7222578039290662,-0.8066266110798258,0.007941816502619685,0.6347239395414679,0.5448266422261637,0.11873058786203765,-0.8898680661763535,-0.5415250832383333,-0.11023900764512866,-0.5271296807033533,-0.04981869352229194,-0.32223137964681225,-0.07869237156683664,-0.33033468359351653,0,49.20833333333334,22.20833333333333,Rupicapra_rupicapra,94
647,0.13708185959116836,0.08147598247936355,2.8396083813725284,-0.4246924507688173,-0.6556948290435284,0.47213270755252534,-0.4364167725279925,-0.06643996279566915,-0.21407181351781332,-0.5088547756044313,0.07293494188848842,-0.17566485817269725,-0.11666736265195404,-0.6192125401909935,-0.38015581078413613,0.4353749704955847,-0.2265738062125184,0.2900816134076254,-0.12243767040514703,-0.32317717375697164,0.8956824198927347,-0.31668589714356143,0.0849150083300474,-0.1515376910585889,0.20698636586741034,0.09578565309379818,-0.38602727368395034,0.9429987398606657,-1.485688406741467,-0.33732306600222534,0.8909464366496069,-0.0010301465423989654,0.3210005629390616,-0.8260538217535772,-0.25118919301613796,-0.4307980086980485,-0.22703154821897167,0.36543882759789703,-0.6988133479291401,0.02532656346590662,0.1429469169986828,0,48.95833333333334,6.291666666666668,Rupicapra_rupicapra,97
648,0.26643208449134986,0.24484496108260523,0.09827469306889156,-0.49856899014104394,-0.5207882930991781,-0.0631908887627581,-0.009100973679800832,-0.30023095480591744,-0.5020460701716674,-0.6001884376464521,-0.1763882217201712,-0.10393811296314558,-0.32893762702129203,-0.7192791868512568,-0.7959631381268776,0.5690159866505718,-0.24361316091817783,0.30037491314437276,-0.3328758141144748,-0.278329853390766,-0.5079453513018684,-0.559775803560657,-0.029811430209208203,-0.11013198034215746,-0.0479334227879878,-0.2464885576907174,-0.3503735841802791,0.12310383497186779,-0.5999556297915002,-0.3105063760989364,0.027381724174027153,0.041366497245450565,-0.2232019890538838,-0.8898680661763535,-0.5899143982753658,-0.025436056556743743,-0.20767037838126964,0.060249565087878626,-0.2425698094332429,0.21445189988907618,-0.22299246490250224,0,51.37500000000001,21.625,Rupicapra_rupicapra,68
649,-1.6299166004098353,0.7349518968923303,-0.3586142549817146,0.017276485742215502,0.47736932737698395,0.06034535615708228,-0.592751830584175,0.02546273313467669,0.6066447699953339,0.63956390733109,0.5715812691058078,0.9002363199705777,1.156954223564074,-0.14404113625618462,0.9742381907044156,0.14360181270416625,-0.13197627217983077,-1.3778251585536618,0.6080923419911981,-0.3550043043394402,-0.17767999337372647,0.3217756530393835,0.6585472010263255,0.6455222402327165,0.6923144250382645,0.18171832729076165,0.22008544787846093,-0.5391189728229305,0.10863059176847335,0.24258785315639786,-0.42812493735155344,-0.8224651199319836,1.197503788272832,-1.0494036772332942,-0.20279987797910543,-0.6023268802872535,0.44092881118174865,0.8457366833513685,-0.8943462929988103,-0.22053637388421382,1.0699933511483517,0,36.79166666666667,5.791666666666668,Rupicapra_rupicapra,243
650,-1.6167732888048252,0.6941096522415199,0.281030272289134,-0.10427194180995612,-0.1600267299780936,0.12211343259617825,-0.14111721842186978,-0.15066767585132387,0.18262126578065696,-0.15773484764682325,0.1837452368256705,0.48183030624819306,0.09560290171738395,-0.47791920771008545,1.1800315337271845,0.8954958046129239,0.3286724982425278,-1.481146888457834,0.12086168493446618,-0.25373616157704026,0.07001902507237993,-0.3128715968543552,0.36160818363060504,0.43849368665055927,0.30013013479919043,0.13802374719061075,-0.19884540378967627,0.7537922233478662,-1.1904441477581449,-0.19318335777204731,0.8434978260740257,-0.25011042879601497,0.24876128612583875,-0.6027039662738601,-0.39635713812723566,-0.16946646554812766,0.40220647150634453,0.4204729569029823,-0.3077474577897996,-0.5704182462670775,0.9968054747681147,0,44.54166666666667,11.041666666666664,Rupicapra_rupicapra,150
651,-1.0420912613533393,0.6532674075907094,0.0068969034587703275,-0.30998929258589103,-1.529177396580425,0.6780263966729873,-0.12374665641562725,-0.08538135644229611,-0.4761223583026184,-0.5903525048111575,-0.02402406618154588,-0.12784702803299614,-0.32893762702129203,-0.5865021749355571,-0.6505688284778856,0.6528256044257791,-0.014855643836781568,0.5272164621493973,-0.2564103024363107,-0.30726360846573736,-0.9207770487120457,0.4925857135595907,0.03092609607628006,-0.058374841946618156,0.05501495339976914,0.3302798996312748,0.05073042273602249,0.5330512874162667,-0.6885289074864969,0.15543361097070882,0.530336996275189,0.7780081830593362,0.007963696748429292,-0.34744698858275497,-0.3479678230902031,-0.14523705095144626,-0.062461604598504354,0.12528989972116125,-0.2280858875762303,0.2617332339948686,-0.1107710544528055,0,46.79166666666667,15.45833333333333,Rupicapra_rupicapra,123
652,0.39459869775988654,0.44905618433665734,0.1896524826790128,0.11797869536937092,0.5455803705448449,-0.3514420144137042,-0.3843050865092649,-0.20419560754995164,0.34821148733179147,0.38742418056320693,0.4376854960567127,0.5894204240625206,0.5201434304560599,-0.14210564073804643,1.2539655835392838,0.5607337186559378,0.17864823687311235,-1.3840400635100196,0.34014707792887083,-0.32896392477196595,1.308514117302912,-0.09620951853082566,0.47633462216986067,0.53165653576253,0.501124583546716,-0.07462320929679042,-0.0829709129027447,-0.5706533922417305,0.02005731407347666,-0.04569156330395818,-0.39965577100620464,-0.9072584075076827,0.7544362238183987,-0.41126123300553125,-0.20279987797910543,-0.3871466030357733,0.5086929056137057,0.5955815501464355,-0.48155452007395094,-0.6082433135517114,1.0260806253202095,0,36.37500000000001,3.4583333333333326,Rupicapra_rupicapra,248
653,0.991288541020395,0.24484496108260523,0.1896524826790128,-0.5376964816512447,-0.593546854791626,0.16329219112964155,-0.3321934004905374,-0.20148967808524734,-0.45354796321251634,-0.6235201853022672,-0.028641161803928467,-0.18761931570762252,-0.32893762702129203,-0.6890849879197265,-0.7670007107442598,0.39596523229963204,-0.3440862263003979,0.20074336409028737,-0.2488269459062448,0.028367950403931017,-1.0033433881940812,-0.2339580185047561,0.003931639949396387,-0.19294340177502037,0.09913568605166498,-0.16346885550043064,-0.39494069605986815,0.4069136097410671,-1.0428220182664836,-0.34067515224013645,0.33105283185774753,-0.006329727015880157,-0.06909153185234174,-1.0494036772332942,-0.39635713812723566,-0.3025359488886319,-0.32383739740748185,0.27037987698002247,-0.6336356995725834,0.13880176531980837,-0.0961334791767581,0,51.04166666666667,12.874999999999998,Rupicapra_rupicapra,72
654,0.7539976492196898,0.48989842898746777,-0.26723646537159335,-0.515821115083714,-0.7386852351370911,0.10152408400999609,-0.033419786993914506,-0.27105627568332524,-0.519228065247665,-0.6141417377151258,-0.18562241296493637,-0.16371040063777198,-0.32893762702129203,-0.7208276054160938,-0.7934889595183361,0.5047020317990606,-0.29198913109565133,0.25240411791243156,-0.3638411866122438,-0.308710296219486,-0.26024633285576193,-0.33414187268613144,-0.05005727230437096,-0.17224054641680464,-0.06264033367195308,-0.18240317354382937,-0.2968930499247722,0.15463825439066772,-0.5999556297915002,-0.26022508253026966,0.11278922321007351,0.12086020434766843,-0.1846743747534983,-0.8898680661763535,-0.5899143982753658,-0.05620356715570426,-0.26575388789437576,0.050243359759681305,-0.27153765314726813,0.1577142989621253,-0.22299246490250224,0,51.29166666666667,20.375,Rupicapra_rupicapra,69
655,0.7239147684726245,-0.36778870867955105,0.5551636411194977,-0.6653386338271301,-0.7167059959434899,0.6162582818832045,-0.7421387035959219,-0.004203922926379645,-0.19357399483065832,-0.437127624197549,0.20221361931520085,-0.23543714584732364,-0.11666736265195404,-0.6745685500304264,-0.5190007881923111,-0.016939560678244148,-0.6472683358740255,-1.9187102179649647,0.016590532646060523,-0.07145350460472036,-0.4253790118198329,-0.5214245060244352,0.09841223639348924,-0.32751196160342255,0.31483704568315574,-0.04986294724003824,-0.448421230315375,0.7853266427666662,-1.4266395549448028,-0.3943085320467143,0.6821725501170492,-0.20771378500816542,0.20541772003790507,-1.3046606549243995,-0.15441056294207287,-0.7177050450333553,-0.5174490957845023,0.4905163942003636,-1.097121198996987,-0.977037719576892,0.17710125930946008,0,53.79166666666667,-0.29166666666666724,Rupicapra_rupicapra,39
656,-1.4986695634745073,0.24484496108260523,-0.5413698342019571,-0.22653920790140566,-0.9850034451616129,0.5339008108371022,-0.23144422037045329,-0.06791589361106154,-0.2625029341413854,-0.47277879603577616,0.03138108128704515,-0.15175594310284668,-0.11666736265195404,-0.5278557525725891,-0.6002120527222501,0.6318215285774864,0.0621151467225395,0.49381169065962827,-0.1799447907581465,-0.37381124513817166,-0.6730780302659393,0.5163273898875494,0.09841223639348924,-0.027320558909294565,0.13835411507557238,0.30697612357786097,-0.1542782919100872,1.1952740952110652,-1.3085418513514737,-0.09597285687262493,1.0522717126065835,0.2851471990255854,0.3691600808145435,-0.34744698858275497,-0.25118919301613796,-0.24042403686698036,-0.01405868000424926,0.2353581583313318,-0.3511992233608375,0.1198892316774914,-0.03270398631388602,0,44.20833333333334,18.95833333333333,Rupicapra_rupicapra,154
657,-0.08442508588530374,-1.5113715589022427,1.1948081683903464,-0.5785884131604083,-1.2476166407824139,1.2545287093359785,-0.5858036455397393,0.2349005101043238,-0.4708974241274613,-0.7728891188242984,0.077552037510871,-0.378890636266427,-0.5412078913906301,-0.5208878505722178,-0.6562448738553236,-0.22961808134652514,-0.8409679630315655,-0.5473676982846977,-0.2159657342759594,1.7195459345360102,0.4828507224825573,2.54048003660435,-0.09729757052641738,-0.46208052143182476,0.14815872233154925,0.542926856118676,-0.0027501115194843847,1.5736871282366642,-1.338066277249806,-0.018874873400669248,1.4982886520170478,0.24805013571121703,0.508822682653441,-1.1451250438674587,-0.25118919301613796,-0.547522252032855,-0.5755326052976083,0.31040469829281175,-0.8798623711417978,-0.7028059817632962,-0.07173752038334576,0,42.29166666666667,1.9583333333333328,Rupicapra_rupicapra,177
658,0.01827406046556071,-1.3888448249498115,1.1948081683903464,-0.4702893894184759,-0.48630373935899274,-0.042601478815476976,-0.19670309635796826,-0.26879315173804275,-0.49963456209082563,-0.6061357458724442,-0.06557792678298915,-0.17566485817269725,-0.32893762702129203,-0.6881172401606573,-0.7662730225839045,0.5773097371795372,-0.1987625693203315,0.34484985675126245,-0.2924312459541235,1.979949730210753,-0.5079453513018684,-0.4700564465156247,0.003931639949396387,-0.1308348357003732,0.05011264977178072,-0.22755423964731866,-0.3503735841802791,0.15463825439066772,-0.7180533333848291,-0.3205626348126697,0.08432005686472473,0.02546775582500699,-0.1798584229659501,-0.7622395773308009,-0.39635713812723566,-0.19311898932107854,-0.21735096330012066,0.17532092636214786,-0.41637687171739424,0.19553936624675922,-0.13516701324621783,0,51.29166666666667,17.958333333333332,Rupicapra_rupicapra,69
659,1.6774709582176268,0.44905618433665734,-0.8155032030323207,-0.1635594191981055,-0.29569118567654173,0.1427028118629099,-0.492002650464091,-0.09108835649226193,-0.0018591024037380385,-0.3039013844317819,0.2714700536509396,-0.008302452683743352,0.09560290171738395,-0.41753084676423524,1.026632404478569,0.5594891239591484,0.12224217959907789,-1.4562874908922865,0.08484074141665332,-0.4287853797806173,-0.4253790118198329,1.2434075696837734,0.2333845170279076,0.055490862523568336,0.3344462601951094,0.10889402712384345,-0.2968930499247722,0.6591889650914664,-1.338066277249806,-0.30380220362311416,0.8814567145344907,-0.22891210690209018,0.35952817723944713,-0.34744698858275497,-0.05763193286800776,-0.4819489950688204,0.06338599934655889,0.4504915728875743,-0.6046678558585581,-0.6649809144786623,0.8162753796968634,0,43.79166666666667,2.7083333333333326,Rupicapra_rupicapra,159
660,-1.1946440071728806,0.20400271643179482,0.1896524826790128,-0.17633508158788283,-0.562093980067832,0.8633307180319236,-0.23144422037045329,0.06536271220713265,-0.05250077210141509,-0.30066631017698403,0.09602042000040135,0.08733320759565888,0.09560290171738395,-0.4997906614702688,0.8384494813621136,0.7360157254707214,0.17355584073893301,-1.5065888291787195,-0.05355551525704874,-0.37381124513817166,0.7305497409286638,0.3071151223191815,0.19964144686930302,0.12795085627732336,0.22169327675137562,0.6186641282922709,0.1933451807507075,1.3844806117238648,-1.1313952959614804,0.21912324949102002,1.3464530981751874,0.041366497245450565,0.942258343532778,-0.5069825996396957,-0.29957850805317054,-0.2609998095800352,0.13115009377851602,0.34042331427740374,-0.3946509889318753,-0.7784561163325641,0.8260337632142283,0,43.70833333333334,17.875,Rupicapra_rupicapra,160
661,-1.0480039867413908,0.7349518968923303,-0.08448088615135091,0.19974600585648436,0.8206990252706423,-0.9691230242490597,-0.34608990310627974,-0.4051712460504519,0.4221644018109389,0.4595761397005172,0.46077097416862567,0.6970105418768481,0.5201434304560599,-0.10707261071814403,1.349148771654712,0.6660750487350525,0.2961606569609919,-1.3479163127755722,0.3907027881293099,-0.4880995776843087,1.5562131357490183,-0.5611821005658484,0.530323534423628,0.6248193848745007,0.5305384053146465,-0.5465246743784204,-0.6534299449614848,-0.5706533922417305,-0.42280907440150683,-0.6188983099867591,-0.43761465946666966,-0.9602542122424946,-0.06427558006479354,-0.3155398663713668,-0.15441056294207287,-0.3634940792628224,0.624859924639918,0.6205970634669288,-0.4308607935744068,-0.560961979445919,1.074872542907034,0,35.62500000000001,2.7083333333333326,Rupicapra_rupicapra,257
662,-0.34415917138579044,0.1631604717809844,0.4637858515093765,-0.5525142876510112,-1.0088774114612526,0.6574370174062557,-0.46073558584210617,-0.048531731980447176,-0.3866621071369468,-0.6361010296264811,0.022146890042279977,-0.27130051845209946,-0.32893762702129203,-0.6902463110726568,-0.4786862422952933,0.33558586585838057,-0.3997088495095409,0.14558661046983576,-0.2033268067258496,0.01534776062019388,0.8131160804106992,-0.4990816966912301,0.010680253981117304,-0.27575482320788325,0.14815872233154925,0.08122079306041453,-0.3147198946766078,0.9114643204418659,-1.3085418513514737,-0.24681673757862518,0.7865594933833281,0.1420585262415932,0.24394533433829058,-0.9855894328105179,-0.25118919301613796,-0.4346439475229186,-0.42064324659599206,0.3154078009569104,-0.7712329572142032,0.06315163075054053,0.07463823237712826,0,52.04166666666667,9.624999999999998,Rupicapra_rupicapra,60
663,1.4787998563336455,0.6532674075907094,-0.26723646537159335,-0.48695330121879604,-1.930865668723313,0.9045094458848375,-0.33914165179840855,0.011588773271555615,-0.5303812901215581,-0.6303824640245657,-0.005555683692015537,-0.1995737732425478,-0.32893762702129203,-0.6267610945385275,-0.7060195046345795,0.26862196613265205,-0.3699389527427407,0.1751071682309946,-0.2576741951913216,-0.3159437349882288,0.1525853645544154,-0.45688171244488246,-0.00956558811404545,-0.23434911249145182,0.09423338242367656,0.3186280116045679,0.023990155608269056,0.9745331592794657,-0.8361510369781581,0.1118564898778643,0.8245183818437931,0.7091136369040807,0.1765220093126159,-0.8579609439649654,-0.3479678230902031,-0.32830373901526133,-0.3431985672451839,0.24036126099543048,-0.6046678558585581,0.10097669803517445,-0.0814959039007107,0,48.12500000000001,10.874999999999998,Rupicapra_rupicapra,107
664,-0.30939925368733734,0.44905618433665734,0.646541430729619,-0.6662862163820972,-1.5666935570577956,1.2339393607497962,-0.5163213975147692,0.17714158424199136,-0.4702945471072508,-0.6752160183435827,-0.02402406618154588,-0.3549817211965764,-0.32893762702129203,-0.6834719660075413,-0.5137613446072766,-0.021820617985398607,-0.6817385381806365,-1.9272556104108431,-0.2614658734563546,-0.2855632921595088,-1.0033433881940812,-0.46456655414246045,-0.056805886336091876,-0.42067481071539337,0.11874490056361868,0.40601717180486974,-0.09188433527866252,1.3529461923050647,-1.338066277249806,-0.09932494311053605,1.2705353212542574,0.35404174518084086,0.6773809952176276,-1.3365677771357876,-0.3479678230902031,-0.49060235742477803,-0.6336161148107144,0.3003984929646144,-0.9088302148558229,-1.355288392423231,0.04048389006635099,0,50.45833333333334,6.624999999999999,Rupicapra_rupicapra,79
665,-0.21573461004890446,-0.16357748542549896,-0.6327476238120783,-0.45870640670248175,-1.056246311904277,0.47213270755252534,-0.05773860030802817,-0.1806295481038062,-0.5234482043891381,-0.6159716787077387,-0.1486856479858757,-0.17566485817269725,-0.32893762702129203,-0.6776653871601003,-0.755357533621432,0.48810864944305776,-0.24655100130532867,0.2974616787612872,-0.3568897764596834,-0.16114814533713173,-0.8382107092300103,-0.3624439612665106,-0.05005727230437096,-0.17224054641680464,-0.03812881553201095,0.057917017007000714,-0.18101855903784064,0.6591889650914664,-0.8951998887748225,-0.13284580548964722,0.5493164405054215,0.3222442623399537,0.08983487713674851,-0.6984253329080246,-0.49313576820130073,-0.08504810834222974,-0.2463927180566737,0.050243359759681305,-0.2570537312902555,0.1577142989621253,-0.2132340813851373,0,48.95833333333334,22.29166666666667,Rupicapra_rupicapra,97
666,0.13539960103004983,-2.695796653775745,0.1896524826790128,-0.4260810685379925,-0.7868120553342135,0.6368476534797988,-0.4155721511312498,-0.021423378520664955,-0.17468384819739782,-0.38419004548267466,0.09140332437801876,-0.04416582528851919,-0.11666736265195404,-0.5888248027828125,-0.34246098667963554,0.3091502712095626,-0.29492682205803294,-0.6471935024771904,-0.09968760081494943,3.121386367918375,-1.0033433881940812,0.3843533433711958,0.11190946445693108,-0.09978055266304961,0.20698636586741034,0.18608778530077674,-0.3147198946766078,1.1322052563734655,-1.3971151290464705,-0.29709803114729194,0.9478847693403045,0.05726523866589414,0.35471222545189895,-0.9855894328105179,-0.29957850805317054,-0.4073377818663411,-0.22703154821897167,0.3704419302619957,-0.7060553088576464,-0.06923610474567816,0.17222206755077762,0,46.95833333333334,4.624999999999999,Rupicapra_rupicapra,121
667,0.5705679995090487,0.4082139396858469,-0.5413698342019571,-0.5227316971514233,-0.8694232847131093,0.6162582818832045,-0.5371660851749473,-0.013502425944458963,-0.17749727429171322,-0.3997772214376099,0.10987170686754912,-0.1398014855679214,-0.11666736265195404,-0.6606327829468942,-0.4421557636625994,0.3168130424739315,-0.3973585473148664,0.1479172276109554,-0.06429860367464205,-0.30726360846573736,0.1525853645544154,-0.4664816087616306,0.11190946445693108,-0.17224054641680464,0.24130249126332934,0.08850322307710635,-0.3592870065561969,0.9114643204418659,-1.3675907031481382,-0.28368968619564744,0.7486006049228631,0.0837631410333001,0.2776569968511279,-1.0813107994446824,-0.25118919301613796,-0.5034862524880928,-0.3528791521640349,0.4204729569029823,-0.8726204102132914,0.1577142989621253,0.1624636840334127,0,51.70833333333334,6.208333333333332,Rupicapra_rupicapra,64
668,0.43080531041850006,-0.9804223784417073,-0.26723646537159335,-0.7941080532642911,-1.0600358383955604,1.316296816455624,-0.39820158912500725,0.04848760668788128,-0.6220185971935451,-0.7538708035082139,-0.005555683692015537,-0.21152823077747307,-0.32893762702129203,-0.7558606077480882,-0.2817708391783831,-0.011599622090556505,-0.7571424606101745,-0.6031069209738594,-0.31960494018685953,1.012115622952959,-1.333608746122223,-0.6178128905174486,-0.1040461845581383,-0.368917672319854,0.064819560655746,0.3055196375745226,-0.18993198141375844,0.9429987398606657,-1.101870870063148,-0.10267702934844716,0.8340081039589095,0.25864929665817943,0.48474292371570005,-1.4003820215585638,-0.5415250832383333,-0.36599393949898795,-0.5755326052976083,0.20033643968264117,-0.720539230714659,-0.10706117203031207,0.13318853348131787,0,56.70833333333334,13.291666666666664,Rupicapra_rupicapra,4
669,0.8024484338679598,-0.8987378891400866,-0.3586142549817146,-0.5215064109854298,-0.46470353232164646,0.06034535615708228,-0.1272208483329982,-0.26033101326889585,-0.4643662564085148,-0.5832614834647825,-0.08866340489490208,0.015606462386107205,-0.32893762702129203,-0.716182349721583,-0.7869396827965669,0.5227063655687504,-0.28474247806398184,0.25959007630094194,-0.25325057054878325,0.4855212805884794,-1.7464404435324004,-0.5676524999648823,0.037674710108000976,-0.058374841946618156,0.05501495339976914,-0.20861992160391993,-0.40385411843578595,0.2807759320658674,-1.0132975923681515,-0.38090018709506984,0.22666588859146866,-0.06992469269765444,-0.07872343542743812,-1.0813107994446824,-0.5899143982753658,-0.14119881518533267,-0.17862862362471657,0.20033643968264117,-0.4236188326459005,0.2617332339948686,-0.1254086297288529,0,52.29166666666667,15.124999999999998,Rupicapra_rupicapra,57
670,0.576083795620919,-1.8789517607595365,0.09827469306889156,-0.191969745031645,-0.811443796829539,0.5544901785986277,-0.5719072091874323,0.046027684460126235,-0.07259667277509646,-0.34772193570131676,0.2530016711614093,-0.21152823077747307,-0.11666736265195404,-0.4601123757558556,-0.19590235931836075,0.561857886773155,0.0636817160027841,-1.7103189805173502,0.046923958766323985,2.3155812890804213,-0.5905116907839039,-0.10637698155667583,0.18614421880586118,-0.07907769730483388,0.3099347420551673,0.35649664769136535,-0.19884540378967627,1.2583429340486652,-1.456163980843135,-0.1697187541066695,1.3844119866356526,0.0784635605598189,0.5906938630417602,-0.1879113775258142,0.13592532728012247,-0.547522252032855,-0.07214218951735538,0.43047916223117966,-0.6770874651436212,-0.9864939863980505,0.23565156041364968,0,45.37500000000001,1.6249999999999998,Rupicapra_rupicapra,140
671,0.9041734608672937,-0.08189299612387813,-0.08448088615135091,-0.5666623144208804,-1.5090929929116714,0.6986157605994442,-0.07510916231427069,-0.15607949724529807,-0.603932286587232,-0.6640076297638284,-0.22255917794399704,-0.33107280612672585,-0.32893762702129203,-0.708827352309305,-0.7981462303674672,0.2899758391853305,-0.4322205413663076,0.11334722163725444,-0.47253596354318783,-0.24505603505454884,-0.7556443697479748,0.22371563725961544,-0.1445378687484638,-0.33786338928253046,-0.11166336995183734,0.08559025107042963,-0.10971118003049814,0.5961201262538666,-0.7771021851814935,-0.06245199449351376,0.48288838569960774,0.43353545228305873,0.03685940747371843,-0.8898680661763535,-0.5415250832383333,-0.09389376763943089,-0.4400044164336941,-0.009793872209502645,-0.31498941871830594,0.006414029823589663,-0.2913011495240568,0,49.29166666666667,22.54166666666667,Rupicapra_rupicapra,93
672,1.038661184380434,-0.0410507514730677,1.103430378780225,-0.2556682725601796,-0.6295472480400072,-0.02201213022929481,-0.13416896711399862,-0.22377656746303853,-0.21866037750497055,-0.33625212697976065,0.003678507552749635,0.027560919921032483,0.09560290171738395,-0.5882441319770446,-0.6450383262844233,0.7525113662540014,0.06740299045482644,0.6087861358362591,-0.15593082841293793,-0.18429514939710887,-0.6730780302659393,-0.2671044151939105,0.13215530655209384,0.07619371788178406,0.12854950781959554,-0.06151483526674515,-0.3236333170525256,0.34384477090346727,-0.8656754628764903,-0.25352091005444743,0.2646247770519337,0.13145936529463081,-0.08835533900253449,-0.4750754774283075,-0.3479678230902031,-0.15773635213227397,0.044024829508856854,0.23035505566723316,-0.30050549686129335,0.3846647026699288,-0.03270398631388602,0,46.87500000000001,16.958333333333332,Rupicapra_rupicapra,122
673,-0.8214017439566592,-0.08189299612387813,-0.7241254134221995,-0.6035351716944862,-1.1790264931790921,1.04863503939086,-0.44683908322636384,0.0690033490588541,-0.43271521284746667,-0.6525704985599976,-0.02402406618154588,-0.33107280612672585,-0.32893762702129203,-0.6900527541374009,-0.4941134866824451,0.19650184836853693,-0.5064492379861238,-1.9299746081771785,-0.2564103024363107,-0.26530966360702884,-1.0033433881940812,0.11370530812851347,-0.029811430209208203,-0.32751196160342255,0.11384259693563026,0.3098890955845377,-0.2166722485415119,1.226808514629865,-1.4266395549448028,-0.18312709905831395,1.2135969885635598,0.136758945768112,0.5473502969538265,-1.208939288290235,-0.39635713812723566,-0.4217600524596039,-0.47872675610909815,0.2903922876364171,-0.7784749181427094,-1.355288392423231,0.055121465342398396,0,50.87500000000001,8.458333333333332,Rupicapra_rupicapra,74
674,0.8393699010763787,0.1631604717809844,0.37240806189925524,-0.28102355953029884,-0.5196513411888254,-0.02201213022929481,-0.05773860030802817,-0.24247199140815062,-0.3112020001072733,-0.5393428996420718,-0.03787535304869364,0.05146983499088304,0.09560290171738395,-0.6195996356029001,-0.6785124813321963,0.7792970381690181,0.045467434336941205,0.5713030436527283,-0.1748892197381026,-0.1929752759196003,0.07001902507237993,-0.588216655779026,0.118658078488652,0.08654514556089192,0.0844287751676997,-0.07899266730680551,-0.27015278279701876,0.46998244857866694,-0.954248740571487,-0.2736334274819141,0.41646033089379386,0.09436230198026248,0.03204345568617024,-0.4750754774283075,-0.39635713812723566,-0.08658648387217777,0.024663659671154817,0.16531472103395053,-0.22084392664772398,0.2617332339948686,-0.07661671214202823,0,48.04166666666667,22.875,Rupicapra_rupicapra,108
675,-0.37111323028491444,0.612425162939899,0.37240806189925524,-0.5277635669263688,-0.34609176513595763,-0.042601478815476976,-0.3565122138046511,-0.24060242649237878,-0.3277141318274815,-0.6015608933909119,0.026763985664662565,-0.08002919789329502,-0.32893762702129203,-0.69547221911433,-0.7686016580084701,0.46240709680600517,-0.31216207263610757,0.23240013568090273,-0.17741700524812457,-0.19442196367334888,1.0608150988568057,-0.5332352584423866,0.05117193817144281,-0.12048340802126532,0.14815872233154925,-0.2581404457174243,-0.48407491981904627,0.31231035148466735,-1.1313952959614804,-0.4479419118532922,0.27411449916704994,-0.17591630216727827,-0.0835393872149863,-1.0174965550219062,-0.39635713812723566,-0.32541928489660876,-0.2560733029755247,0.32541400628510775,-0.6626035432866085,0.2049956330679177,-0.04734156158993342,0,52.54166666666667,12.20833333333333,Rupicapra_rupicapra,54
676,0.9746632020689274,0.04063373782855314,0.0068969034587703275,-0.3869373236387083,-0.25703814556802423,0.3074177539551146,-0.6761305812248875,-0.027474766181099113,-0.08385037715235803,-0.36713238123010405,0.2483845755390267,-0.17566485817269725,-0.11666736265195404,-0.5493400924622606,0.7620409475867098,0.31810944860611834,-0.23382045924418787,-1.7959671971578575,0.07725738488658745,-0.23637590853205742,-0.5905116907839039,-0.50888948655875,0.17264699074241935,-0.1618891187376968,0.3442508674510863,0.03315675495024852,-0.3325467394284435,0.8168610621854661,-1.3085418513514737,-0.28704177243355855,0.7580903270379793,-0.29780665305734566,0.37397603260209167,-0.7622395773308009,0.039146697206057346,-0.6459782859495287,-0.2560733029755247,0.5055257021926596,-0.9233141367128356,-0.9297563854710996,0.7138123527645316,0,48.20833333333334,-0.7083333333333334,Rupicapra_rupicapra,106
677,-0.11345510662495646,0.48989842898746777,-0.44999204459183584,-0.2559460758852494,-0.2782594650075276,-0.24849521012169445,-0.06121265969852837,-0.2964426723230486,-0.4248778115847309,-0.5576423095682013,-0.056343735538223985,-0.0919836554282203,0.09560290171738395,-0.618631887843831,-0.6725453495868066,0.8644142645489306,0.11871695044421994,0.6233521595784313,-0.21975741254099232,-0.36657780636942877,0.8131160804106992,-0.4933562451063095,0.07816639429832649,0.024436579486244746,0.05991725702775757,-0.2057069495972432,-0.3503735841802791,0.21770709322826756,-0.8066266110798258,-0.3507314109538698,0.12227894532518978,-0.05932553175069207,-0.1798584229659501,-0.2517256219485905,-0.3479678230902031,-0.08985553187331732,0.024663659671154817,0.1302930023852599,-0.17015020014817986,0.2049956330679177,-0.09125428741807563,0,48.29166666666667,20.041666666666668,Rupicapra_rupicapra,105
678,1.556390740631798,0.20400271643179482,-0.26723646537159335,-0.6029797644724335,-0.6185576284432066,0.2868283900286577,-0.11679840510775609,-0.2316483110847678,-0.5059647708030353,-0.6079656868650571,-0.13483436111872793,-0.03221136775359391,-0.32893762702129203,-0.7434732500000902,-0.5354468071077698,0.40028994681534363,-0.4187065652402753,0.12674801089549467,-0.3158132619218266,0.01968782388143959,0.2351517040364509,-0.5286520425634618,-0.016314202145766368,-0.14118626337948106,0.005991917119884881,-0.15181696747372372,-0.37711385130803254,0.2807759320658674,-1.0428220182664836,-0.3641397559055143,0.2836042212821662,-0.043426790330248495,-0.04501177291460079,-1.208939288290235,-0.6383037133123984,-0.131007077299427,-0.2947956426509288,0.15530851570575321,-0.44534471543141946,0.18608309942560075,0.016087931272938654,0,53.54166666666667,15.541666666666664,Rupicapra_rupicapra,42
679,-0.4645337515554455,0.5307406736382781,0.5551636411194977,-0.4351645193266625,-0.2331643238267965,0.225060298249287,-0.6344412059045312,-0.07859194707101419,-0.14574575122729666,-0.3977185378209203,0.19297942807043567,-0.22348268831239837,-0.11666736265195404,-0.5851473133059761,-0.3590525210195462,0.2975755965417836,-0.3033485514746551,-1.6594349879456374,0.0064793906059727015,-0.3535576165856916,0.4828507224825573,-0.30857786279091604,0.13215530655209384,-0.2136462571332361,0.30013013479919043,-0.04694997523336151,-0.4216809631876216,0.7537922233478662,-1.3971151290464705,-0.3741960146192476,0.6821725501170492,-0.2819079116369021,0.24876128612583875,-0.8260538217535772,-0.05763193286800776,-0.6200181988816557,-0.31415681248863087,0.45549467555167295,-0.8943462929988103,-0.7689998495114055,0.2014972181028724,0,49.20833333333334,1.0416666666666667,Rupicapra_rupicapra,94
680,0.4927374697364727,0.4082139396858469,0.0068969034587703275,-0.40271896558252535,-0.9736349379669693,0.45154333979099975,-0.22102177714521118,-0.13231667705211447,-0.4942086689089316,-0.6049920327520611,-0.03787535304869364,-0.17566485817269725,-0.32893762702129203,-0.6422452801868965,-0.37680834531221574,0.5612728376458838,-0.1607668390093243,0.3825273522464563,-0.26904922998642045,-0.3347506757869602,-0.26024633285576193,-0.6101844599145876,0.017428868012838224,-0.1308348357003732,0.064819560655746,0.10015511110381327,-0.18993198141375844,0.7537922233478662,-1.0132975923681515,-0.12949371925173608,0.6631931058868167,0.3275438428134349,0.1765220093126159,-0.6346110884852483,-0.3479678230902031,-0.21504084062283793,-0.19798979346241863,0.19033023435444385,-0.4236188326459005,0.19553936624675922,0.06975904061844579,0,48.87500000000001,12.791666666666664,Rupicapra_rupicapra,98
681,-0.978882331517373,-0.5311576872827928,1.6516971164409524,-0.5833915389196646,-0.5113145130105732,0.3691858687448974,-0.6379153315584668,-0.08941562739439701,-0.19879892900581547,-0.42977518270937204,0.1791281412032879,-0.18761931570762252,-0.11666736265195404,-0.6449550219046638,-0.47664869323867937,0.12393979306357263,-0.500181914891761,-1.735955176376643,-0.018798464494246853,-0.039626374022251803,-0.34281267233779744,-0.2035309567219655,0.09841223639348924,-0.2654033955287754,0.28052092028723674,-0.09938347135354261,-0.5108151869467997,0.5330512874162667,-1.456163980843135,-0.4546460843291144,0.5777856068507703,-0.23951126784905258,0.11391463607448946,-1.1451250438674587,-0.20279987797910543,-0.6336712817099445,-0.40128207675829003,0.44548847022347565,-0.9450400194983545,-0.797368649974881,0.16734287579209514,0,51.95833333333334,-0.7916666666666673,Rupicapra_rupicapra,61
682,0.9008847875875116,0.3265294503842261,0.1896524826790128,-0.808501077438933,-1.0058458047240673,0.9662775530044829,-0.4120979592138788,-0.09241673551509291,-0.48838085771356404,-0.6491393591988484,0.05446655939895808,-0.03221136775359391,-0.32893762702129203,-0.7361182525878123,-0.6140383220856677,-0.1574863410171722,-0.8452767756760842,-0.6466107370619686,-0.23113244733609112,-0.31883711049572594,-0.34281267233779744,-0.47743702463896603,-0.023062816177487285,-0.2654033955287754,0.12854950781959554,-0.007624853143225676,-0.3592870065561969,0.438448029159867,-1.0723464441648158,-0.28704177243355855,0.43543977512402643,-0.006329727015880157,0.13317844322468222,-1.5280105104041166,-0.5899143982753658,-0.3794547253860332,-0.5368102656222042,0.25036746632362783,-0.7639909962856969,0.006414029823589663,-0.0034288357617912155,0,56.20833333333334,12.874999999999998,Rupicapra_rupicapra,10
683,-1.2977806052695713,0.7757941415431406,0.0068969034587703275,-0.3027355944946478,-1.2097215204279943,0.43095397202947416,-0.15153952912024113,-0.13556375487432526,-0.3771835406525271,-0.5770854326147138,-0.010172779314398124,-0.0919836554282203,-0.32893762702129203,-0.5870828272827197,-0.6504232852939097,0.6519938208412912,-0.017010050159040894,0.5250801001466849,-0.22860466182606914,-0.3173904227419774,-1.1684760671581522,-0.5726967922584796,0.06466916623488465,-0.027320558909294565,0.0844287751676997,0.16860995326071637,-0.06514406815090908,0.438448029159867,-0.7180533333848291,0.004589730264708568,0.42595005300891015,0.5395270617526825,-0.04982772470214898,-0.41126123300553125,-0.3479678230902031,-0.17177402884304968,-0.05278101967965333,0.1703178236980492,-0.2860215750042807,0.290102034458344,-0.07661671214202823,0,46.95833333333334,16.041666666666668,Rupicapra_rupicapra,121
684,0.03817701213645228,0.9800053647971928,0.09827469306889156,0.27229933987204324,1.0325326092757725,-1.2161954527276417,-0.55801070657169,-0.4679484530449651,0.4273893359860961,0.46467383246565325,0.5300274085043645,0.4340124761084919,0.5201434304560599,-0.042232551013039035,1.366176907787026,0.6350565225789748,0.30458223695284486,-1.2828546956085598,0.4488418548598149,-0.4750793879005716,1.473646796266983,-0.4517773784277022,0.530323534423628,0.4798993973669907,0.5844637452225192,-0.7300419107990543,-0.7782178582243341,-0.5391189728229305,-0.5704312038931679,-0.8032630530718705,-0.5040427142724835,-0.9655537927159757,-0.3628645908927813,-0.028375766468873437,0.13592532728012247,-0.5586754746249781,0.4893317357760037,0.6706280901079154,-0.6046678558585581,-0.4380305107708588,1.0065638582854797,0,35.62500000000001,4.541666666666667,Rupicapra_rupicapra,257
685,0.3748524373607334,0.24484496108260523,0.09827469306889156,-0.5228950287546051,-0.4571244793390801,-0.0631908887627581,0.004795528935941488,-0.3082503065233597,-0.5237496428992433,-0.6100243704817467,-0.19485660420970155,-0.11589257049807085,-0.32893762702129203,-0.7357311387173003,-0.8173575142594192,0.5886320761538402,-0.2494886922677103,0.29454859255145743,-0.3505703126846285,-0.278329853390766,-0.5079453513018684,-0.4527704660900733,-0.056805886336091876,-0.1308348357003732,-0.07244494092792994,-0.2654228757341161,-0.40385411843578595,0.09156941555306787,-0.6590044815881647,-0.3507314109538698,0.00840227994379463,-0.022228468436323732,-0.2232019890538838,-0.9217751883877416,-0.5899143982753658,0.001485515217346708,-0.21735096330012066,0.050243359759681305,-0.2353278485047366,0.19553936624675922,-0.25714680721327954,0,52.12500000000001,21.625,Rupicapra_rupicapra,59
686,0.9833523256168464,-0.5311576872827928,-0.6327476238120783,-0.5688024769355873,-0.8974657373810812,0.5133114430755765,-0.3843050865092649,-0.12070584113427593,-0.5855445374708135,-0.6633214018915986,-0.051726639915841394,-0.34302726366165115,-0.32893762702129203,-0.6883107786373079,-0.49498674578630014,0.2855136143194561,-0.4306536732365246,0.11490096639800086,-0.31202158365679367,-0.13655445352340603,-1.2510424066401875,-0.27671058226337825,-0.07030311439953371,-0.3482148169616383,0.06972186428373442,-0.01927674116993259,-0.3325467394284435,0.6276545456726665,-1.2199685736564772,-0.28704177243355855,0.6726828280019329,0.0784635605598189,0.11391463607448946,-0.9855894328105179,-0.3479678230902031,-0.3631094853803354,-0.44968500135254513,0.24036126099543048,-0.6843294260721275,-0.0030422369975688143,0.011208739514256187,0,50.62500000000001,11.70833333333333,Rupicapra_rupicapra,77
687,0.6580636156078006,0.48989842898746777,0.646541430729619,-0.13320506837333804,-0.24832228523351715,-0.186727103002049,-0.1584877804281123,-0.23410823331252284,0.03270584675499392,-0.23596482508102648,0.08678622875563619,0.20687778294491166,0.09560290171738395,-0.5350172115082165,-0.5862402401748567,0.8763272538867639,0.23505399529760843,0.7076411088564829,-0.017534571739235876,-0.3014768574507431,1.308514117302912,-0.5380854068621972,0.26037897315479125,0.2625194161057256,0.21188866949539878,-0.09355752734018916,-0.2968930499247722,0.5645857068350667,-1.0723464441648158,-0.30380220362311416,0.5113575520449565,-0.05932553175069207,0.07538702177410395,-0.4750754774283075,-0.3479678230902031,-0.15177514695372535,0.2279559429670262,0.3454264169415024,-0.3294733405753186,0.40357723631224574,0.055121465342398396,0,44.87500000000001,20.791666666666668,Rupicapra_rupicapra,146
688,-1.0502029973159024,0.24484496108260523,-0.9982587822525633,-0.5426630387277261,-0.8951920503979937,0.6780263966729873,-0.5823295198858037,0.008440075822863907,-0.18995673270939567,-0.41242342079727434,0.1421913762242272,-0.15175594310284668,-0.11666736265195404,-0.6449550219046638,-0.44986935809665135,0.23076096976236218,-0.43398330536850577,0.11159922173810075,-0.04407631959446641,-0.07000681685097179,-1.4161750856042585,-0.5928885304164686,0.10516085042521016,-0.20329482945412822,0.2511070985193062,0.10452456911382836,-0.38602727368395034,0.9114643204418659,-1.456163980843135,-0.3172105485747586,0.8529875481891419,0.03076733629848818,0.2824729486386761,-1.1132179216560705,-0.20279987797910543,-0.5323307936746182,-0.381920906920588,0.43047916223117966,-0.9088302148558229,0.12934549849864987,0.15270530051604775,0,51.20833333333334,5.624999999999999,Rupicapra_rupicapra,70
689,1.1888367326813627,0.48989842898746777,1.834452695661195,-0.09670783390143282,-0.28432267848189824,-0.02201213022929481,-0.49895076924509135,-0.1194758800203984,0.12032397369224469,0.02918055374149856,0.32225810549714806,0.11124212266550942,0.09560290171738395,-0.392756112809634,0.8390315430599212,0.6323320812625105,0.2045008138906859,0.22482581518883368,0.17078544875739982,-0.29569010643574883,1.2259477778208765,-0.4412184286899427,0.32111649944027953,0.16935656699375481,0.3883716001029821,0.044808642976955436,-0.37711385130803254,0.6276545456726665,-1.3971151290464705,-0.3507314109538698,0.8150286597286769,-0.25541000926949614,0.3161846111515134,-0.3155398663713668,-0.009242617830975207,-0.4873333094236385,0.15051126361621806,0.5005225995285609,-0.6119098167870645,-0.0030422369975688143,0.865067297283688,0,43.87500000000001,1.7916666666666667,Rupicapra_rupicapra,158
690,1.729682596734296,-0.08189299612387813,0.281030272289134,-0.245947748747866,0.1457868797174,0.019166597623618997,-0.4433650238358636,-0.1137688424349982,0.24813390197685822,0.28978375760021646,0.3314922967419133,0.5894204240625206,0.30787316608672194,-0.3892721618094483,0.8468908194755688,0.23662854480566442,-0.11963737243875112,-1.4191926867256865,0.2668412981382341,-0.1886352126583546,-0.5905116907839039,1.574002279159319,0.4088484818526515,0.35568226521769636,0.46190615452280853,-0.029472143193301138,-0.2968930499247722,0.4069136097410671,-0.954248740571487,-0.24681673757862518,0.3595219982030963,-0.5203890329435557,0.3691600808145435,-1.1770321660788468,-0.39635713812723566,-0.4386821832890322,0.16019184853506907,0.6155939608028301,-0.7712329572142032,-0.36238037620159097,0.9577719406986549,0,41.79166666666667,14.791666666666664,Rupicapra_rupicapra,183
691,-1.0653152779450614,0.08147598247936355,-0.26723646537159335,-0.23621077211838212,-0.3862605001942588,0.16329219112964155,-0.22102177714521118,-0.13167707325022018,0.1818174297537097,-0.1656754844540544,0.1837452368256705,0.56551150899267,0.09560290171738395,-0.511016705294639,-0.5878411319200192,0.5635155726440587,0.017851943892400298,-1.0274637904477848,0.13034088059704851,-0.1886352126583546,-0.26024633285576193,-0.615240729981759,0.36160818363060504,0.40743940361323566,0.3246416529391326,0.06665593302703089,-0.2968930499247722,0.8799299010230659,-1.3675907031481382,-0.3138584623368475,0.7770697712682119,-0.1070217560120228,0.1428103467997786,-0.9855894328105179,-0.4447464531642682,-0.2083104476793153,0.23763652788587722,0.48551329153626493,-0.5250062856449887,-0.07869237156683664,0.15270530051604775,0,45.12500000000001,12.124999999999998,Rupicapra_rupicapra,143
692,1.2494104181753638,0.612425162939899,0.281030272289134,-0.1559790579004988,-0.6606212351659583,0.7603838523788149,-0.6587600192186449,0.19509898647625568,0.1452428905276096,0.18939842314830657,0.4053658267000346,0.12319658020043471,0.30787316608672194,-0.3348839181876898,0.887205198815443,0.2393356222897253,-0.33703546914114363,-1.5897122846696417,0.24914679956808042,-0.34343080230945167,1.143381438338841,-0.49908605980466686,0.33461372750372137,0.09689657323999978,0.45210154726683166,0.5502092861353678,0.122037801743365,1.0060675786982656,-1.1609197218598126,0.12191274859159765,1.2705353212542574,0.0837631410333001,0.9518902471078744,-0.4431683552169194,0.13592532728012247,-0.6294407490025874,-0.023739264923100276,0.5555567288336463,-0.8219266837137473,-0.7217185154056132,0.8357921467315933,0,43.37500000000001,-0.9583333333333334,Rupicapra_rupicapra,164
693,-1.2309868358992364,0.3265294503842261,0.0068969034587703275,-0.458608387797764,-1.1471945862990431,0.38977523267135433,-0.009100973679800832,-0.2078362819371075,-0.5080748403737718,-0.6070507163687506,-0.1486856479858757,-0.10393811296314558,-0.32893762702129203,-0.6859881507900526,-0.7621978967111528,0.5362997257843373,-0.2114931113814723,0.33222593987339544,-0.3278202430944309,-0.3390907390482059,-0.5079453513018684,-0.45821387076132863,-0.029811430209208203,-0.12048340802126532,-0.03812881553201095,0.014222436906849786,-0.12753802478233375,0.3753791903222672,-0.5704312038931679,-0.06245199449351376,0.3405425539728638,0.43353545228305873,-0.05945962827724536,-0.6984253329080246,-0.5415250832383333,-0.058895724333113304,-0.18830920854356759,0.04023715443148398,-0.19911804386220508,0.2049956330679177,-0.2132340813851373,0,49.87500000000001,21.20833333333333,Rupicapra_rupicapra,86
694,-0.14020454515745723,0.24484496108260523,-0.08448088615135091,-0.48260766349091827,-0.7557379236498504,0.45154333979099975,-0.35998627319515125,-0.1112597487882008,-0.3663987406243181,-0.6203177885651945,-0.005555683692015537,-0.22348268831239837,-0.32893762702129203,-0.6621812015117311,-0.41930601120934724,0.4245861492749684,-0.29727712425270747,0.2465777973195162,-0.23113244733609112,-0.015032682208526103,-0.095113653891691,-0.40687612804296763,0.02417748204455914,-0.2136462571332361,0.12364720419160712,0.03315675495024852,-0.3414601618043613,0.7537922233478662,-1.338066277249806,-0.3105063760989364,0.7201314385775143,0.041366497245450565,0.16207415394997135,-0.8579609439649654,-0.29957850805317054,-0.3561867954955693,-0.31415681248863087,0.2753829796441211,-0.6336356995725834,-0.012498503818727292,0.08927580765317567,0,50.37500000000001,9.208333333333332,Rupicapra_rupicapra,80
695,0.7169824305949031,0.20400271643179482,-0.26723646537159335,-0.5712856557597845,-0.5003248934137726,0.18388153971582372,-0.10985028632675571,-0.24862179697753825,-0.4893856527472481,-0.5981297540297625,-0.12098307425158018,-0.008302452683743352,-0.32893762702129203,-0.7376666711526492,-0.810808209778126,0.46229255152450494,-0.36288819558348634,0.1820988714810977,-0.29179929957661804,0.01968782388143959,0.2351517040364509,-0.386566695878299,0.003931639949396387,-0.09978055266304961,0.015796524375861733,-0.18240317354382937,-0.39494069605986815,0.24924151264706748,-1.0428220182664836,-0.37754810085715873,0.25513505493681743,-0.06462511222417326,-0.06909153185234174,-1.1451250438674587,-0.6383037133123984,-0.1238920904734174,-0.2463927180566737,0.16531472103395053,-0.4236188326459005,0.22390816671023467,-0.15956297203963019,0,53.29166666666667,15.45833333333333,Rupicapra_rupicapra,45
696,-0.7470652978705141,-3.2267458342362803,-1.272392151082927,-0.8126017177620382,-0.9603716313870813,1.0074562808573968,-0.39820158912500725,-0.09640179751271709,-0.5098164850988242,-0.6651513428842115,0.049849463776575495,-0.10393811296314558,-0.32893762702129203,-0.5677275583050476,-0.6057425549157124,-0.22614223418589202,-0.899332381330675,-1.5871875235200565,-0.28927151406659607,4.465359291150797,-1.5813077645683296,-0.4123376308304964,-0.05005727230437096,-0.33786338928253046,0.1040379896796534,0.02150486692354161,-0.3414601618043613,0.5961201262538666,-1.1313952959614804,-0.270281341244003,0.5018678299298402,-0.09112301459157922,0.07538702177410395,-1.3365677771357876,-0.5415250832383333,-0.40829926657255866,-0.6142549449730125,0.1603116183698519,-0.6915713870006338,-0.6744371812998208,-0.01318721927915615,0,56.37500000000001,9.541666666666666,Rupicapra_rupicapra,8
697,1.7484686951557034,0.24484496108260523,-0.5413698342019571,-0.3257873873468784,-0.8743496908355392,1.04863503939086,-0.3148228384842949,0.10796850813798975,-0.3516617467969518,-0.6141417377151258,0.017529794419897392,-0.23543714584732364,-0.11666736265195404,-0.528242866443101,0.845726474003762,0.39900530327930106,-0.12120424056853413,-1.5397993825733953,-0.23050050095858562,-0.37381124513817166,-0.6730780302659393,1.951934617215101,0.03092609607628006,-0.17224054641680464,0.12364720419160712,0.6419679043456847,0.09529753461561155,1.668290386493064,-1.3085418513514737,0.13867317978115323,1.5742064289379778,0.15795726766203677,0.8555712113569106,-0.570796844062472,-0.29957850805317054,-0.3233040185429302,-0.18830920854356759,0.23035505566723316,-0.4743125591454447,-0.9581251859345751,0.7089331610058491,0,43.37500000000001,18.70833333333333,Rupicapra_rupicapra,164
698,0.30235823294088526,0.28568720573341566,0.281030272289134,0.12609821049994693,0.7161084121397333,-0.5985143815311871,-0.2905040251701812,-0.308348705664596,0.17980783968634156,0.08345791068310739,0.3314922967419133,0.37424018843386553,0.09560290171738395,-0.1924292625538514,1.3376509989182401,0.7515479536174228,0.27598771542053563,-1.4302628588428072,0.1935355183475974,-0.2725431023757717,1.308514117302912,-0.18559425608010957,0.36160818363060504,0.40743940361323566,0.3883716001029821,-0.2741617917541463,-0.3414601618043613,-0.5075845534041307,-0.24566251901151342,-0.30380220362311416,-0.36169688254573956,-0.8860600856137579,0.3691600808145435,-0.15600425531442605,-0.20279987797910543,-0.2983054161812748,0.4893317357760037,0.4755070862080676,-0.32223137964681225,-0.8257374504383564,0.9772887077333848,0,35.958333333333336,3.2916666666666665,Rupicapra_rupicapra,253
699,-0.9241283441984124,0.6941096522415199,-0.8155032030323207,-0.19394657594317014,0.02944887179400464,-0.3720313629998864,-0.07163497039689971,-0.308201097568883,-0.154554454355927,-0.2891965014554279,-0.0009385880696329512,0.12319658020043471,0.09560290171738395,-0.5830182239353714,-0.630047711449199,0.8693240281919132,0.1719892714586884,0.6703518272915919,-0.10411122545748785,-0.4548257593480916,-0.6730780302659393,-0.5773788532005544,0.17939560477414027,0.1797079946728627,0.13835411507557238,-0.25522747371074755,-0.4216809631876216,0.24924151264706748,-1.0132975923681515,-0.44123773937746996,0.19819672224611987,-0.20771378500816542,-0.07390748363988993,-0.41126123300553125,-0.3479678230902031,-0.09677822175808344,0.14083067869736704,0.2353581583313318,-0.2353278485047366,0.3468396353852949,-0.01318721927915615,0,46.54166666666667,19.95833333333333,Rupicapra_rupicapra,126
700,1.4951165529817896,0.48989842898746777,0.646541430729619,-0.21317543208332188,-0.09939445067597497,-0.2690845587078766,-0.06468671908902857,-0.2850286534553998,-0.12323834247277352,-0.267433274650424,0.00829560317513222,0.21883224047983693,0.09560290171738395,-0.5901796644123934,-0.6427096908598577,0.8409898945130468,0.14006496836962884,0.6416082900840622,-0.0674583355621695,-0.36657780636942877,0.4002843830005218,-0.5918431122954618,0.20639006090102394,0.22111370538929415,0.15306102595953766,-0.20279397759056647,-0.40385411843578595,0.4069136097410671,-1.101870870063148,-0.42782939442582546,0.30258366551239874,-0.17061672169379707,-0.04982772470214898,-0.570796844062472,-0.4447464531642682,-0.09081701657953484,0.16987243345392009,0.27037987698002247,-0.2642956922187618,0.3752084358487703,0.0014503559968912518,0,46.54166666666667,18.625,Rupicapra_rupicapra,126
701,1.5064768018561683,0.6941096522415199,0.7379192203397402,0.2561255225953118,0.640318171430894,-0.8455868100097689,-0.2696594037734385,-0.37894846609407884,0.2549665082059099,0.2964499712161636,0.38689744421050426,0.3622857308989403,0.09560290171738395,-0.19862293681319904,1.574590083640408,1.1446990067109613,0.859632794960245,-0.11757279623478763,0.2554662633431353,-0.28411660440576025,1.0608150988568057,0.03837464809725548,0.4155970958843724,0.49025082504609857,0.42759002912688954,-0.41835390608464434,-0.5999494107059778,-0.4445157145665308,-0.6885289074864969,-0.558560757704359,-0.26679966139457695,-0.8701613441933144,-0.06427558006479354,0.3864168222791725,-0.009242617830975207,-0.3038820274773364,0.7023046039907261,0.4905163942003636,-0.18463412200519247,-0.24890517434768925,1.021201433561527,0,39.12500000000001,-2.958333333333333,Rupicapra_rupicapra,215
702,-0.5486872349993516,-0.00020850682225728276,-0.6327476238120783,-0.6741280279016468,-2.104046375248139,1.4604223792810969,-0.3634604651125222,0.16307082609639775,-0.8677914624326684,-0.8905281826351303,-0.18562241296493637,-0.892932310268214,-0.9657484201293061,-0.6610198783588007,-0.7680194852725667,-0.09757159712361958,-0.6768421873436414,-0.12922558559387418,-0.6463212173571973,-0.22046234324082314,-1.7464404435324004,1.234200030745069,-0.3537449037318123,-0.7933262071632764,-0.14597949534775634,0.6944014004658658,0.26465255975805,1.3214117728862649,-0.9247243146731547,0.38337547514866477,1.1281894895275135,1.1383796552560572,0.35471222545189895,-0.6346110884852483,-0.29957850805317054,-0.36137881290914387,-0.8272278131877349,-0.0698311041786866,-0.5177643247164825,-0.40966171030738335,-0.34009306711088144,0,46.95833333333334,12.874999999999998,Rupicapra_rupicapra,121
703,-0.11985140234532707,0.08147598247936355,0.0068969034587703275,-0.5033395094080899,-0.226343190598328,-0.186727103002049,-0.38083102711876476,-0.2653000666788827,-0.2502444347304398,-0.6022471212631417,0.04523236815419291,-0.0919836554282203,-0.32893762702129203,-0.6811493381602859,-0.752446725460963,0.4759951358471458,-0.2859175544489345,0.25842484181701003,-0.16035445305547635,-0.24071597179330315,-0.095113653891691,-0.5956360372419343,0.05792055220316373,-0.12048340802126532,0.1628656332155145,-0.31639988585095885,-0.4929883421949641,0.24924151264706748,-1.0428220182664836,-0.47140651551866997,0.17921727801588735,-0.21301336548164662,-0.1702265193908537,-0.9536823105991298,-0.3479678230902031,-0.3452258698446896,-0.2463927180566737,0.34042331427740374,-0.6770874651436212,0.2049956330679177,-0.03758317807256849,0,51.87500000000001,11.624999999999998,Rupicapra_rupicapra,62
704,0.6143717687269027,0.6941096522415199,-0.17585867576147213,0.21087169996918698,0.6035598584284151,-0.8044081128374045,-0.2731334631639387,-0.3733398464176321,0.21236319877770538,0.2548841686696697,0.36381196609859134,0.32642235829416444,0.09560290171738395,-0.2251396093506825,1.5226322495824667,1.0999608124616522,0.7897127615601783,-0.15078331258614944,0.2219731053353444,-0.21033552896458316,1.143381438338841,-0.3592162355998763,0.3818540257257678,0.43849368665055927,0.4030785109869474,-0.40961499006461416,-0.6088628330818957,-0.38144687572893093,-0.7180533333848291,-0.5686170164180924,-0.21935105081899564,-0.8436634418259084,-0.06427558006479354,0.32260257785639623,-0.05763193286800776,-0.3040743244185799,0.64422109447762,0.4755070862080676,-0.20636000479071137,-0.28673024163232314,0.9968054747681147,0,39.54166666666667,-2.958333333333333,Rupicapra_rupicapra,210
705,0.14623895018090124,-1.1846336016957595,-1.0896365718626844,-0.5875084326318532,-0.6071891212485631,0.24564966217574388,-0.047316157082786046,-0.25177049442622995,-0.5276683435306111,-0.6171153918281218,-0.1810053173425538,-0.08002919789329502,-0.32893762702129203,-0.7492798196182286,-0.5318083107869457,0.4668121890620359,-0.37033074448757103,0.17471865795418007,-0.3461466880420901,1.0063288719379648,-1.7464404435324004,-0.5456984430606144,-0.05005727230437096,-0.1618891187376968,-0.04303111915999938,-0.1605558834937539,-0.3414601618043613,0.24924151264706748,-0.9247243146731547,-0.3306188935264031,0.22666588859146866,0.009569014404563416,-0.05945962827724536,-1.1132179216560705,-0.6383037133123984,-0.06947205610150597,-0.27543447281322675,0.09527128373656926,-0.34395726243233116,0.1671705657832838,-0.008308027520473682,0,53.37500000000001,17.041666666666668,Rupicapra_rupicapra,44
706,1.6378501875885028,-0.12273524077468854,-0.3586142549817146,-0.09531921613225759,-0.10773142341263914,0.20447091898255534,-0.3530381544141509,-0.0799695350483219,0.19789415029265478,0.09855492387216415,0.28993843614047,0.38619464596879083,0.09560290171738395,-0.40378859969874836,1.1580548738206438,0.7521386039809531,0.29909834792337353,-1.4199695591060597,0.19479941110260837,-0.30726360846573736,0.5654170619645927,0.09332311175365991,0.3751054116940469,0.35568226521769636,0.4030785109869474,0.1919137293141302,-0.10079775765458032,0.5330512874162667,-1.0723464441648158,-0.09262077063471381,0.7580903270379793,-0.29780665305734566,0.42213555047757356,-0.6346110884852483,-0.25118919301613796,-0.36099421902665685,0.3344423770743874,0.5355443181772516,-0.5250062856449887,-0.46639931123433426,0.9577719406986549,0,42.708333333333336,12.45833333333333,Rupicapra_rupicapra,172
707,0.14748918852136936,0.44905618433665734,0.9206747995599827,0.11562604222805822,0.7100453432237747,-0.5573356843588227,-0.28008171447180985,-0.2869473710224968,0.32891942268505736,0.36860193035347383,0.39151453983288687,0.6731016268069975,0.30787316608672194,-0.17597732914641318,1.2902050868421215,0.6563014515864123,0.21683971363176555,-1.4147257816684824,0.3117094909411238,-0.3506642410781945,0.31771804351848637,-0.12845953997786824,0.46283739410641883,0.5730622464789614,0.4570038508948201,-0.23920612767402558,-0.3147198946766078,-0.5706533922417305,-0.09804038951985226,-0.25016882381653627,-0.41863521523643715,-0.9284567294016074,0.47029506835305546,-0.4431683552169194,-0.29957850805317054,-0.2854215211179601,0.5764570000456629,0.5655629341618436,-0.387409028003369,-0.6933497149421377,1.0602349676309868,0,36.04166666666667,2.7916666666666665,Rupicapra_rupicapra,252
708,-0.542295152825784,0.12231822713017397,-0.6327476238120783,-0.3819871196653537,-1.7163793113694357,0.9250987944710196,-0.22449596906258212,-0.004105505017426189,-0.5321899211821894,-0.627180067287493,-0.03787535304869364,-0.28325497598702476,-0.32893762702129203,-0.6281159561681084,-0.36618394271769483,0.5804758359750377,-0.1317805257321848,0.4112708894539861,-0.3126535300342992,-0.3651311186156802,-1.0033433881940812,-0.41252223161648593,-0.029811430209208203,-0.20329482945412822,0.04030804251580387,0.44679877989834393,0.08638411223969375,1.289877353467465,-1.0428220182664836,0.131969007305331,1.2325764327937925,0.7409111197449678,0.4654791165655073,-0.3793541107941431,-0.25118919301613796,-0.22715554792117862,-0.21735096330012066,0.14029920771345722,-0.36568314521785006,0.12934549849864987,0.03560469830766853,0,48.45833333333334,13.874999999999998,Rupicapra_rupicapra,103
709,1.6740727327209652,0.20400271643179482,0.1896524826790128,-0.6583136797515761,-0.7299693748025841,0.47213270755252534,-0.4155721511312498,-0.14869973056203295,-0.4481890563662013,-0.6303824640245657,0.026763985664662565,-0.11589257049807085,-0.32893762702129203,-0.7152145835039087,-0.55058296512697,0.16069398514904887,-0.5628551458353891,-0.01619324728154851,-0.2033268067258496,-0.25084278606954313,-0.5079453513018684,-0.5247312666539741,0.017428868012838224,-0.22399768481234394,0.14325641870356082,-0.10957887337691116,-0.4395078079394572,0.5015168679974669,-1.2790174254531415,-0.38760435957089207,0.46390894146937517,-0.08052385364461684,0.07057106998655575,-1.3046606549243995,-0.49313576820130073,-0.3858005244470688,-0.410962661677141,0.3054015956287131,-0.7495070744286843,0.11043296485633292,0.04048389006635099,0,53.79166666666667,11.20833333333333,Rupicapra_rupicapra,39
710,1.1257820581603895,0.24484496108260523,-0.5413698342019571,-0.20477811362767606,-0.62575779382793,0.34859649714830315,-0.19670309635796826,-0.11209611333713328,-0.22566044957296957,-0.4479438825646005,0.03138108128704515,-0.03221136775359391,-0.11666736265195404,-0.5141135424243128,-0.5844937219671467,0.6419393216942532,0.08640085561033004,0.5126504384072252,-0.16098639943298185,-0.37381124513817166,-0.6730780302659393,0.26776594356546746,0.12540669252037293,0.03478800716535261,0.14325641870356082,0.20939156135419057,-0.2255856709174297,1.1322052563734655,-1.3675907031481382,-0.22335213391324737,1.0238025462612346,0.02546775582500699,0.3161846111515134,-0.41126123300553125,-0.29957850805317054,-0.20427221191320175,0.024663659671154817,0.24036126099543048,-0.3294733405753186,0.18608309942560075,-0.01806641103783862,0,43.29166666666667,20.625,Rupicapra_rupicapra,165
711,1.7001985663266144,0.1631604717809844,0.1896524826790128,-0.6101844032542961,-1.4780189696461172,1.5427798349869246,-0.40167564851550747,0.31917746964988963,-0.7127515887352166,-0.8007303639261953,-0.09328050051728468,-0.6299342444998578,-0.5412078913906301,-0.6261804237327596,0.30271720757805387,-0.018947043753533652,-0.5744106115115772,-1.8571444894663176,-0.4687442852781549,-0.28411660440576025,0.6479834014466282,2.819663886971789,-0.2187726230973939,-0.6070005089393349,-0.028324208276034102,0.96676428309014,0.16660491362295407,2.3935820331254622,-1.485688406741467,0.23923576691848672,2.257466421226349,0.6190207688549004,1.2167675954230248,-0.8579609439649654,-0.3479678230902031,-0.4054148124539061,-0.6529772846484165,0.08526507840837194,-0.6119098167870645,-1.6106075965945101,0.489369531865138,0,46.04166666666667,6.708333333333332,Rupicapra_rupicapra,132
712,1.5780099225849078,0.1631604717809844,0.37240806189925524,-0.29773643092595614,-0.6447053540051398,-0.0014227509625631685,-0.18628065313272615,-0.22692526491173023,-0.26950300620938444,-0.5654195587868063,0.012912698797514806,-0.056120282823444466,-0.32893762702129203,-0.6035347791487632,-0.6652683569451582,0.7319088990454917,0.0272531526710983,0.5689725746848645,-0.18436841540068494,-0.3173904227419774,0.4828507224825573,-0.5769798973471452,0.09166362236176832,0.014085151807136884,0.12364720419160712,-0.08918806933017406,-0.3325467394284435,0.3753791903222672,-0.8951998887748225,-0.26022508253026966,0.33105283185774753,0.12086020434766843,-0.08835533900253449,-0.4431683552169194,-0.29957850805317054,-0.19331128626232205,-0.00437809508539824,0.2353581583313318,-0.34395726243233116,0.3279271017429779,-0.04734156158993342,0,47.87500000000001,16.375,Rupicapra_rupicapra,110
713,0.020783885953466186,-0.36778870867955105,0.281030272289134,-0.22501986502125895,-0.15888977806774085,0.019166597623618997,-0.55801070657169,-0.13644932837773446,-0.17187042210308245,-0.41389390909490975,0.19759652369281827,-0.3191183485918006,-0.11666736265195404,-0.42159543165297814,0.7584024512658856,0.43694667738991017,-0.23871681008118287,-1.4477421169680649,-0.033965177554378584,0.1672499747637938,-1.0033433881940812,-0.4107848907163559,0.11190946445693108,-0.19294340177502037,0.29522783117120205,-0.017820255166594225,-0.30580647230069,0.438448029159867,-1.101870870063148,-0.2803375999577363,0.48288838569960774,-0.45149448678830023,0.25357723791338693,-0.28363274415997863,0.039146697206057346,-0.5915582515776172,-0.11086452919275945,0.3854512382542917,-0.6408776605010896,-0.7406310490479301,0.6991747774884841,0,42.708333333333336,-4.625,Rupicapra_rupicapra,172
714,1.102227804837978,0.04063373782855314,0.4637858515093765,-0.6423849595936607,-2.104046375248139,1.336886165041806,-0.30092646839542336,0.09857166228182575,-0.8307480188575157,-0.8686342457592255,-0.19947369983208413,-0.7136154472443348,-0.753478155759968,-0.6834719660075413,-0.7767518819944496,0.05792236223473876,-0.5881203340852554,-0.041246825898875315,-0.5869182578716814,-0.227695782009566,1.0608150988568057,1.0434376676994794,-0.293007377446324,-0.6380547919766585,-0.12637028083580262,0.5560352301487212,0.21117202550254313,1.1637396757922653,-0.8361510369781581,0.32639000910417576,1.0807408789519322,1.0482867872068768,0.29692080400132065,-0.7941466995421891,-0.3479678230902031,-0.2858061150004471,-0.7013802092426716,-0.004790769545403983,-0.5177643247164825,-0.2678177079900062,-0.3059387248001042,0,47.70833333333334,15.374999999999998,Rupicapra_rupicapra,112
715,-0.19312695635046626,-0.8987378891400866,-0.3586142549817146,-0.7061815060269131,-0.8360756828832766,0.6574370174062557,-0.14111721842186978,-0.18564777293283535,-0.5936833772436544,-0.6587465494100663,-0.2040907954544667,-0.1995737732425478,-0.32893762702129203,-0.7705706025726442,-0.6023951449628399,0.21736225250678173,-0.5894913063426233,-0.42714940158386167,-0.4301955562503201,0.4855212805884794,-1.7464404435324004,-0.49306910137179094,-0.11754341262158013,-0.30680910624520685,-0.05773803004396466,-0.07462320929679042,-0.30580647230069,0.34384477090346727,-0.954248740571487,-0.28368968619564744,0.27411449916704994,0.07316398008633772,-0.006484158614215275,-1.4003820215585638,-0.686693028349431,-0.1473523173051248,-0.46904617119024716,0.1052774890647666,-0.5032804028594698,-0.03141103746104425,-0.07173752038334576,0,54.20833333333334,17.875,Rupicapra_rupicapra,34
716,-1.5353563229586622,0.44905618433665734,-0.5413698342019571,-0.6785880376373693,-0.6898004951858708,0.32800713322184627,-0.3773568352013938,-0.19430670968445474,-0.4659404352946198,-0.6374734853709408,-0.0009385880696329512,-0.10393811296314558,-0.32893762702129203,-0.724892208763442,-0.5665923267309774,0.13393715960076705,-0.6008508761463963,-0.05387074277674235,-0.23871580386615698,-0.36802449412317734,0.1525853645544154,-0.39723605390809236,-0.002816974082324531,-0.23434911249145182,0.12854950781959554,-0.19696803357721301,-0.448421230315375,0.21770709322826756,-1.0428220182664836,-0.3909564458088032,0.22666588859146866,-0.08582343411809802,-0.03537986933950441,-1.3684748993471758,-0.5415250832383333,-0.3634940792628224,-0.4400044164336941,0.28038608230821976,-0.7350231525716716,0.10097669803517445,0.016087931272938654,0,53.62500000000001,12.45833333333333,Rupicapra_rupicapra,41
717,0.9216767976338471,0.24484496108260523,-0.5413698342019571,-0.15898503745453849,-0.38853425945655223,-0.10436958593512242,-0.17238428304385459,-0.2252525358138653,-0.16892302333760917,-0.30301909145320066,0.04523236815419291,-0.008302452683743352,0.09560290171738395,-0.542759304332401,-0.6000665095382743,0.8526620306917355,0.22565308536844883,0.6435505451216231,-0.11106263561004823,-0.37381124513817166,-0.6730780302659393,0.04045352490838008,0.17264699074241935,0.12795085627732336,0.1628656332155145,-0.05860186326006842,-0.2879796275488544,0.6591889650914664,-1.0723464441648158,-0.2736334274819141,0.530336996275189,-0.022228468436323732,0.060939166411459376,-0.3793541107941431,-0.29957850805317054,-0.16773579307693612,0.15051126361621806,0.28038608230821976,-0.29326353593278703,0.2806457676371855,0.0014503559968912518,0,44.37500000000001,21.45833333333333,Rupicapra_rupicapra,152
718,1.5450002068897724,-0.0410507514730677,0.09827469306889156,-0.4984056585378622,-1.2407955075539454,0.47213270755252534,-0.2835559063891808,-0.14397668438899539,-0.584941660450603,-0.6587465494100663,-0.07481211802775432,-0.3669361787315017,-0.32893762702129203,-0.6617940876412193,-0.7384749129135696,0.38258387887645506,-0.31784185753799404,0.2267679220531388,-0.35878561559219985,-0.3159437349882288,-0.6730780302659393,-0.19524816304547712,-0.08380034246297555,-0.30680910624520685,0.02069882800385016,0.028787296940233426,-0.17210513666192284,0.5330512874162667,-0.7180533333848291,-0.09597285687262493,0.45441921935425894,0.3805396475482468,-0.025747965764408035,-0.6984253329080246,-0.3479678230902031,-0.26542263922863574,-0.37224032200173696,0.15030541304165454,-0.4960384419309636,0.034782830287065095,-0.15956297203963019,0,49.12500000000001,15.20833333333333,Rupicapra_rupicapra,95
719,-0.851946600608678,-0.08189299612387813,-0.17585867576147213,-0.3607488261214666,-0.6553159414456855,0.49272207531405093,-0.3356675924079084,-0.055370312770771445,-0.008289790619316078,-0.2936079663483341,0.156042663091375,0.2905589856893886,-0.11666736265195404,-0.5086940589887784,-0.6288833937369162,0.32326006540824576,-0.18074403410213458,-1.1329218082680415,0.023541942798620902,-0.036732998514754665,0.31771804351848637,1.3580869388959989,0.2266359029961867,0.1486537116355391,0.2903255275432136,0.1642404952507013,-0.18993198141375844,0.9745331592794657,-1.2494929995548092,-0.1697187541066695,0.9383950472251883,-0.17061672169379707,0.2343134307631942,-1.1770321660788468,-0.49313576820130073,-0.33657250748873196,0.005302489833452779,0.44548847022347565,-0.6408776605010896,-0.25836144116884774,0.0843966158944932,0,43.87500000000001,12.374999999999998,Rupicapra_rupicapra,158
720,-0.5166821868700688,0.24484496108260523,1.7430749060510737,0.38427422211195617,0.7324033254568068,-0.7632294156650402,-0.4398909644453634,-0.3085454851793513,0.5861469513081788,0.6195652664832486,0.5531128866162773,0.649192711737147,0.9446839591947359,-0.05384567179071057,1.5601815582625151,0.9537242963306509,0.8402431380599111,-1.2725613958718125,0.5221476346504517,-0.38683143492190875,0.2351517040364509,-0.36389840415237223,0.6450499729628836,0.7283336616655794,0.6187798706184382,-0.3105739418376054,-0.38602727368395034,-0.5075845534041307,-0.2161380931131812,-0.34402723847804756,-0.42812493735155344,-0.9602542122424946,0.3787919843896399,0.06734560016529101,0.039146697206057346,-0.41426047175110725,0.7603881135038323,0.705649808756606,-0.4525866763599257,-0.4853118448766512,1.1334228440112237,0,36.708333333333336,9.624999999999998,Rupicapra_rupicapra,244
721,0.692959156843977,-0.9395801337908969,-0.17585867576147213,-1.1444255247305848,-2.104046375248139,2.2222289519419256,-0.6483376422568382,1.2875997093263558,-1.0887793835075845,-1.0473802677162396,-0.38415752472738757,-1.4667462719446274,-1.390288948867982,-0.6927624958551681,-0.7453152760032905,-1.116764985174755,-1.728186719752579,-1.966098340389969,-0.9641902452424581,-0.35211092883194306,-0.8382107092300103,0.9763773576669261,-0.7586617456350674,-1.5593318554172582,-0.3273647295833281,1.977565569406965,0.6568431442984338,4.064906262321858,-1.5742616844364639,0.7789216512221765,3.8042911259902996,1.4775528055588534,1.9006327492548678,-1.7513603658838335,-0.49313576820130073,-0.6086726793482891,-1.7856057201539857,-0.17989936278885718,-1.075395316211468,-2.1779836058640187,-0.19371731435040745,0,45.95833333333334,7.708333333333332,Rupicapra_rupicapra,133
722,0.2758783297304422,0.44905618433665734,1.1948081683903464,-0.2430396883845006,-0.5514832480688744,-0.042601478815476976,-0.5441142702193831,-0.1194758800203984,0.19749223227918117,0.24037535079966707,0.36842906172097395,0.4340124761084919,0.30787316608672194,-0.35152940853038395,-0.6478035635013925,0.13372487274654418,-0.4447551875550332,-0.43006263596694727,0.26936908364825607,-0.2566295370845374,1.473646796266983,-0.013679016969822362,0.3751054116940469,0.2521679884266177,0.46190615452280853,-0.07607969530012879,-0.37711385130803254,0.4069136097410671,-1.0428220182664836,-0.3641397559055143,0.44492949723914266,-0.23421168737557138,-0.040195821127052604,-1.0494036772332942,-0.25118919301613796,-0.52310054049493,0.06338599934655889,0.6055877554746328,-0.8291686446422536,0.31847083492181943,0.2210139851376023,0,41.62500000000001,1.6249999999999998,Rupicapra_rupicapra,185
723,0.9839216811286088,-1.5522138035530533,-0.17585867576147213,-0.9151173269834935,-2.104046375248139,1.625137352053851,-0.55801070657169,0.2459701601292215,-0.9767112440840213,-0.9679085446084775,-0.23179336918876223,-1.0961580883619437,-1.390288948867982,-0.6976013084849347,-0.9080288359120724,-0.6172286715942974,-1.1251520580249204,-0.5737806183511078,-0.7114116942402626,0.7589452660469592,0.8131160804106992,1.9955508817788872,-0.4954657983979516,-1.1038690375365123,-0.1802956207436753,0.5312749680919691,0.1933451807507075,1.0060675786982656,-0.8066266110798258,0.28281288801133125,0.8340081039589095,0.9793922410516214,0.15725820216242317,-1.3684748993471758,-0.4447464531642682,-0.5006017983694402,-1.2434929646983286,-0.03981248819409462,-0.8726204102132914,-0.6933497149421377,-0.41816013524980095,0,46.54166666666667,11.791666666666664,Rupicapra_rupicapra,126
724,-0.41716545341554706,-0.4086309533303615,1.2861859580004675,-0.6371570520092797,-0.6841161693093432,0.739794488452358,-0.7143457646278727,0.019263756146246733,-0.28601513792959266,-0.5739483909130916,0.16065975871375757,-0.3669361787315017,-0.32893762702129203,-0.6482454159695936,-0.4954233475787037,-0.01215596488199939,-0.6182818731721169,-1.8926855859154852,-0.06429860367464205,0.06742851975514243,-0.095113653891691,-0.22465014752253756,0.037674710108000976,-0.3999719553571776,0.2658140094032715,0.037526212960263615,-0.36820042893211474,0.848395481604266,-1.3971151290464705,-0.32391472105058083,0.7865594933833281,-0.1547179802733535,0.3017367557888688,-1.1770321660788468,-0.15441056294207287,-0.69655238149657,-0.5561714354599063,0.4204729569029823,-1.0247015897119238,-1.0810566546096354,0.12830934172263542,0,51.95833333333334,-1.875,Rupicapra_rupicapra,61
725,1.173937894532446,0.04063373782855314,1.103430378780225,-0.2630363426592674,-0.43362940063728334,-0.0631908887627581,-0.033419786993914506,-0.25319725382258,-0.22197620111612798,-0.5345393045364629,-0.03787535304869364,0.0753787500607336,0.09560290171738395,-0.6199867494734119,-0.6767660186435341,0.8382366068298477,0.09266832812946203,0.6338398626268417,-0.1590905603004654,-0.14523458004589745,-0.5079453513018684,-0.6006082647930836,0.12540669252037293,0.11759942859821551,0.08933107879568812,-0.09210104133685079,-0.2968930499247722,0.46998244857866694,-0.9837731664698192,-0.29374594490938083,0.40697060877867763,0.06786439961285652,0.03685940747371843,-0.41126123300553125,-0.39635713812723566,-0.06966435304274948,0.0730665842654099,0.16531472103395053,-0.18463412200519247,0.4224897699545627,-0.07661671214202823,0,48.20833333333334,21.95833333333333,Rupicapra_rupicapra,106
726,-0.3048459896732892,-0.08189299612387813,0.281030272289134,-0.33643914061103225,0.19126105305438598,0.20447091898255534,-0.4711578965404775,-0.0832658218250094,0.05601709153646431,-0.15070918133589856,0.24376747991664413,0.31446790075923914,-0.11666736265195404,-0.4297246383476746,0.7741207820209891,0.1444562812955039,-0.21756453860341993,-1.4689114077701535,0.1328686661070705,-0.1886352126583546,-0.5905116907839039,0.2166478630648388,0.2738762012182331,0.13830228395643124,0.37366468921901685,0.009852978896834693,-0.19884540378967627,0.028500576715468028,-0.7180533333848291,-0.16301458163084726,0.16023783378565482,-0.6316802228866607,0.47992697192815187,-1.3046606549243995,-0.4447464531642682,-0.460027143767061,-0.01405868000424926,0.5455505235054489,-0.8002008009282284,-0.542049445803602,0.8553089137663231,0,40.37500000000001,16.125,Rupicapra_rupicapra,200
727,-1.1807695546721213,1.102532098749624,0.1896524826790128,-0.11610002164476632,-0.5264724744172938,0.20447091898255534,-0.5788553942318682,-0.037560462329068546,0.05601709153646431,-0.027612972064953067,0.3361093923642958,-0.008302452683743352,0.09560290171738395,-0.3677878219197769,0.9979610357043792,0.46351418115263177,0.08365891109559438,-1.6262244345509618,0.14803537916720222,-0.36802449412317734,-0.26024633285576193,-0.3025480400213376,0.2738762012182331,0.055490862523568336,0.3785669928470053,0.1758923832774082,-0.27015278279701876,0.9429987398606657,-1.4266395549448028,-0.26357716876818077,1.071251156836816,-0.12292049743246636,0.43658340584021815,-0.15600425531442605,0.13592532728012247,-0.5461761734441505,0.005302489833452779,0.4755070862080676,-0.6843294260721275,-0.8635625177229903,0.8162753796968634,0,43.70833333333334,0.20833333333333276,Rupicapra_rupicapra,160
728,-0.7665732953652884,0.48989842898746777,1.9258304852713162,-0.2778541486590339,-0.2949332659224439,-0.3514420144137042,-0.40514984043287844,-0.26795678718911026,-0.22974661604328478,-0.5208801021273163,0.13757428060184462,-0.0919836554282203,-0.32893762702129203,-0.39798203930991255,-0.6827331503889239,0.14790916338747437,-0.1727139470055736,-0.13427518197967217,-0.12243767040514703,-0.08013363112721178,1.308514117302912,-0.3917919448777172,0.07141778026660557,-0.12048340802126532,0.21188866949539878,-0.2858136797808532,-0.38602727368395034,0.15463825439066772,-0.8066266110798258,-0.42447730818791435,0.1412583895554223,-0.4090978430004507,-0.19430627832859465,-0.4431683552169194,-0.10602124790504032,-0.40964534516126316,-0.18830920854356759,0.3054015956287131,-0.5829419730730392,-0.38129290984390796,-0.027824794555203553,0,40.708333333333336,-1.1250000000000002,Rupicapra_rupicapra,196
729,-1.4507007690785052,-1.5113715589022427,1.1948081683903464,-0.22501986502125895,-0.2816700316217618,-0.2690845587078766,-0.3773568352013938,-0.25541116881338577,-0.2912400721047498,-0.629010008280106,0.12372299373469686,-0.24739160338224891,-0.32893762702129203,-0.39933690093949353,-0.6837519249172308,0.35225962595470256,0.0019878149964627024,-0.08785813150847738,-0.1704655950955642,1.7195459345360102,0.4828507224825573,-0.40660367802231,0.03092609607628006,-0.1618891187376968,0.17267024047149138,-0.2057069495972432,-0.3503735841802791,0.34384477090346727,-0.9837731664698192,-0.38760435957089207,0.37850144243332884,-0.4037982625269695,-0.07390748363988993,-0.12409713310303788,-0.05763193286800776,-0.3865697122120428,-0.11086452919275945,0.2553705689877265,-0.4525866763599257,-0.44748677759201727,-0.06685832862466329,0,40.62500000000001,-1.6250000000000002,Rupicapra_rupicapra,197
730,0.7365659427487883,0.24484496108260523,0.1896524826790128,-0.14415097806568858,0.18595575933411315,-0.186727103002049,-0.4503132751437348,-0.19076441567081798,0.14564480854108322,0.18979055336100933,0.34072648798667843,0.2905589856893886,0.09560290171738395,-0.36991691129038157,1.0165901191009037,0.491481433856522,0.10872820347304561,-0.9542452355467375,0.18595216181753155,-0.3159437349882288,1.143381438338841,-0.11187027833225263,0.33461372750372137,0.231465133068402,0.398176207358959,-0.1037529293635577,-0.2968930499247722,-0.09763710095973166,-0.8656754628764903,-0.30045011738520305,0.17921727801588735,-0.6210810619396984,0.21023367182545324,-0.5069825996396957,-0.15441056294207287,-0.45060459364612937,0.17955301837277113,0.5005225995285609,-0.5901839340015456,-0.12597370567262903,0.8992216395944653,0,43.54166666666667,5.374999999999999,Rupicapra_rupicapra,162
731,1.0472030971369213,0.4082139396858469,0.0068969034587703275,-0.52818824903745,-0.7682433827548466,0.47213270755252534,-0.4433650238358636,-0.1001900987633031,-0.28923048203738166,-0.6230627000541139,0.04061527253181032,-0.23543714584732364,-0.32893762702129203,-0.6964399853320045,-0.4762120914462758,0.44706419044486395,-0.326067691082201,0.2186109843191038,-0.180576737135652,-0.3347506757869602,-0.26024633285576193,-0.5416037197968248,0.03092609607628006,-0.22399768481234394,0.1579633295875261,0.0040270348834812375,-0.36820042893211474,0.6591889650914664,-1.2494929995548092,-0.29374594490938083,0.6062547731961191,0.06786439961285652,0.1476262985873268,-0.8898680661763535,-0.25118919301613796,-0.41252979927991573,-0.3431985672451839,0.32541400628510775,-0.7277811916431653,0.11043296485633292,0.07951742413581073,0,53.04166666666667,9.541666666666666,Rupicapra_rupicapra,48
732,0.8630884827241091,-0.2452619747271198,0.0068969034587703275,-0.5974905063801531,-1.8660650114716713,0.9250987944710196,-0.1758583424343548,-0.07883795430796345,-0.7014643911901655,-0.6932866856456356,-0.19947369983208413,-0.4386629239410534,-0.32893762702129203,-0.7008917025498645,-0.796399767678805,0.19934083496650146,-0.4995943766992847,0.02459158956188235,-0.5136124780810446,-0.1683815841058746,-1.0033433881940812,0.19555708141543335,-0.1850295529387893,-0.42067481071539337,-0.09205415543988364,0.21376101936420566,-0.0027501115194843847,0.8168610621854661,-0.8066266110798258,0.02470224769217527,0.7011519943472817,0.5660249641200885,0.15725820216242317,-0.9217751883877416,-0.49313576820130073,-0.1779275309628418,-0.5368102656222042,0.015221641110990667,-0.4236188326459005,-0.21108010706305533,-0.28154276600669187,0,48.79166666666667,23.20833333333333,Rupicapra_rupicapra,99
733,-1.4867279768146449,0.44905618433665734,0.646541430729619,0.17584474906804787,0.636149685062562,-0.20731645158823117,-0.41904621052174995,-0.13167707325022018,0.4398487944037785,0.4768298690594392,0.4700051654133908,0.6731016268069975,0.5201434304560599,-0.1366861203853013,1.2839469797668759,0.6055178430425721,0.2464135651013814,-1.3556848143194207,0.4210362142495734,-0.3564509920931888,0.8956824198927347,2.8849442032464006,0.5438207624870698,0.604116529516285,0.5550499234545886,0.06374296102035416,0.09529753461561155,-0.5075845534041307,0.02005731407347666,0.10515231740204206,-0.34271743831550705,-0.8489630222993896,1.0241295239210972,-0.3793541107941431,-0.10602124790504032,-0.43022111787431805,0.5570958302079608,0.6706280901079154,-0.553974129359014,-0.6082433135517114,1.0504765841136219,0,36.458333333333336,6.291666666666668,Rupicapra_rupicapra,247
734,-1.404360724491056,0.1631604717809844,-0.17585867576147213,-0.571808456489627,-0.8637391033949935,0.3691858687448974,-0.31829703040166585,-0.16513203056186254,-0.4666102986504092,-0.6285525230319527,-0.04710954429345881,-0.17566485817269725,-0.32893762702129203,-0.6931495912670746,-0.7747143329378358,0.32270946388396854,-0.4069553531164412,0.13840080025458124,-0.26904922998642045,-0.3173904227419774,-0.26024633285576193,0.23910697969770633,-0.00956558811404545,-0.2136462571332361,0.08933107879568812,-0.08918806933017406,-0.30580647230069,0.5015168679974669,-1.0132975923681515,-0.2769855137198252,0.40697060877867763,0.09436230198026248,-0.020932013976859842,-1.1451250438674587,-0.49313576820130073,-0.2977285253575443,-0.3625597370828859,0.2553705689877265,-0.6408776605010896,0.1198892316774914,-0.1107710544528055,0,51.04166666666667,13.541666666666664,Rupicapra_rupicapra,72
735,-1.0997157274318792,0.3265294503842261,0.37240806189925524,-0.5188761539471343,-0.15282656459337018,0.6780263966729873,-0.6344412059045312,0.06467393698619599,0.0069830938926817646,0.05450562997855265,0.28993843614047,0.25469561308461275,-0.11666736265195404,-0.4604994896263675,0.5021067615439816,-0.25795795629255724,-0.7855412356948377,-1.5380514567608694,0.1657298777373559,-0.33330398803321165,0.31771804351848637,2.0730263153300363,0.24013313105962852,0.0037337241280290213,0.4030785109869474,0.1234588871572271,-0.12753802478233375,-0.12917152037853158,-0.6294800556898325,-0.0490436495418693,0.13176866744030602,-0.5203890329435557,0.5810619594666638,-1.623731877038281,-0.4447464531642682,-0.6017499894635229,-0.2463927180566737,0.5855753448182381,-1.0319435506404302,-0.5325931789824436,0.7821210373860861,0,42.54166666666667,9.041666666666666,Rupicapra_rupicapra,174
736,-0.06266540848097978,-1.3071603356481907,-0.3586142549817146,-0.7821656014216364,-1.465892542697376,1.6663160492262155,-0.5093732124703335,0.3884488885919759,-0.8912366798852966,-0.9441193117045094,-0.1440685523634931,-0.809251107523737,-0.9657484201293061,-0.6399226523396412,0.10041678993260944,-0.4303606476083101,-0.9155883019714429,-1.7344014686592106,-0.5597445636389453,0.18461022780877664,-0.17767999337372647,5.040720125637877,-0.3537449037318123,-0.8554347732379236,-0.07734724455591836,0.8837445808998532,0.08638411223969375,1.9205657418434634,-1.456163980843135,0.18560238711190885,1.9917542020030934,0.4388350327565399,1.0385773792837418,-1.2408464105016233,-0.39635713812723566,-0.49117924824850856,-0.9627560020516491,0.060249565087878626,-0.8074427618567347,-1.4403947938136574,0.3820273131741237,0,44.62500000000001,6.291666666666668,Rupicapra_rupicapra,149
737,0.6468703285254929,0.6941096522415199,-0.17585867576147213,0.053839032912584725,0.5618752838619183,-0.7220505957704779,-0.5892777711936749,-0.2955079086328799,0.4756194976029313,0.511729457989986,0.5854325559729555,0.7328739144816239,0.9446839591947359,-0.13494414488520845,1.0304163607047974,0.20541509562776736,-0.10906138612463885,-0.6559330574531913,0.5145642781203857,-0.21033552896458316,1.143381438338841,-0.45690450628862145,0.5640666045822326,0.53165653576253,0.6187798706184382,-0.3965066160345689,-0.37711385130803254,-0.3183780368913311,-0.5113823520965035,-0.4579981705670255,-0.18139216235853062,-0.6952751885684351,-0.1365148568780164,-0.4750754774283075,0.039146697206057346,-0.5707901819233189,0.36348413183094047,0.7156560140848034,-0.7639909962856969,0.23336443353139313,1.0260806253202095,0,39.37500000000001,-0.6250000000000003,Rupicapra_rupicapra,212
738,-1.7040680377414243,0.3265294503842261,2.8396083813725284,0.35068494828937286,0.6308443913422891,-0.9485336756628776,-0.3912533378171361,-0.39400319688431795,0.2642106225158033,0.30546896610832736,0.40998292232241723,0.15905995280521054,0.30787316608672194,-0.09913696095870353,1.5798293051492511,1.0310238772636282,0.5556672513217259,0.018959375934118415,0.2567301560981463,-0.43457213079561163,1.3910804567849475,-0.49969787396236615,0.4223457099160933,0.40743940361323566,0.4471992436388432,-0.48389577623487073,-0.6177762554578135,-0.349912456310131,-0.7475777592831614,-0.6121941375109369,-0.26679966139457695,-0.8383638613524271,-0.11725104972782363,0.5140453111247252,0.13592532728012247,-0.38906957244820833,0.5958181698833649,0.5005225995285609,-0.2787796140757744,-0.24890517434768925,0.9821678994920673,0,35.62500000000001,7.041666666666668,Rupicapra_rupicapra,257
739,-1.4733957551181034,0.1631604717809844,-0.08448088615135091,-0.5576278232275476,-1.0846676521700918,0.739794488452358,-0.492002650464091,-0.009861751557303124,-0.27435951553885746,-0.6246638984226502,0.049849463776575495,-0.22348268831239837,-0.32893762702129203,-0.697020637679167,-0.48203370776721366,0.323087827393276,-0.4202734333700583,0.12519426613474827,-0.15529888203543246,6.15364389977538,0.1525853645544154,-0.414630593682988,0.044423324139721894,-0.25505196784966755,0.18737715135545666,0.12637185916390384,-0.27906620517293657,1.0376019981170657,-1.338066277249806,-0.23676047886489182,0.8529875481891419,0.15795726766203677,0.29692080400132065,-1.0494036772332942,-0.25118919301613796,-0.47387252353659326,-0.410962661677141,0.35543262226969974,-0.8219266837137473,0.08206416439285749,0.10391338292922307,0,52.29166666666667,8.708333333333332,Rupicapra_rupicapra,57
740,-0.5568080564222088,-0.20441973007630937,0.0068969034587703275,-0.31201518280679674,-1.4783979295231662,0.6162582818832045,-0.10290203501888455,-0.10835702104102397,-0.48516551360577503,-0.59492735729269,-0.04710954429345881,-0.15175594310284668,-0.32893762702129203,-0.596760452542253,-0.8322025720309056,0.6810967241967298,-0.00584622680291391,0.5361504204370614,-0.2753686937614753,-0.18140177388961173,-1.0859097276761167,-0.42357082833571597,0.010680253981117304,-0.06872626962572602,0.030503435259827013,0.2807593755177704,0.06855726748785812,0.438448029159867,-0.5999556297915002,0.16213778344653104,0.42595005300891015,0.7886073440062985,-0.04982772470214898,-0.3155398663713668,-0.3479678230902031,-0.12139223023725185,-0.07214218951735538,0.1052774890647666,-0.20636000479071137,0.25227696717371006,-0.20835488962645485,0,46.95833333333334,15.291666666666664,Rupicapra_rupicapra,121
741,0.3528745772360139,0.44905618433665734,-0.5413698342019571,-0.6624632796700184,-0.6378842207766713,0.2868283900286577,-0.3912533378171361,-0.1972586088506739,-0.4719692054967243,-0.6381597132431707,-0.005555683692015537,-0.12784702803299614,-0.32893762702129203,-0.7252793041753486,-0.5598975068252323,0.19435097364501244,-0.5546293122911821,-0.008036309547513507,-0.24124358937617893,-0.36802449412317734,0.1525853645544154,-0.5455480623885302,-0.00956558811404545,-0.23434911249145182,0.11874490056361868,-0.20279397759056647,-0.47516149744312847,0.21770709322826756,-1.0723464441648158,-0.4043647907604477,0.23615561070658492,-0.1070217560120228,-0.05945962827724536,-1.3365677771357876,-0.49313576820130073,-0.35368693525940376,-0.43032383151484305,0.28538918497231847,-0.7350231525716716,0.10097669803517445,0.020967123031621123,0,53.62500000000001,13.041666666666664,Rupicapra_rupicapra,41
742,0.37378614667288607,0.24484496108260523,-0.5413698342019571,-0.4765628984625417,-1.1983530132333509,1.0898137365632241,-0.2939782170875522,0.08081102079459958,-0.5994107089356536,-0.6713273937342802,-0.10251469176204984,-0.378890636266427,-0.32893762702129203,-0.611470447366809,-0.7052918164742243,0.2689891271694412,-0.32215052075774353,-1.6538027743178736,-0.36573702574476025,-0.37381124513817166,-0.6730780302659393,1.8779736226234203,-0.09729757052641738,-0.33786338928253046,0.030503435259827013,0.5065147060352169,0.023990155608269056,1.6367559670742642,-1.3085418513514737,0.04146267888173085,1.4128811529810015,0.24805013571121703,0.634037429129694,-0.9217751883877416,-0.39635713812723566,-0.30965093571464153,-0.391601491839439,0.18032402902624653,-0.553974129359014,-1.1661630560000615,-0.15956297203963019,0,43.95833333333334,17.625,Rupicapra_rupicapra,157
743,1.0276977989455678,0.36737169503503647,0.09827469306889156,-0.3910705704540237,-0.18844807024390833,0.10152408400999609,-0.5475883958733186,-0.12656043051223756,-0.08385037715235803,-0.3515452052751688,0.1837452368256705,-0.08002919789329502,0.09560290171738395,-0.5934700584773233,-0.3348929076700355,0.44245857393075455,-0.1987625693203315,-1.2317765590283816,0.02417388917612639,-0.09460050866469749,0.07001902507237993,-0.41732044333397433,0.17264699074241935,-0.07907769730483388,0.30013013479919043,-0.09064455533351243,-0.5019017645708819,0.7222578039290662,-1.5152128326397993,-0.4512939980912033,0.6347239395414679,-0.2607095897429773,0.13317844322468222,-0.8579609439649654,-0.15441056294207287,-0.5292540426147222,-0.17862862362471657,0.47050398354396894,-0.814684722785241,-0.38129290984390796,0.23077236865496722,0,49.04166666666667,2.2083333333333326,Rupicapra_rupicapra,96
744,1.2717048210036626,0.3265294503842261,1.5603193268308313,-0.36895010676767687,-0.8243281435323783,0.1427028118629099,-0.3877792784266359,-0.1477157766851047,-0.14735342328119116,-0.3688969671872665,0.077552037510871,-0.03221136775359391,-0.11666736265195404,-0.6085671487137858,-0.6737096672990893,0.5364949288679696,-0.12159603231336447,0.42137008222558203,-0.07946531673477378,-0.2855632921595088,1.143381438338841,-0.5017364849104736,0.13215530655209384,-0.03767198658840243,0.21679097312338722,-0.052775919246714965,-0.2968930499247722,0.46998244857866694,-0.9247243146731547,-0.24681673757862518,0.41646033089379386,0.1420585262415932,-0.05464367648969717,-0.8260538217535772,-0.25118919301613796,-0.37368581714872806,-0.0915033593550574,0.410466751574785,-0.6626035432866085,0.2806457676371855,0.04536308182503346,0,47.87500000000001,7.541666666666668,Rupicapra_rupicapra,110
745,-0.382728662087553,-0.20441973007630937,1.103430378780225,-0.6893052033140306,-1.0228985655160325,1.316296816455624,-0.7421387035959219,0.34043115866084145,-0.24100032042054637,-0.46918426908600075,0.1837452368256705,-0.21152823077747307,-0.32893762702129203,-0.636051605927549,0.36398947229616185,-0.1951926032358023,-0.7544003666706697,-1.8779253440782198,-0.006159536944137076,-0.13076770250841177,0.07001902507237993,-0.1725618514654013,0.06466916623488465,-0.35856624464074616,0.30503243842717886,0.4686460699484194,0.0061633108564334285,1.3214117728862649,-1.1313952959614804,0.10180023116413095,1.1376792116426298,-0.032827629383286115,0.9181785845950371,-1.4961033881927284,-0.25118919301613796,-0.7352040666865142,-0.5755326052976083,0.4905163942003636,-1.1405729645680247,-1.0148627868615259,0.5479198329693276,0,50.95833333333334,-3.3750000000000004,Rupicapra_rupicapra,73
746,1.0246948568083676,-1.1846336016957595,-1.0896365718626844,-0.4956119701823414,-0.6310630875482028,-0.0014227509625631685,-0.012575033070301025,-0.2871933594917288,-0.5053618937828248,-0.6017896360149885,-0.1763882217201712,-0.11589257049807085,-0.32893762702129203,-0.7130855125919092,-0.7902870927494394,0.5470370156313691,-0.25360160903981377,0.2904701236844399,-0.34235500977705713,1.0063288719379648,-1.7464404435324004,-0.5039409626485363,-0.036560044240929124,-0.12048340802126532,-0.05283572641597623,-0.21298937961393502,-0.3147198946766078,0.15463825439066772,-0.5409067779948358,-0.2736334274819141,0.05585089051937594,0.09966188245374367,-0.20875413369123924,-0.8898680661763535,-0.5899143982753658,-0.024859165733013232,-0.22703154821897167,0.050243359759681305,-0.2425698094332429,0.2049956330679177,-0.22299246490250224,0,50.87500000000001,22.04166666666667,Rupicapra_rupicapra,74
747,0.7670325196016066,-0.36778870867955105,0.5551636411194977,-0.6871324343071135,-0.7496747101754797,0.8221519594984603,-0.7873021383067783,0.07982699184680254,-0.21366989550433968,-0.35559721747309747,0.2206820018047312,-0.24739160338224891,-0.11666736265195404,-0.6596650167292198,-0.5034280283807073,-0.1297887878391614,-0.7473497589361845,-1.7738268158803023,0.016590532646060523,-0.07145350460472036,-0.4253790118198329,-0.517500501802315,0.0849150083300474,-0.368917672319854,0.3246416529391326,0.04043918496694034,-0.3503735841802791,0.7222578039290662,-1.2790174254531415,-0.29709803114729194,0.6252342174263517,-0.12822007790594755,0.24876128612583875,-1.3684748993471758,-0.10602124790504032,-0.7628948262255786,-0.6142549449730125,0.4805101888721663,-1.1550568864250372,-0.7500873158690886,0.16734287579209514,0,53.12500000000001,-2.8750000000000004,Rupicapra_rupicapra,47
748,0.3145226108879589,-0.36778870867955105,-0.08448088615135091,-0.2563217984009935,-0.366934052419206,0.2662390261022008,-0.5719072091874323,-0.07972352781137264,-0.2667230732828585,-0.46594919483120284,0.16527685433614014,-0.510389669150605,-0.5412078913906301,-0.4446281901074865,0.9438201926844199,0.428297248358487,-0.2710327554903036,-1.4745436213979175,-0.09463202979490552,0.17593010128628522,-1.0033433881940812,0.9387198147326775,0.05117193817144281,-0.28610625088699115,0.24620479489131777,0.10743754112050509,-0.18101855903784064,0.5961201262538666,-1.0428220182664836,-0.15966249539293614,0.6726828280019329,-0.3455028773186764,0.38842388796473626,-0.21981849973720233,0.0875360122430899,-0.5865585311052861,-0.17862862362471657,0.3454264169415024,-0.6336356995725834,-0.8541062509018318,0.6552620516603419,0,42.87500000000001,-5.125,Rupicapra_rupicapra,170
749,-1.4095098103577235,0.44905618433665734,-0.5413698342019571,-0.6507986311524334,-0.5393568211201331,0.225060298249287,-0.3704087164203934,-0.20493355418993064,-0.4445048079093597,-0.6235201853022672,-0.0009385880696329512,-0.08002919789329502,-0.32893762702129203,-0.724892208763442,-0.5555313223440528,0.23208594219947082,-0.5244677732043207,0.021872610317204014,-0.2203893589184978,-0.36802449412317734,0.1525853645544154,-0.5906424661420392,0.010680253981117304,-0.1825919740959125,0.12854950781959554,-0.2173588376239501,-0.4929883421949641,0.21770709322826756,-1.1313952959614804,-0.43118148066373657,0.25513505493681743,-0.14941839979987231,-0.07390748363988993,-1.3365677771357876,-0.49313576820130073,-0.33811088301868,-0.391601491839439,0.3054015956287131,-0.7350231525716716,0.14825803214096683,0.04048389006635099,0,53.79166666666667,13.45833333333333,Rupicapra_rupicapra,39
750,1.1675991400606043,0.36737169503503647,0.1896524826790128,-0.4794709588259071,-0.5886204486691962,-0.0014227509625631685,-0.23144422037045329,-0.2564443316447908,-0.5174194341870336,-0.6187165901966581,-0.06096083116060657,-0.23543714584732364,-0.32893762702129203,-0.6834719660075413,-0.7611791221828459,0.528120800598685,-0.2299032889197304,0.3139699575410203,-0.30380628074922233,-0.34777086557069736,0.07001902507237993,-0.2877779814580016,-0.00956558811404545,-0.1825919740959125,0.05011264977178072,-0.2100764076072583,-0.3147198946766078,0.15463825439066772,-0.6590044815881647,-0.2903938586714697,0.08432005686472473,0.07316398008633772,-0.18949032654104647,-0.7303324551194128,-0.39635713812723566,-0.22965540815734417,-0.26575388789437576,0.1703178236980492,-0.44534471543141946,0.14825803214096683,-0.13028782148753537,0,51.29166666666667,17.208333333333332,Rupicapra_rupicapra,69
751,-0.033041936008784696,0.24484496108260523,0.5551636411194977,-0.32051042045311684,-0.8372124902352174,0.9045094458848375,-0.6518117679107738,0.18338973264946368,-0.1787030283321341,-0.42389322951883046,0.22991619304949637,-0.27130051845209946,-0.11666736265195404,-0.4415313529778127,0.6114072221122072,0.1696646450799359,-0.43652935401082626,-1.6829348218022178,0.016590532646060523,0.365446197027348,0.2351517040364509,0.05684200507378108,0.11190946445693108,-0.22399768481234394,0.30503243842717886,0.49486281800850995,-0.011663533895402197,1.0691364175358655,-1.2494929995548092,0.03811059264381973,1.1946175443333273,-0.054025951277210875,0.8363074042067179,-0.6027039662738601,0.039146697206057346,-0.6317483122975094,-0.2560733029755247,0.4504915728875743,-0.8436525664992662,-1.0243190536826845,0.6845372022124367,0,42.95833333333334,-2.3750000000000004,Rupicapra_rupicapra,169
752,-0.9810764043417248,-4.16611746120492,-1.4551477303031695,-0.7945001288831621,-0.6735055818687975,0.8015626109122782,-0.4398909644453634,-0.1324642663801103,-0.5057973049640879,-0.6635501445156752,0.03138108128704515,-0.16371040063777198,-0.32893762702129203,-0.5950184770421602,-0.6194233088546781,-0.09746839434554423,-0.7969008054986106,-1.5848569434222508,-0.2665214444763985,10.307084440787527,-1.7464404435324004,-0.5043864013124717,-0.04330865827265004,-0.33786338928253046,0.11874490056361868,-0.08627509732349734,-0.4216809631876216,0.4069136097410671,-1.1313952959614804,-0.3540834971917809,0.36901172031821255,-0.17591630216727827,-0.016116062189311654,-1.4003820215585638,-0.5415250832383333,-0.42656747599069145,-0.5852131902164593,0.22034885033903584,-0.7567490353571905,-0.6555246476575038,-0.008308027520473682,0,56.79166666666667,10.124999999999998,Rupicapra_rupicapra,3
753,1.2376140672068692,0.48989842898746777,-1.3637699406930481,-0.1824451593147234,-0.7727907567210216,0.8839200666181058,-0.6691823299170163,0.2506932438376934,0.12394123581350734,0.1686155218750596,0.39151453983288687,0.0753787500607336,0.09560290171738395,-0.3714653298552185,0.8789095426835833,0.27536137359969537,-0.34721996255996396,-1.627001306931335,0.2390356575279926,-0.2971367941894974,-2.406971159388684,-0.5265812560994496,0.32111649944027953,0.06584229020267619,0.4422969400108548,0.6463373623556998,0.17551833599887187,1.1952740952110652,-1.1313952959614804,0.2090669907772867,1.3844119866356526,0.19505433097640512,1.0530252346463864,-0.4750754774283075,0.13592532728012247,-0.6413631593596846,-0.033419849841951295,0.5605598314977449,-0.8364106055707599,-0.7406310490479301,0.8162753796968634,0,44.20833333333334,-1.0416666666666672,Rupicapra_rupicapra,154
754,1.6131474794155845,-0.9395801337908969,-0.17585867576147213,-0.20352012125542884,0.8089516304781559,-0.2690845587078766,-0.6135965182443531,-0.16306570489905253,0.3630824538303157,0.40193299843320957,0.47462226103577343,0.6013748815974458,0.732413694825398,-0.3004315589735552,0.861153662871866,0.1391393077764789,-0.3434986881079216,-1.3504410368818434,0.4311473562896612,-0.35211092883194306,0.2351517040364509,0.5948688318355035,0.4898318502333025,0.3970879759341278,0.5746591379665423,-0.19842451958055138,-0.2879796275488544,-0.4760501339853307,-0.27518694490984563,-0.25687299629235855,-0.304758549855042,-0.80656637851154,0.3836079361771881,-1.1770321660788468,-0.25118919301613796,-0.5913659546363738,0.18923360329162214,0.7256622194130007,-0.9088302148558229,-0.19216757342073837,0.9626511324573374,0,40.79166666666667,9.541666666666666,Rupicapra_rupicapra,195
755,-1.295766431142709,0.28568720573341566,2.0172082748814373,0.47368740602322723,1.1185546943857267,-1.257374272622204,-0.19670309635796826,-0.4980579052415846,0.5933814755507042,0.6266236103118985,0.5161761216372167,0.9241452350404283,0.5201434304560599,-0.018425527900296293,1.6860734421325558,1.1329123252507725,1.009656757480122,-0.3784017339715472,0.4962378331727266,-0.4562724471018402,1.8864784936771604,-0.3168973027071669,0.6517985869946046,0.8939565045313052,0.5648545307105655,-0.7431502848290996,-0.8049581253520876,-0.5706533922417305,-0.5704312038931679,-0.8133193117856039,-0.523022158502716,-1.0132500169773064,-0.3532326873176849,0.19497408901084362,-0.10602124790504032,-0.22811703262739613,0.9830415666374057,0.6256001661310275,-0.17015020014817986,0.30901456810066097,1.2114899121501432,0,35.29166666666667,5.041666666666667,Rupicapra_rupicapra,261
756,-0.3038646282881909,-0.4903154426319823,0.9206747995599827,-0.6202154365979333,-0.6538001019374898,0.7192051245259011,-0.7004493282755657,0.02782427498891266,-0.2064353712618144,-0.44124499143092816,0.19297942807043567,-0.22348268831239837,-0.11666736265195404,-0.6579230412291269,-0.48567220408803785,0.07055230981374697,-0.5691224689297519,-1.9053094657500382,-0.0011039659240931652,-0.016479369962274674,-1.0033433881940812,-0.31561439083251563,0.09166362236176832,-0.28610625088699115,0.30013013479919043,0.05063458699030889,-0.38602727368395034,1.0060675786982656,-1.485688406741467,-0.3339709797643142,0.8719669924193745,-0.13351965837942875,0.3210005629390616,-1.1770321660788468,-0.10602124790504032,-0.6755920149010282,-0.46904617119024716,0.47050398354396894,-1.0319435506404302,-1.0243190536826845,0.17222206755077762,0,52.95833333333334,-1.5416666666666672,Rupicapra_rupicapra,49
757,-0.1144678062644025,-0.4086309533303615,0.5551636411194977,-0.23764844919693795,-0.2930385388164053,-0.1661376930547679,-0.04036803830178566,-0.27031829150791187,-0.19913386068371017,-0.3162534861319192,-0.028641161803928467,0.09928766513058415,0.09560290171738395,-0.6074058440194607,-0.6610477156479545,0.8422574542784989,0.11812941225174362,0.6332572453848757,-0.14265995448532268,-0.27398979012952024,-0.4253790118198329,-0.5297869118469958,0.13890392058381476,0.13830228395643124,0.1040379896796534,-0.14307805145369354,-0.2879796275488544,0.4069136097410671,-0.954248740571487,-0.32391472105058083,0.3405425539728638,-0.006329727015880157,-0.0016682068266670863,-0.41126123300553125,-0.39635713812723566,-0.07562555822129809,0.09242775410311195,0.1853271316903452,-0.19911804386220508,0.30901456810066097,-0.06685832862466329,0,47.54166666666667,22.29166666666667,Rupicapra_rupicapra,114
758,-0.19826340157672429,0.44905618433665734,-0.7241254134221995,-0.5235649076985459,-0.8353177631291788,0.34859649714830315,-0.26618534438293834,-0.17728405237264194,-0.578008574718183,-0.655315410048917,-0.08866340489490208,-0.3071638910568753,-0.32893762702129203,-0.6815364520307978,-0.46762523790836874,0.3849870892934555,-0.3421277158505538,0.20268547095459247,-0.3530980981946505,-0.3839380594144116,-0.5905116907839039,-0.2904925423747754,-0.07705172843125463,-0.28610625088699115,0.02069882800385016,-0.05860186326006842,-0.27015278279701876,0.5330512874162667,-0.954248740571487,-0.23676047886489182,0.42595005300891015,0.15795726766203677,0.04167535926126662,-0.8579609439649654,-0.39635713812723566,-0.2558077921664606,-0.37224032200173696,0.16531472103395053,-0.5177643247164825,0.05369536392938205,-0.01318721927915615,0,49.62500000000001,12.791666666666664,Rupicapra_rupicapra,89
759,0.3927431570864925,-0.8170533998384657,-1.0896365718626844,-0.6636232531375479,-2.104046375248139,1.1927606022163328,-0.3495639624967799,0.009473238654268901,-0.8638057754657216,-0.889221081926121,-0.1810053173425538,-0.892932310268214,-0.9657484201293061,-0.6548262040994531,-0.8758645278807959,-0.08272187961509901,-0.659607086190336,-0.11213483774543097,-0.6437934318471753,-0.11919420047842319,-0.9207770487120457,2.05795334321411,-0.34699628970009133,-0.7829747794841685,-0.1410771917197679,0.37251799372808736,0.1933451807507075,0.7537922233478662,-0.5999556297915002,0.2526441118701312,0.5967650510810029,0.9316960167902907,0.03685940747371843,-0.6027039662738601,-0.29957850805317054,-0.35368693525940376,-0.7981860584311817,-0.07983730950688392,-0.48155452007395094,-0.4002054434862249,-0.3791266011803412,0,46.79166666666667,12.20833333333333,Rupicapra_rupicapra,123
760,-0.9612500865533138,0.5715829182890886,0.0068969034587703275,-0.1854348854796797,-0.7015480345367693,0.16329219112964155,-0.2105994664468398,-0.15047087756885133,-0.06777365661341293,-0.30301909145320066,0.08678622875563619,0.08733320759565888,0.09560290171738395,-0.5026939416646866,-0.5651369504102668,0.6315865567164138,0.08522577922537737,0.5481915718997067,-0.09273619066238906,-0.3578976798469374,-0.012547314409655536,-0.09399595260356412,0.18614421880586118,0.11759942859821551,0.1971817586114335,0.0986986251004749,-0.25232593804518316,0.9114643204418659,-1.2199685736564772,-0.213295875199514,0.7960492154984443,0.07316398008633772,0.24394533433829058,-0.3793541107941431,-0.25118919301613796,-0.23004000203983116,0.053705414427707876,0.2753829796441211,-0.3584411842893438,0.2617332339948686,0.030725506548986058,0,44.37500000000001,19.875,Rupicapra_rupicapra,152
761,-0.53688140355055,-0.5719999319336031,-1.4551477303031695,-0.7082890620494097,-0.802349048897189,0.9456881737377513,-0.6379153315584668,0.06437868325933561,-0.20281810914055176,-0.43036337802842617,0.1514255674689924,-0.0919836554282203,-0.11666736265195404,-0.6672135526181484,-0.6031228331231951,-0.10581941751525965,-0.7169923239769079,-1.4275438795981288,-0.026381821024312718,-0.33764405129445735,1.143381438338841,-0.5697736627801108,0.09166362236176832,-0.25505196784966755,0.2756186166592483,0.10161159710715163,-0.27906620517293657,0.7222578039290662,-1.1904441477581449,-0.24011256510280293,0.6916622722321655,-0.027528048909804922,0.2680250932760315,-1.591824754826893,-0.39635713812723566,-0.5869431249877731,-0.4980879259468002,0.4655008808798703,-1.0464274724974427,-0.40966171030738335,0.12343014996395293,0,52.12500000000001,4.374999999999999,Rupicapra_rupicapra,59
762,-0.6609696985337451,0.44905618433665734,0.1896524826790128,0.06169709782121779,0.5603594443537226,-0.22790580017441334,-0.47810614784834865,-0.15440676814743315,0.12997000601561176,0.1744974750656012,0.34072648798667843,0.15905995280521054,0.09560290171738395,-0.21584909796166102,1.2065196714631652,0.5757439115832839,0.12909719031068623,-1.4461883722073186,0.19606330385761936,-0.32896392477196595,1.308514117302912,0.9236343206768429,0.3278651134720005,0.231465133068402,0.40798081461493585,-0.007624853143225676,-0.029490378647237823,-0.4760501339853307,-0.15708924131651672,-0.022226959638580367,-0.28577910562480946,-0.7853680566176152,0.7929638381187841,-0.21981849973720233,-0.009242617830975207,-0.46733442753431415,0.2569976977235793,0.5255381128490543,-0.5684580512160267,-0.7784561163325641,0.884584064318418,0,36.458333333333336,5.541666666666668,Rupicapra_rupicapra,247
763,-0.2689880480126282,0.5307406736382781,0.09827469306889156,0.0912672974082433,0.31176754734611345,-0.7220505957704779,-0.3634604651125222,-0.3430336053223987,0.23768403362654392,0.27958837206994436,0.35919487047620874,0.31446790075923914,0.30787316608672194,-0.2899797428902087,-0.6015219136185087,0.8761608971698663,0.4965192495329558,0.45788234323684396,0.22070921258033344,-0.47218601239307445,1.3910804567849475,-0.3395839077702093,0.40209986782093055,0.37638512057591206,0.41778542187091267,-0.38631121401120033,-0.5464688764504709,0.06003499613426795,-1.0132975923681515,-0.558560757704359,0.05585089051937594,-0.5680852572048865,-0.23764984441652837,0.003531355742514714,-0.05763193286800776,-0.37868553762105917,0.4312482262628976,0.4955194968644623,-0.3946509889318753,0.13880176531980837,0.17710125930946008,0,41.79166666666667,0.2916666666666667,Rupicapra_rupicapra,183
764,-1.473003269817066,0.612425162939899,0.5551636411194977,0.2926553635594273,0.5990126290206521,-0.9279443270766954,-0.34608990310627974,-0.3984802545881234,0.15207549675666127,0.05937458011961208,0.3499606792314436,0.08733320759565888,0.09560290171738395,-0.1430733884971155,1.5406792712811834,1.0186233003094334,0.8139987692975073,-0.05639546688301342,0.17078544875739982,-0.45771913485558874,1.473646796266983,1.5996188812021486,0.3413623415354423,0.3349794098594806,0.3785669928470053,-0.48680874824154746,-0.6266896778337313,-0.349912456310131,-0.8656754628764903,-0.6423629136521369,-0.23833049504922818,-0.8542626027728708,-0.1316989050904682,0.5140453111247252,0.0875360122430899,-0.3525331536119427,0.5474152452891098,0.44548847022347565,-0.2353278485047366,-0.36238037620159097,0.94801355718129,0,35.458333333333336,6.458333333333332,Rupicapra_rupicapra,259
765,-1.662385299164334,-0.6128421765844135,-0.26723646537159335,-0.41588670359117363,-1.3522071816341168,0.5133114430755765,-0.22449596906258212,-0.11937746211144495,-0.5352043062832417,-0.6280950377837995,-0.07019502240537175,-0.2593460609171742,-0.32893762702129203,-0.6161157030613197,-0.6994702279128103,0.3821881515347441,-0.2438089073658238,0.24308194569446465,-0.33034802860445284,0.722778072203245,-1.0033433881940812,0.5383044900960781,-0.036560044240929124,-0.22399768481234394,0.030503435259827013,0.1234588871572271,0.03290357798418687,0.6907233845102664,-0.7180533333848291,-0.005466528449024782,0.5682958847356541,0.4494341937035023,0.08020297356165214,-0.6665182106966364,-0.3479678230902031,-0.21484854368159442,-0.2947956426509288,0.1453023103775559,-0.4308607935744068,-0.03141103746104425,-0.1546837802809477,0,45.79166666666667,22.54166666666667,Rupicapra_rupicapra,135
766,0.881887485132601,0.3265294503842261,0.1896524826790128,-0.27726603523072746,-0.7546011162979096,0.986866901590665,-0.2835559063891808,0.09537371834322293,-0.2599239602215963,-0.37448482271828104,0.05446655939895808,-0.10393811296314558,-0.11666736265195404,-0.5412108857675642,0.7169236154161089,0.5970118056593839,0.013151638352589687,-1.5710677920604519,-0.1464516327503556,-0.34777086557069736,0.31771804351848637,2.2160681914826976,0.10516085042521016,-0.03767198658840243,0.1579633295875261,0.6375984463356696,0.16660491362295407,1.699824805911864,-1.1904441477581449,0.2325315944426645,1.5931858731682103,0.2003539114498863,0.7929638381187841,-0.5388897218510839,-0.29957850805317054,-0.28753678747163863,-0.04310043476080232,0.2903922876364171,-0.4525866763599257,-0.9013875850076242,0.7479666950753089,0,44.79166666666667,15.95833333333333,Rupicapra_rupicapra,147
767,-0.8203282112352441,0.24484496108260523,0.9206747995599827,-0.04313835862125308,0.7335401328087475,-0.3720313629998864,-0.5267437082131406,-0.19253556267763636,0.3924224688138905,0.430558503960512,0.4700051654133908,0.6013748815974458,0.5201434304560599,-0.27081801238918735,1.0927076220274037,0.48823495732070227,0.21116007815464824,-1.2882927281845444,0.4159806432295295,-0.3955115614444002,-0.012547314409655536,-0.34299515811862225,0.5100776923284652,0.4695479696878828,0.5599522270825771,-0.1692947995137841,-0.36820042893211474,-0.06610268154093174,-0.6294800556898325,-0.3172105485747586,-0.029556608516670416,-0.7376718323562845,0.29692080400132065,-0.7622395773308009,-0.15441056294207287,-0.5029093616643623,0.34412296199323844,0.6856373981002114,-0.7350231525716716,-0.19216757342073837,1.011443050044162,0,40.708333333333336,17.625,Rupicapra_rupicapra,196
768,-0.8468956113785193,-0.4903154426319823,0.9206747995599827,-0.6959381814847571,-0.870560236623462,0.9250987944710196,-0.7734057019544713,0.09994921272369907,-0.3032976125089586,-0.5872808181449859,0.17451104558090533,-0.378890636266427,-0.32893762702129203,-0.6877301262901455,-0.534282517155011,-0.04529091815860756,-0.6930981079844094,-1.9323051697533271,-0.04660410510448836,-0.016479369962274674,-1.0033433881940812,-0.01777071735905612,0.02417748204455914,-0.44137766607360907,0.27071631303125987,0.10015511110381327,-0.36820042893211474,1.0376019981170657,-1.3971151290464705,-0.29709803114729194,0.8814567145344907,-0.0964225950650604,0.34026437008925436,-1.208939288290235,-0.05763193286800776,-0.7302043462141831,-0.6239355298918634,0.4504915728875743,-1.1188470817825058,-1.0716003877884768,0.11855095820527047,0,54.37500000000001,-1.7083333333333333,Rupicapra_rupicapra,32
769,1.4906667842110912,0.20400271643179482,1.3775637476105889,-0.622764027834638,-0.6651686091321333,0.5133114430755765,-0.07163497039689971,-0.2038512199394833,-0.5240510814093484,-0.6136842524669726,-0.16253693485302345,-0.04416582528851919,-0.32893762702129203,-0.7574090263129251,-0.5587331613534255,0.4170208395215092,-0.4224278396923176,0.12305790413203588,-0.3341397068694858,-0.31883711049572594,-0.095113653891691,-0.36851473469269486,-0.04330865827265004,-0.14118626337948106,-0.028324208276034102,-0.060058349263406786,-0.3414601618043613,0.438448029159867,-0.9247243146731547,-0.2736334274819141,0.2930939433972825,0.09966188245374367,-0.006484158614215275,-1.2408464105016233,-0.686693028349431,-0.07504866739756758,-0.2851150577320778,0.12028679705706258,-0.387409028003369,0.18608309942560075,-0.01318721927915615,0,54.04166666666667,19.70833333333333,Rupicapra_rupicapra,36
770,-0.368488848993301,0.4082139396858469,0.4637858515093765,-0.40611712046947945,-0.7667275432466509,1.0898137365632241,-0.33914165179840855,0.14166947268658137,-0.2225120918007595,-0.5015350116339795,0.035998176909427734,-0.04416582528851919,-0.32893762702129203,-0.5601790224161189,0.5515903337148098,0.32019702935991406,-0.22872821253477774,-1.5998114033546096,-0.1515072037703995,-0.27977654114451456,0.6479834014466282,0.2207206240199615,0.07816639429832649,-0.08942912498394175,0.17757254409947978,0.590990894228842,0.3003062492617213,1.226808514629865,-0.8951998887748225,0.3029254054387979,1.1756381001030949,-0.006329727015880157,0.9856019096207117,-1.0494036772332942,-0.39635713812723566,-0.3498409964345337,-0.18830920854356759,0.34042331427740374,-0.6336356995725834,-0.8919313181864658,0.7235707362818965,0,43.62500000000001,16.958333333333332,Rupicapra_rupicapra,161
771,1.4554747146186502,0.5307406736382781,-0.3586142549817146,-0.4117043974664776,-0.4552297522330416,0.16329219112964155,-0.33914165179840855,-0.16862511562102256,-0.20603345324834077,-0.4929081469545185,0.04523236815419291,-0.0919836554282203,-0.32893762702129203,-0.6420517417102459,-0.698888055176907,0.5553937800682502,-0.17330148519804994,0.37009769050699654,-0.1515072037703995,-0.07579356786596607,-0.8382107092300103,-0.03393399826142166,0.09166362236176832,-0.08942912498394175,0.17267024047149138,-0.06588429327676024,-0.38602727368395034,0.6276545456726665,-1.2790174254531415,-0.3540834971917809,0.5682958847356541,-0.027528048909804922,0.06575511819900756,-0.7622395773308009,-0.29957850805317054,-0.3446489790209591,-0.16894803870586556,0.3204109036210091,-0.5901839340015456,0.23336443353139313,-0.01318721927915615,0,50.12500000000001,9.124999999999998,Rupicapra_rupicapra,83
772,0.27750344206304434,-0.08189299612387813,-0.7241254134221995,-0.5825256221662883,-1.1180153262791306,0.9456881737377513,-0.4225204024391209,0.020100120695179198,-0.4198203432485211,-0.645708219837699,-0.02402406618154588,-0.3071638910568753,-0.32893762702129203,-0.6933431482023306,-0.48785526856910366,0.25731699099075245,-0.4625779763255842,0.07916557776711215,-0.2564103024363107,-0.26530966360702884,-1.0033433881940812,-0.2732558573048467,-0.023062816177487285,-0.30680910624520685,0.11384259693563026,0.23852128142095785,-0.2879796275488544,1.1322052563734655,-1.4266395549448028,-0.2267042201511585,1.0427819904914672,0.15265768718855557,0.4269515022651218,-1.1451250438674587,-0.39635713812723566,-0.4061840002188801,-0.4400044164336941,0.28538918497231847,-0.742265113500178,-0.10706117203031207,0.06000065710108086,0,51.04166666666667,8.958333333333332,Rupicapra_rupicapra,72
773,-1.2678397342171024,-0.28610421937793024,-0.26723646537159335,0.0664839701913906,0.44553727593852294,-0.6602825500119315,-0.4398909644453634,-0.30160850524779076,0.4137241235279927,0.45134140523375893,0.4653880697910082,0.6013748815974458,0.5201434304560599,-0.2677211752595135,1.274341296181614,0.7842068018120008,0.45558582825956695,-1.2731440131137783,0.40081393016939776,-0.4403588818106059,-0.17767999337372647,-0.5797339268315435,0.5235749203919071,0.5523593911207457,0.5403430125706233,-0.33679068989769595,-0.5286420316986353,0.028500576715468028,-0.9837731664698192,-0.48481486047031447,0.05585089051937594,-0.6899756080949538,0.051307262836363,-0.41126123300553125,-0.10602124790504032,-0.4182987075172208,0.5086929056137057,0.6506156794515208,-0.5612160902875203,-0.21108010706305533,1.0504765841136219,0,41.54166666666667,15.791666666666664,Rupicapra_rupicapra,186
774,-0.14471541035679966,0.44905618433665734,0.5551636411194977,0.32168650902752693,0.7418771055454116,-1.0514805413159865,-0.48852845854672,-0.4088119204376077,0.6617075378412208,0.6932857464713699,0.6316035121967813,0.8763274049007272,1.156954223564074,0.037898248156811,1.3738905022210781,0.5390126845664702,0.3768524231228169,-0.3785959891099545,0.6106201275012201,-0.3998516247056459,0.6479834014466282,-0.4075172904973266,0.6990388852166509,0.7904422277402265,0.6825098177822876,-0.5843933104652179,-0.689083634465156,-0.5706533922417305,-0.36376022260484236,-0.6792358622691592,-0.5135324363875998,-0.8701613441933144,-0.11243509794027544,-0.2517256219485905,-0.009242617830975207,-0.48156440118633337,0.7023046039907261,0.7556808353975927,-0.5684580512160267,0.4981399045238305,1.1334228440112237,0,35.54166666666667,10.541666666666666,Rupicapra_rupicapra,258
775,-0.34878130055540096,0.24484496108260523,0.1896524826790128,-0.2390697731723669,-0.0031409548401421785,0.2662390261022008,-0.5649589578795612,-0.04371026789845616,0.10706067924761499,0.15214605294154313,0.36381196609859134,0.21883224047983693,0.09560290171738395,-0.361013513771872,0.8433977830601486,0.18792691577936085,-0.3871740538960461,-1.415114217858669,0.1985910893676413,-0.3159437349882288,1.143381438338841,0.2938973538627705,0.3076192713768377,0.11759942859821551,0.41778542187091267,0.12200240115388873,-0.1542782919100872,-0.034568262122131814,-0.8361510369781581,-0.10267702934844716,0.35003227608798004,-0.5256886134170369,0.47992697192815187,-0.6984253329080246,-0.10602124790504032,-0.548676033680316,0.005302489833452779,0.5205350101849556,-0.7495070744286843,-0.5042243785189682,0.8455505302489582,0,43.54166666666667,6.374999999999999,Rupicapra_rupicapra,162
776,0.730241145650732,-0.4903154426319823,1.6516971164409524,-0.5942556830963808,-0.48933527381697206,0.32800713322184627,-0.6518117679107738,-0.09817294451953547,-0.20161235510013087,-0.433304354623697,0.1791281412032879,-0.21152823077747307,-0.11666736265195404,-0.6497938345344305,-0.47883181323879304,0.1073637745399733,-0.5217258286895851,-0.8532541968703129,-0.02132625000426881,0.006667634097702457,-0.4253790118198329,-0.5175438492364814,0.09166362236176832,-0.27575482320788325,0.2854232239152252,-0.1241437334102948,-0.5108151869467997,0.5645857068350667,-1.485688406741467,-0.48146277423240336,0.5493164405054215,-0.23951126784905258,0.0994667807118449,-1.1451250438674587,-0.20279987797910543,-0.6479012553619636,-0.42064324659599206,0.44548847022347565,-0.9595239413553671,-0.1732550397784214,0.17222206755077762,0,52.29166666666667,-0.9583333333333334,Rupicapra_rupicapra,57
777,-1.523408876835277,0.3265294503842261,0.0068969034587703275,-0.48677361651248746,-1.0236564852701302,0.34859649714830315,0.022166090942184,-0.22672846662925772,-0.5327927982023999,-0.6200890459411179,-0.19947369983208413,-0.15175594310284668,-0.32893762702129203,-0.7008917025498645,-0.7784983724426358,0.4850229283878765,-0.2669196892934309,0.27726358956460695,-0.3739523286523316,-0.3390907390482059,-0.5079453513018684,0.14453573290059504,-0.07030311439953371,-0.17224054641680464,-0.08224954818390678,-0.03238511519997787,-0.18993198141375844,0.3753791903222672,-0.6885289074864969,-0.13284580548964722,0.312073387627515,0.3222442623399537,-0.05945962827724536,-0.7622395773308009,-0.5415250832383333,-0.02639754126296126,-0.2463927180566737,0.0002123331186946796,-0.18463412200519247,0.1577142989621253,-0.25714680721327954,0,49.62500000000001,21.875,Rupicapra_rupicapra,89
778,0.4353918877869598,0.12231822713017397,0.1896524826790128,-0.5676915627774384,-2.104046375248139,1.4192436207476335,-0.4120979592138788,0.29423382222643646,-0.42903096439062505,-0.6514267854396145,0.003678507552749635,-0.22348268831239837,-0.32893762702129203,-0.6180512170380632,-0.7134420404602038,0.044409099697658126,-0.529755915786146,0.016628758792998768,-0.24629916039622285,-0.3550043043394402,-0.17767999337372647,2.8940316880862356,-0.023062816177487285,-0.30680910624520685,0.11874490056361868,0.8138332527396117,0.3181330940135569,1.7628936447494639,-1.0132975923681515,0.44371302743106483,1.5267578183623964,1.2337721037787186,0.5232705380160856,-1.1770321660788468,-0.4447464531642682,-0.4106068298674807,-0.4400044164336941,0.2753829796441211,-0.7277811916431653,0.034782830287065095,-0.07661671214202823,0,47.04166666666667,8.458333333333332,Rupicapra_rupicapra,120
779,-1.2370579972307496,0.04063373782855314,0.7379192203397402,-0.287248009264984,-0.5450411469966607,-0.042601478815476976,-0.16543603173598345,-0.23607617860181376,-0.24445011670286165,-0.5544399128311286,0.00829560317513222,-0.020256910218668628,-0.11666736265195404,-0.6135995182788084,-0.6744373554594446,0.7997101835919674,0.07112426490686877,0.6124762425997179,-0.1704655950955642,-0.31015698397323455,1.308514117302912,-0.547365724685235,0.11190946445693108,0.055490862523568336,0.13345181144758397,-0.10520941536689607,-0.3325467394284435,0.438448029159867,-0.9247243146731547,-0.2669292550060919,0.35003227608798004,0.11026104340070605,-0.06909153185234174,-0.4750754774283075,-0.3479678230902031,-0.1786967187278158,0.03434424459000584,0.24536436365952913,-0.3294733405753186,0.3657521690276118,-0.04246236983125096,0,48.29166666666667,16.791666666666668,Rupicapra_rupicapra,105
780,0.41294553392707595,0.612425162939899,0.37240806189925524,-0.37403093613795946,-0.5245777473112553,0.10152408400999609,-0.3495639624967799,-0.1691170925594867,-0.13087478472877245,-0.35566257250854794,0.0821691331332536,0.003652004851181927,0.09560290171738395,-0.6244384482326668,-0.6795312558605032,0.5810494025679775,-0.13530575488704275,0.40777518600219037,-0.08515283413232319,-0.19442196367334888,1.0608150988568057,-0.6105142760724493,0.14565253461553568,-0.006617703551078841,0.21679097312338722,-0.07462320929679042,-0.36820042893211474,0.6591889650914664,-1.2199685736564772,-0.3339709797643142,0.530336996275189,0.004269433931082226,0.056123214623911184,-0.7941466995421891,-0.29957850805317054,-0.35003329337577715,-0.0915033593550574,0.3754450329260944,-0.6119098167870645,0.30901456810066097,0.03560469830766853,0,49.37500000000001,8.458333333333332,Rupicapra_rupicapra,92
781,-0.8622486567054715,-0.00020850682225728276,-0.17585867576147213,-0.4923608935094856,-0.3237336383445135,-0.10436958593512242,-0.35998627319515125,-0.25009772779293066,-0.3372931778152696,-0.6059070032483675,0.022146890042279977,-0.12784702803299614,-0.32893762702129203,-0.6770847348129377,-0.7492448586920664,0.4821091652858519,-0.26417774477869527,0.2799825688092853,-0.18563230815569592,-0.19586865142709745,0.2351517040364509,-0.39799758350981834,0.044423324139721894,-0.1308348357003732,0.14815872233154925,-0.2727053057508079,-0.48407491981904627,0.2807759320658674,-1.0428220182664836,-0.4345335669016477,0.20768644436123612,-0.1547179802733535,-0.14133080866556458,-0.9536823105991298,-0.3479678230902031,-0.3319573808988879,-0.2463927180566737,0.3204109036210091,-0.648119621429596,0.19553936624675922,-0.04734156158993342,0,51.20833333333334,12.20833333333333,Rupicapra_rupicapra,70
782,-1.3480395940263696,-0.4903154426319823,1.3775637476105889,-0.05459071594031919,0.37012606738593856,-0.49556757723917727,-0.4225204024391209,-0.26170856371076917,0.3108331120787441,0.35095607078184904,0.3822803485881217,0.56551150899267,0.30787316608672194,-0.33294838575234104,1.1481582704245739,0.6525273385949779,0.2857804170945256,-1.3484989300175383,0.31739700833867324,-0.4244453165193716,-0.5079453513018684,0.006007507381009574,0.449340166042977,0.4488451143296671,0.4913199762907391,-0.27561827775748465,-0.48407491981904627,0.06003499613426795,-0.954248740571487,-0.4445898256153811,0.05585089051937594,-0.6899756080949538,0.0994667807118449,-0.7303324551194128,-0.25118919301613796,-0.41118372069121123,0.3731647167497915,0.6306032687951262,-0.6336356995725834,-0.3150990420957986,1.001684666526797,0,41.04166666666667,15.70833333333333,Rupicapra_rupicapra,192
783,0.08882897996930421,-0.8170533998384657,-0.8155032030323207,-0.5082406540720639,-0.5992311806681538,0.019166597623618997,-0.009100973679800832,-0.2863569949427964,-0.5041561397424039,-0.6040770622557546,-0.1810053173425538,-0.10393811296314558,-0.32893762702129203,-0.7256664180458604,-0.7947988204145947,0.5507136671118937,-0.2624151302012663,0.2817304205351831,-0.3379313851345187,0.6301900559633364,-0.4253790118198329,-0.45066380622477753,-0.036560044240929124,-0.1308348357003732,-0.06264033367195308,-0.21298937961393502,-0.3236333170525256,0.15463825439066772,-0.6590044815881647,-0.29709803114729194,0.10329950109495725,0.06256481913937532,-0.1846743747534983,-0.8898680661763535,-0.5899143982753658,-0.029858886205344316,-0.21735096330012066,0.060249565087878626,-0.2498117703617492,0.19553936624675922,-0.2132340813851373,0,51.62500000000001,20.041666666666668,Rupicapra_rupicapra,65
784,-1.274856441785888,-0.4494731979811719,-0.6327476238120783,-0.742384683784665,-1.7713272286554236,1.0074562808573968,-0.2939782170875522,-0.07377052052445755,-0.7427279739067912,-0.7903389132895718,-0.2040907954544667,-0.510389669150605,-0.5412078913906301,-0.7289568121107902,-0.8301650090945297,-0.07258700272774178,-0.7506792416433965,-0.2024442145815495,-0.5300430838961874,-0.21612227997957742,-1.0859097276761167,0.756427604889452,-0.22552123712911482,-0.5552433705437956,-0.08224954818390678,0.09724213909713654,-0.18993198141375844,0.7222578039290662,-0.9247243146731547,-0.10267702934844716,0.5872753289658866,0.3699404866012844,0.07057106998655575,-1.3046606549243995,-0.5899143982753658,-0.2886905691190996,-0.7304219639992247,0.060249565087878626,-0.6336356995725834,-0.19216757342073837,-0.2717843824893269,0,50.87500000000001,15.45833333333333,Rupicapra_rupicapra,74
785,-0.532540923650056,0.9391631201463824,-0.906880992642442,-0.6920825385664245,-0.8106858770754413,0.8221519594984603,-0.6344412059045312,0.0406159006015864,-0.14253040711950765,-0.39477756122564955,0.1514255674689924,-0.008302452683743352,-0.11666736265195404,-0.663923177011824,-0.5213294236168766,-0.18011351510246834,-1.0415224514759445,-1.7520749078362476,0.0064793906059727015,-0.308710296219486,-1.4161750856042585,-0.6153993024971486,0.13215530655209384,-0.2136462571332361,0.30013013479919043,0.03024378294357179,-0.3592870065561969,0.7222578039290662,-1.2494929995548092,-0.30045011738520305,0.6347239395414679,-0.048726370803729685,0.21504962361300142,-1.6875461214610572,-0.4447464531642682,-0.6073266007595844,-0.4884073410279492,0.5005225995285609,-1.0898792380684805,-0.7122622485844546,0.17710125930946008,0,51.29166666666667,3.3749999999999987,Rupicapra_rupicapra,69
786,0.4926025045654374,-0.8578956444892761,-0.26723646537159335,-0.8754833878465771,-2.104046375248139,1.3780649235752693,-0.5371660851749473,0.09591490423616379,-0.9469693110869729,-0.9543146972347815,-0.18562241296493637,-0.9168412253380644,-1.178018684498644,-0.6803751288778674,-0.8950757840132239,-0.5479303166266498,-1.0509235108298733,-0.5001737754331297,-0.6229392013894942,-0.043966437283497514,-0.9207770487120457,4.268833627413848,-0.4144824300173005,-0.96930047770811,-0.1214679772078142,0.2661945154843868,-0.020576956271320012,0.5961201262538666,-0.7771021851814935,0.03811059264381973,0.530336996275189,0.5925228664874944,0.003147744960881103,-1.432289143769952,-0.49313576820130073,-0.4961789687208396,-1.1079647758344144,0.025227846439187993,-0.8653784492847851,-0.5704182462670775,-0.3596098341456113,0,46.37500000000001,10.70833333333333,Rupicapra_rupicapra,128
787,0.357150273854411,-0.28610421937793024,-0.26723646537159335,-0.08102421086233354,-0.0004883079800057627,0.2662390261022008,-0.5128472718608337,-0.013354836616463162,0.2903352933915891,0.3309574299340076,0.42845130481194754,0.4220580185735667,0.5201434304560599,-0.33701297064108393,1.0822287348573347,0.559982312811769,0.19705856383613962,-1.3712219655803732,0.32245257935871713,-0.4403588818106059,-0.17767999337372647,-0.607365464306996,0.43584293797953516,0.35568226521769636,0.4913199762907391,0.25454262745767986,0.01507673323235124,0.09156941555306787,-0.7180533333848291,0.06492728254710867,0.41646033089379386,-0.4885915501026686,0.5473502969538265,-0.5069825996396957,-0.05763193286800776,-0.4959866717795961,0.2763588675612813,0.6005846528105342,-0.6626035432866085,-0.34346784255927404,0.9577719406986549,0,43.70833333333334,10.374999999999998,Rupicapra_rupicapra,160
788,1.2276679899782648,-1.4705293142514324,0.281030272289134,-0.25076712789620564,-0.5492096333649928,0.45154333979099975,-0.5614848322256256,0.0035202313673538188,-0.058529542303519505,-0.33948720123455856,0.22991619304949637,-0.15175594310284668,0.09560290171738395,-0.4974680151644081,0.9176229747592474,0.5080056409447239,-0.024452599063125552,-1.7485790562111962,0.046923958766323985,1.1075970147003649,-1.0033433881940812,-0.47812548676477495,0.1928928328375821,-0.06872626962572602,0.31483704568315574,0.22978236540092767,-0.3147198946766078,1.1006708369546654,-1.485688406741467,-0.22000004767533624,1.0997203231821648,-0.1070217560120228,0.5136386344409892,-0.41126123300553125,0.039146697206057346,-0.5438686101492284,-0.10118394427390842,0.4504915728875743,-0.7277811916431653,-0.977037719576892,0.7577250785926738,0,46.37500000000001,1.2916666666666667,Rupicapra_rupicapra,128
789,0.6045160194078888,0.20400271643179482,3.2964973294231346,-0.5319458730510649,-0.4654613075173323,0.16329219112964155,-0.4155721511312498,-0.18476219942942615,-0.285613219916119,-0.6184878475725816,0.04061527253181032,-0.16371040063777198,-0.32893762702129203,-0.6873430124196336,-0.7619068103432012,0.4117383136054782,-0.3434986881079216,0.2013259813322533,-0.17552116611560808,-0.217568967733326,-0.4253790118198329,-0.43389555910059996,0.037674710108000976,-0.19294340177502037,0.15306102595953766,-0.16346885550043064,-0.4127675408117038,0.46998244857866694,-1.1904441477581449,-0.38760435957089207,0.44492949723914266,-0.08052385364461684,-0.016116062189311654,-0.9536823105991298,-0.29957850805317054,-0.38291607032841624,-0.31415681248863087,0.3304171089492064,-0.7132972697861527,0.13880176531980837,-0.04734156158993342,0,52.29166666666667,10.874999999999998,Rupicapra_rupicapra,57
790,-0.5276403053714314,0.44905618433665734,1.834452695661195,-0.17182601254277985,-0.37413407324551745,0.24564966217574388,-0.3912533378171361,-0.08739847315062937,-0.005074446511527058,-0.2956666499650237,0.2206820018047312,0.0753787500607336,0.09560290171738395,-0.4579832863852509,1.0603977569323897,0.669275595133547,0.16768045881416974,-1.0177531079530036,0.046923958766323985,-0.2971367941894974,0.8131160804106992,0.23074138469357536,0.2333845170279076,0.10724800091910765,0.30503243842717886,0.16569698125403967,-0.18101855903784064,0.6276545456726665,-1.1609197218598126,-0.1697187541066695,0.9194156029949557,-0.20771378500816542,0.2728410450635797,-0.41126123300553125,-0.15441056294207287,-0.400799685864062,0.13115009377851602,0.43047916223117966,-0.5250062856449887,-0.29618650845348166,0.8406713384902758,0,44.54166666666667,4.541666666666667,Rupicapra_rupicapra,150
791,0.7754951650088614,-0.08189299612387813,-0.17585867576147213,-0.48551562414024024,-1.4158709953942148,1.1721712536301507,-0.3287193411000372,0.11436432094432662,-0.36971456423547555,-0.6214615016855776,0.035998176909427734,-0.10393811296314558,-0.32893762702129203,-0.573534155611094,-0.8147377924669019,0.16036127171525366,-0.3809067308016833,0.16423125125228127,-0.2153337878984539,-0.036732998514754665,0.31771804351848637,1.5789090013123237,0.017428868012838224,-0.19294340177502037,0.12854950781959554,0.5720565761854433,0.06855726748785812,0.8799299010230659,-0.8951998887748225,0.131969007305331,0.7960492154984443,0.7409111197449678,0.1379943950122304,-0.9855894328105179,-0.4447464531642682,-0.3417645249023065,-0.27543447281322675,0.2553705689877265,-0.5757000121445329,0.13880176531980837,-0.1107710544528055,0,45.87500000000001,9.541666666666666,Rupicapra_rupicapra,134
792,-1.3017630653651433,-1.1846336016957595,-1.0896365718626844,-0.5009378966714401,-0.7220112896637628,0.08093470474326445,-0.04384209769228586,-0.2659396329453426,-0.5023475086817726,-0.6047632901279845,-0.16715403047540603,-0.12784702803299614,-0.32893762702129203,-0.7156016789158152,-0.783010100107791,0.5233258622990155,-0.2729912659401477,0.2712428656600285,-0.3391952778895297,1.0063288719379648,-0.17767999337372647,-0.5730354226881048,-0.029811430209208203,-0.1515376910585889,-0.0479334227879878,-0.1736642575237992,-0.2879796275488544,0.18617267380946764,-0.6590044815881647,-0.25687299629235855,0.1412583895554223,0.12615978482114962,-0.16541056760330552,-0.8898680661763535,-0.5899143982753658,-0.06293396009922687,-0.2367121331378227,0.07525887308017462,-0.2860215750042807,0.17662683260444226,-0.19371731435040745,0,51.20833333333334,19.791666666666668,Rupicapra_rupicapra,70
793,0.15169233313075137,0.5307406736382781,0.646541430729619,0.09969732207014285,0.24848276574227038,-0.6602825500119315,-0.3321934004905374,-0.32207505743200404,0.23808595164001753,0.16936710478273992,0.34534358360906103,0.350331273364015,0.30787316608672194,-0.30430262384425283,-0.6122918593970055,0.9161730483254936,0.5125794237260777,0.4848780287184759,0.216285587937795,-0.3998516247056459,1.3910804567849475,0.04915486442629806,0.40209986782093055,0.40743940361323566,0.4030785109869474,-0.3265952878743274,-0.5197286093227176,0.09156941555306787,-1.0132975923681515,-0.5116315503736034,0.11278922321007351,-0.4779923891557062,-0.20875413369123924,0.003531355742514714,-0.05763193286800776,-0.33503413195878395,0.45060939610059964,0.4905163942003636,-0.3729251061463564,0.14825803214096683,0.1624636840334127,0,41.79166666666667,0.6249999999999997,Rupicapra_rupicapra,183
794,-0.3690420086845392,0.20400271643179482,0.0068969034587703275,-0.432779359407183,-0.4480295868483182,0.225060298249287,-0.35998627319515125,-0.15529234165084235,-0.20683728927528802,-0.49604518865614067,0.049849463776575495,-0.0919836554282203,-0.32893762702129203,-0.650374486881593,-0.3919445033314159,0.5369595514156684,-0.19367032261092135,0.343296111990516,-0.14265995448532268,-0.3043702329582402,0.31771804351848637,-0.5561377642498062,0.09166362236176832,-0.09978055266304961,0.17757254409947978,-0.05423240525005333,-0.4305943855635394,0.6276545456726665,-1.3675907031481382,-0.37754810085715873,0.6347239395414679,-0.08582343411809802,0.0946508289242967,-0.8260538217535772,-0.29957850805317054,-0.3621480006741179,-0.17862862362471657,0.34042331427740374,-0.6263937386440771,0.09152043121401597,0.1429469169986828,0,50.37500000000001,8.791666666666666,Rupicapra_rupicapra,80
795,0.6442837374817693,0.5307406736382781,0.37240806189925524,0.23018212219688614,0.6187179643935478,-0.8249974614235867,-0.2905040251701812,-0.3770297297592647,0.23446868951875488,0.2764513303683222,0.38689744421050426,0.33837681582908974,0.09560290171738395,-0.20520372494305858,1.2913694323139284,1.090433949770229,0.8042060676235172,-0.13155620273499383,0.24409122854803653,-0.4591658226093373,1.473646796266983,-0.5556873901806492,0.40209986782093055,0.45919654200877497,0.4226877254989011,-0.4212668780913211,-0.6177762554578135,-0.38144687572893093,-0.7771021851814935,-0.5719691026560035,-0.20986132870387939,-0.833064280878946,-0.09317129079008268,0.3545097000677844,-0.009242617830975207,-0.31772740724686865,0.653901679396471,0.48551329153626493,-0.2136019657192177,-0.2678177079900062,1.001684666526797,0,39.37500000000001,-2.708333333333333,Rupicapra_rupicapra,212
796,0.904618516748366,0.44905618433665734,0.09827469306889156,-0.34994999464321436,-2.104046375248139,1.1309924950966874,-0.26618534438293834,0.11190439871657158,-0.5038547012322987,-0.6123117967225129,0.017529794419897392,-0.24739160338224891,-0.32893762702129203,-0.5901796644123934,-0.6527519207184752,0.5523595903866533,-0.11219512238420486,0.4306922544435489,-0.25957003432383813,-0.3347506757869602,-0.095113653891691,0.7545511921942173,0.010680253981117304,-0.1618891187376968,0.07952647153971128,0.719161662522618,0.36270020589314594,1.3529461923050647,-0.8361510369781581,0.48729014852390934,1.327473653944955,1.302666649933974,0.4269515022651218,-0.3155398663713668,-0.20279987797910543,-0.25811535546138265,-0.18830920854356759,0.1703178236980492,-0.387409028003369,0.1671705657832838,-0.0814959039007107,0,47.87500000000001,13.041666666666664,Rupicapra_rupicapra,110
797,-1.1150174201571692,0.9800053647971928,-0.08448088615135091,-0.12041305288043384,-0.5768730538767097,0.1427028118629099,-0.20017715574846845,-0.1488965288445055,-0.038031723616364504,-0.28154996230772383,0.09140332437801876,0.0753787500607336,0.09560290171738395,-0.5141135424243128,-0.5740148903161255,0.8636057260949181,0.2567938049678477,0.6946285335285456,-0.06303471091963107,-0.36368443086193164,-0.17767999337372647,0.10097292136779179,0.20639006090102394,0.16935656699375481,0.1971817586114335,0.13365428918059566,-0.19884540378967627,0.848395481604266,-1.2199685736564772,-0.1864791852962251,0.7865594933833281,0.15265768718855557,0.24394533433829058,-0.21981849973720233,-0.20279987797910543,-0.19254209849734805,0.18923360329162214,0.31040469829281175,-0.3077474577897996,0.30901456810066097,0.030725506548986058,0,44.70833333333334,19.041666666666668,Rupicapra_rupicapra,148
798,-1.6257964676102237,-0.08189299612387813,-0.17585867576147213,-0.39306375446867575,-1.3074909280512288,1.2339393607497962,-0.3148228384842949,0.20385630360139415,-0.12283642445929989,-0.3512511076156417,0.1144888024899317,0.13515103773536,-0.11666736265195404,-0.5423721904618892,-0.7913058672777464,0.3000650659971754,-0.23891255652882884,-0.12126290299824645,-0.07377779933722438,-0.036732998514754665,0.31771804351848637,0.38969841168311,0.14565253461553568,0.014085151807136884,0.21679097312338722,0.7919859626895362,0.22008544787846093,1.289877353467465,-1.0132975923681515,0.26605245682177564,1.0997203231821648,0.8945989534759223,0.29210485221377247,-0.9536823105991298,-0.39635713812723566,-0.3356110227825144,-0.08182277443620639,0.35042951960560104,-0.5684580512160267,-0.16379877295726294,-0.022945602796521084,0,45.87500000000001,9.124999999999998,Rupicapra_rupicapra,134
799,1.0209840388082547,-0.0410507514730677,0.09827469306889156,-0.545195276861304,-0.7815066170555287,0.3691858687448974,-0.31829703040166585,-0.16331167460056742,-0.5825301523697612,-0.6585178067859896,-0.08404630927251949,-0.3549817211965764,-0.32893762702129203,-0.688504335572564,-0.4849444604086347,0.3437936374107675,-0.38031919260920694,0.1648138684942472,-0.3474105807971011,-0.23637590853205742,-0.6730780302659393,-0.3030875399760674,-0.07705172843125463,-0.32751196160342255,0.030503435259827013,-0.06297132127008351,-0.3325467394284435,0.5330512874162667,-1.101870870063148,-0.28368968619564744,0.49237810781472396,0.0837631410333001,0.07057106998655575,-0.9217751883877416,-0.39635713812723566,-0.29445947735640476,-0.42064324659599206,0.19033023435444385,-0.5901839340015456,0.015870296644748143,0.0014503559968912518,0,50.04166666666667,12.20833333333333,Rupicapra_rupicapra,84
800,0.6564685247961702,-0.08189299612387813,0.281030272289134,-0.15967126950160612,-0.249080204987615,0.2868283900286577,-0.3877792784266359,-0.0736721026155041,-0.0034667744576325483,-0.2965489429436049,0.2206820018047312,0.08733320759565888,-0.11666736265195404,-0.41811148065279247,1.062871907781407,0.6157560627389111,0.17100994152138171,-0.9245305708204272,0.046923958766323985,-0.1886352126583546,-0.5905116907839039,0.32826859193025204,0.2333845170279076,0.11759942859821551,0.3099347420551673,0.19773967332748366,-0.10079775765458032,0.6591889650914664,-1.0428220182664836,-0.08256451192098047,0.8150286597286769,-0.26600917021645853,0.3691600808145435,-0.5069825996396957,-0.20279987797910543,-0.3813776947984682,0.13115009377851602,0.43047916223117966,-0.5250062856449887,-0.23944890752653075,0.8455505302489582,0,42.12500000000001,12.95833333333333,Rupicapra_rupicapra,179
801,1.5653245132409692,0.24484496108260523,1.6516971164409524,-0.28860402054194895,-0.39535539268502073,-0.14554834446858572,-0.08553147301264204,-0.27440177141448946,-0.4462799458022016,-0.5711381243887217,-0.06557792678298915,-0.1398014855679214,-0.32893762702129203,-0.6238577958855043,-0.6818598912850689,0.7951160496121894,0.057218795885544516,0.5656706818517085,-0.2481949995287393,-0.3318573002794631,0.6479834014466282,0.1884284975499778,0.05792055220316373,-0.027320558909294565,0.05011264977178072,-0.1605558834937539,-0.3325467394284435,0.34384477090346727,-0.8656754628764903,-0.3339709797643142,0.22666588859146866,-0.048726370803729685,-0.12206700151537182,-0.3155398663713668,-0.3479678230902031,-0.10985441376264166,-0.033419849841951295,0.12528989972116125,-0.20636000479071137,0.1577142989621253,-0.10101267093544056,0,48.20833333333334,19.791666666666668,Rupicapra_rupicapra,106
802,1.127014257253607,0.3265294503842261,1.6516971164409524,-0.1441346249625617,-0.3688287795252446,-0.0014227509625631685,-0.4850543991562198,-0.14166435148923615,-0.031601035400786466,-0.3180180720890817,0.2530016711614093,-0.0919836554282203,0.09560290171738395,-0.4361118695422782,-0.5153622918714869,0.6583663473333583,0.1792357750655887,-0.28187752626569884,0.05450731529638986,-0.2768831656370174,0.6479834014466282,0.8324403193350817,0.21313867493274485,0.024436579486244746,0.3099347420551673,0.014222436906849786,-0.36820042893211474,0.7222578039290662,-1.3085418513514737,-0.3607876696676031,0.710641716462398,-0.17061672169379707,0.17170605752506773,-0.1879113775258142,0.039146697206057346,-0.47252644494788876,0.06338599934655889,0.425476059567081,-0.5684580512160267,0.07260789757169901,0.12830934172263542,0,44.45833333333334,2.9583333333333326,Rupicapra_rupicapra,151
803,0.02477477314264446,0.08147598247936355,0.0068969034587703275,-0.3268655952987735,-0.02360420996713567,0.12211343259617825,-0.6413894572124024,-0.07603364446974006,-0.01873965896963039,-0.09267390985588816,0.266852958028557,-0.08002919789329502,0.09560290171738395,-0.5237911676838463,0.8308813468334657,0.4049989061384348,-0.1411814356613444,-1.776157395978108,0.11517416753691678,-0.21467559222582885,-0.8382107092300103,-0.46436740638409324,0.21988728896446577,-0.058374841946618156,0.36386008196304,-0.028015657189962774,-0.37711385130803254,0.7222578039290662,-1.2790174254531415,-0.327266807288492,0.6157444953112354,-0.37730036015956353,0.3210005629390616,-0.7303324551194128,-0.009242617830975207,-0.6142492906443506,-0.15926745378701454,0.5255381128490543,-0.8798623711417978,-0.8919313181864658,0.7626042703513563,0,47.45833333333334,-0.8750000000000003,Rupicapra_rupicapra,115
804,0.9294083926707725,0.24484496108260523,0.09827469306889156,-0.4582652717742302,-0.5450411469966607,-0.02201213022929481,-0.2383923391514537,-0.2533448431505758,-0.49993600060093085,-0.6079656868650571,-0.042492448671076224,-0.1995737732425478,-0.32893762702129203,-0.6778589440953562,-0.7549209040695044,0.5701171896991263,-0.19171181216107722,0.35184156000136557,-0.27473674738396986,-0.278329853390766,-0.5079453513018684,-0.5390887175145713,0.010680253981117304,-0.14118626337948106,0.06972186428373442,-0.20425046359390484,-0.3325467394284435,0.18617267380946764,-0.6590044815881647,-0.2903938586714697,0.10329950109495725,0.07316398008633772,-0.1750424711784019,-0.7303324551194128,-0.39635713812723566,-0.2260017662737176,-0.22703154821897167,0.19533333701854252,-0.4525866763599257,0.18608309942560075,-0.11565024621148796,0,51.04166666666667,17.708333333333332,Rupicapra_rupicapra,72
805,0.8584767557481686,-0.08189299612387813,0.281030272289134,-0.5099887409678997,-1.9907399650270285,0.986866901590665,-0.2766076550813097,-0.036871687108131886,-0.6811005451741684,-0.7834766345672733,-0.10251469176204984,-0.6418887020347831,-0.5412078913906301,-0.611470447366809,-0.7100946305073312,0.2006602061673509,-0.3893284602183054,0.15588005837983898,-0.5016054969084404,-0.1886352126583546,-0.5905116907839039,0.12117143653661781,-0.20527539503395206,-0.524189087506472,-0.06264033367195308,0.355040161688027,0.07747068986377594,0.6276545456726665,-0.6885289074864969,0.17889821463608663,0.5208472741600728,0.8151052463737045,0.02241155211107386,-0.34744698858275497,-0.25118919301613796,-0.2919596171202392,-0.5077685108656512,-0.014796974873601309,-0.3584411842893438,-0.16379877295726294,-0.24738842369591457,0,46.54166666666667,12.45833333333333,Rupicapra_rupicapra,126
806,-0.7515608889626955,1.3475855666544865,-1.1810143614728057,-0.518075549892222,-1.2536798542567846,1.1721712536301507,-0.5024249611624623,0.19519740438520913,-0.28923048203738166,-0.6315261771449487,0.04523236815419291,-0.27130051845209946,-0.32893762702129203,-0.6488260683167562,-0.012958768748844007,0.27994430510695506,-0.4038217662816444,-1.8977351267363123,-0.16288223856549833,-0.4475923205793487,-0.34281267233779744,-0.4713660359919396,0.03092609607628006,-0.27575482320788325,0.18247484772746822,0.5283619960852923,0.01507673323235124,1.5421527088178644,-1.3675907031481382,0.05487102383337532,1.5552269847077453,0.23745097476425464,0.8844669220821998,-1.0174965550219062,-0.25118919301613796,-0.48310277671628143,-0.410962661677141,0.35543262226969974,-0.8219266837137473,-1.2418131905693295,0.2795642862417919,0,49.70833333333334,5.458333333333332,Rupicapra_rupicapra,88
807,1.204690202527846,-0.36778870867955105,0.37240806189925524,-0.2972626895054943,-1.065341132115833,0.3691858687448974,-0.5024249611624623,-0.042234299547629375,-0.09389832748919871,-0.3577212561252375,0.22529909742711376,0.015606462386107205,-0.11666736265195404,-0.4243051549121401,-0.7025265514977312,0.20404979428959266,-0.1719306623654513,-0.1160190514740412,0.02417388917612639,-0.09315382091094893,-1.0033433881940812,2.826612624475314,0.16589837671069843,-0.04802341426751029,0.29522783117120205,0.14239320520062584,-0.2166722485415119,0.6907233845102664,-1.0723464441648158,-0.19318335777204731,0.6726828280019329,0.12615978482114962,0.07538702177410395,-0.7622395773308009,-0.20279987797910543,-0.4854103400112034,-0.12054511411161047,0.43047916223117966,-0.7132972697861527,-0.2678177079900062,0.055121465342398396,0,42.29166666666667,1.3749999999999998,Rupicapra_rupicapra,177
808,-0.43793165548771396,0.1631604717809844,1.9258304852713162,-0.31131259765660224,-0.30402815841320585,0.18388153971582372,-0.5336919595210118,-0.08680811583864616,-0.06696982058646568,-0.3421340801703023,0.19297942807043567,-0.10393811296314558,0.09560290171738395,-0.527081561748776,0.6013649367345418,0.42686333187613734,-0.13432642494973607,-1.7790705933178796,0.02417388917612639,-0.2725431023757717,1.0608150988568057,-0.5370697601424603,0.18614421880586118,-0.07907769730483388,0.3099347420551673,0.022961352926879973,-0.4305943855635394,0.9429987398606657,-1.5447372585381316,-0.38090018709506984,0.9004361587647233,-0.21301336548164662,0.2824729486386761,-0.6346110884852483,-0.05763193286800776,-0.5336768722633227,-0.1399062839493125,0.4504915728875743,-0.7567490353571905,-0.995950253219209,0.7430875033166263,0,46.87500000000001,1.6249999999999998,Rupicapra_rupicapra,122
809,-0.4515183688274929,-0.28610421937793024,-0.26723646537159335,-0.212129830623637,-0.7921173490544863,0.49272207531405093,-0.16891009112648364,-0.06368482437648812,0.12434315382698097,-0.19243837147101867,0.1514255674689924,0.48183030624819306,0.09560290171738395,-0.5185652411835676,-0.7734044720415771,0.7001392471070583,0.12224217959907789,0.16326012373350077,0.07662543850908196,-0.4403588818106059,-0.17767999337372647,-0.5240883237362843,0.32111649944027953,0.37638512057591206,0.28052092028723674,0.29241126354447733,-0.20775882616559407,1.226808514629865,-1.3675907031481382,-0.18312709905831395,1.0807408789519322,0.15265768718855557,0.2824729486386761,-0.8260538217535772,-0.4447464531642682,-0.1786967187278158,0.26667828264243026,0.425476059567081,-0.41637687171739424,0.14825803214096683,0.04048389006635099,0,45.45833333333334,11.45833333333333,Rupicapra_rupicapra,139
810,-1.4380403118320408,0.44905618433665734,-0.7241254134221995,-0.4259504431410645,-0.8220543842700847,0.225060298249287,-0.252288841767196,-0.1892884473199912,-0.5273669050205059,-0.6237489279263437,-0.03787535304869364,-0.24739160338224891,-0.32893762702129203,-0.6509551576873608,-0.7188270272292141,0.5529446395139245,-0.18015634648488907,0.3633002423953007,-0.2873756749340796,-0.3839380594144116,-0.5905116907839039,-0.3043518645961675,-0.016314202145766368,-0.1825919740959125,0.05991725702775757,-0.04840646123669987,-0.24341251566926533,0.46998244857866694,-0.7771021851814935,-0.1898312715341362,0.42595005300891015,0.23215139429077344,-0.030563917551956223,-0.6027039662738601,-0.29957850805317054,-0.2381164735720583,-0.22703154821897167,0.19033023435444385,-0.44534471543141946,0.14825803214096683,-0.11565024621148796,0,49.37500000000001,14.20833333333333,Rupicapra_rupicapra,92
811,1.4874297268796466,-0.3269464640287406,0.646541430729619,-0.2678885277279042,-0.46887187413156656,-0.08378023734894026,-0.08553147301264204,-0.2515736961437574,-0.3333074908483228,-0.5516950013422092,-0.03787535304869364,-0.008302452683743352,0.09560290171738395,-0.6060509639312744,-0.6610477156479545,0.7516854639675856,0.04605497252941753,0.559261892190083,-0.1976392893283002,-0.177061710628366,0.4002843830005218,-0.4233628467400542,0.09841223639348924,0.04513943484446047,0.07952647153971128,-0.11249184538358789,-0.24341251566926533,0.4069136097410671,-0.8066266110798258,-0.25687299629235855,0.33105283185774753,0.09436230198026248,-0.016116062189311654,-0.41126123300553125,-0.3479678230902031,-0.1065853657615021,-0.00437809508539824,0.16531472103395053,-0.2425698094332429,0.22390816671023467,-0.0814959039007107,0,47.20833333333334,22.95833333333333,Rupicapra_rupicapra,118
812,-0.30484019604643503,0.1631604717809844,2.4740972229320435,-0.4340046455731765,-0.8406230568494516,0.6162582818832045,-0.4398909644453634,-0.02206294478712489,-0.1610186357392945,-0.3794844829302414,0.10987170686754912,-0.03221136775359391,-0.11666736265195404,-0.5785665251761166,-0.3439163630003461,0.2637410488564041,-0.32097544437279085,0.22366058070490177,-0.07946531673477378,-0.30003016969699453,0.4002843830005218,-0.22980112576587558,0.118658078488652,-0.09978055266304961,0.22169327675137562,0.16569698125403967,-0.2879796275488544,1.1006708369546654,-1.3675907031481382,-0.2803375999577363,0.9004361587647233,0.08906272150678128,0.30655270757641706,-1.0174965550219062,-0.29957850805317054,-0.43002882093307454,-0.2367121331378227,0.3854512382542917,-0.7350231525716716,0.22390816671023467,0.17710125930946008,0,46.79166666666667,4.291666666666667,Rupicapra_rupicapra,123
813,1.5587200419738603,1.0208476094480032,2.382719433321922,-0.17024135696416912,-0.6636529141823496,0.08093470474326445,-0.19322890444059732,-0.17816962587605115,-0.18771269046750125,-0.32007675570577127,0.049849463776575495,-0.008302452683743352,0.09560290171738395,-0.5146941763128701,-0.5767801275330946,0.7254677574092496,0.15279536100600044,0.5835385984270367,-0.13254881244523484,-0.34343080230945167,0.4002843830005218,0.18841339295996362,0.1591497626789775,0.07619371788178406,0.1628656332155145,0.05354755899698562,-0.27015278279701876,0.7537922233478662,-1.1609197218598126,-0.20323961648578065,0.6726828280019329,0.06786439961285652,0.12354653964958584,-0.3155398663713668,-0.25118919301613796,-0.21023341709175034,0.0730665842654099,0.25036746632362783,-0.3077474577897996,0.23336443353139313,0.0014503559968912518,0,43.95833333333334,20.791666666666668,Rupicapra_rupicapra,157
814,1.5226544514598115,0.6532674075907094,-0.26723646537159335,-0.5342166609626997,-0.8675285576070707,0.5133114430755765,-0.44683908322636384,-0.08916962015744775,-0.38003045991463197,-0.6312974345208722,0.03138108128704515,-0.24739160338224891,-0.32893762702129203,-0.6826977567251229,-0.7576861690459975,0.3722596802035376,-0.360733789261227,0.18423523348381007,-0.19574345019578374,-0.3159437349882288,0.1525853645544154,-0.26664032079606503,0.017428868012838224,-0.25505196784966755,0.14325641870356082,0.017135408913526516,-0.3147198946766078,0.848395481604266,-1.2494929995548092,-0.270281341244003,0.710641716462398,0.10496146292722486,0.16689010573751956,-0.9217751883877416,-0.25118919301613796,-0.4167603319872728,-0.381920906920588,0.3154078009569104,-0.742265113500178,0.08206416439285749,-0.05709994510729836,0,51.95833333333334,10.124999999999998,Rupicapra_rupicapra,61
815,0.8443076512362053,0.612425162939899,0.281030272289134,-0.41039744549889323,-1.1964582138481061,1.069224387977042,-0.34261571118890877,0.07879386655083194,-0.5620323336826063,-0.6518842706877677,0.00829560317513222,-0.39084509380135224,-0.32893762702129203,-0.5733405986758381,-0.3754984844159571,0.35808127086067953,-0.2177604344758351,-1.8142232720985174,-0.29875070972917844,-0.39406487369065163,1.473646796266983,3.1624075390704616,-0.04330865827265004,-0.30680910624520685,0.07462416791172284,0.5662306321720898,-0.13645144715825158,1.8259624835870636,-1.5447372585381316,-0.04569156330395818,1.7545111491251868,0.3275438428134349,0.7640681273934951,-0.5069825996396957,-0.25118919301613796,-0.3529177474944297,-0.3044762275697798,0.1703178236980492,-0.4743125591454447,-1.4214822601713406,0.04048389006635099,0,45.95833333333334,6.624999999999999,Rupicapra_rupicapra,133
816,-0.8209479976353056,0.6532674075907094,0.1896524826790128,-0.2612392961680943,-0.29114381171036674,-0.14554834446858572,-0.10985028632675571,-0.2675139816696885,-0.32794858400200777,-0.45421796596784486,-0.033258257426311055,-0.08002919789329502,0.09560290171738395,-0.6178576785614125,-0.6734185809311376,0.8597053052258393,0.11538746773700796,0.6563687171378975,-0.19574345019578374,-0.40129831245939446,0.2351517040364509,-0.3639037651078954,0.10516085042521016,0.04513943484446047,0.09423338242367656,-0.1532734534770621,-0.38602727368395034,0.3753791903222672,-1.0428220182664836,-0.3708439283813365,0.312073387627515,-0.054025951277210875,-0.04501177291460079,-0.3793541107941431,-0.3479678230902031,-0.13273774977061853,0.03434424459000584,0.1853271316903452,-0.2425698094332429,0.35629590220645335,-0.061979136865980826,0,48.20833333333334,18.45833333333333,Rupicapra_rupicapra,106
817,-1.5904580760213796,0.4082139396858469,-0.5413698342019571,-0.5143016724895239,-0.4844088676945421,0.10152408400999609,-0.28008171447180985,-0.22111984695281095,-0.4136910935430483,-0.6011034081427586,-0.028641161803928467,-0.10393811296314558,-0.32893762702129203,-0.6900527541374009,-0.7678739420885909,0.47100499446384386,-0.28924703715614647,0.25512324533036573,-0.2267088226935527,-0.30726360846573736,0.1525853645544154,-0.46403952721381103,0.037674710108000976,-0.12048340802126532,0.1040379896796534,-0.17949020153715264,-0.40385411843578595,0.34384477090346727,-1.0132975923681515,-0.357435583429692,0.2930939433972825,-0.032827629383286115,-0.06427558006479354,-1.0494036772332942,-0.4447464531642682,-0.25984602793257416,-0.2463927180566737,0.27037987698002247,-0.5757000121445329,0.2049956330679177,-0.08637509565939316,0,51.29166666666667,14.374999999999998,Rupicapra_rupicapra,69
818,0.02477477314264446,0.1631604717809844,-1.3637699406930481,-0.6155266828465217,-0.5783888933849054,0.3074177539551146,-0.40167564851550747,-0.17447974253441859,-0.36676716547000227,-0.6228339574300373,0.026763985664662565,-0.11589257049807085,-0.32893762702129203,-0.7103757708741419,-0.5284609008340732,0.2638670766722356,-0.4813799456086726,0.06459955402494,-0.19574345019578374,0.0732152707701367,-2.1592721409425777,-0.5897619683284203,0.02417748204455914,-0.19294340177502037,0.14815872233154925,-0.15036048147038536,-0.46624807506721067,0.438448029159867,-1.2494929995548092,-0.3976606182846254,0.41646033089379386,-0.0964225950650604,0.02722750389862205,-1.208939288290235,-0.4447464531642682,-0.3715705507950495,-0.3625597370828859,0.3154078009569104,-0.7277811916431653,0.13880176531980837,0.05024227358371593,0,53.45833333333334,11.374999999999998,Rupicapra_rupicapra,43
819,0.5212518576861019,-0.8987378891400866,-0.3586142549817146,-0.016802782889913014,0.24848276574227038,0.225060298249287,-0.5163213975147692,-0.013453216989982234,0.308823522011376,0.3489954197183352,0.4469196873014779,0.4220580185735667,0.30787316608672194,-0.25785002998193485,1.1207967070275946,0.507248633864296,0.24895976316847107,-1.2741151406325588,0.34014707792887083,-0.3506642410781945,-0.26024633285576193,0.46003821777760534,0.449340166042977,0.3660336928968042,0.5109291908026927,0.27056397349440187,0.1398646464952006,0.09156941555306787,-0.5113823520965035,0.131969007305331,0.25513505493681743,-0.5786844181518488,0.7737000309685914,-0.4431683552169194,-0.05763193286800776,-0.5098320515491284,0.31508120723668537,0.6055877554746328,-0.6408776605010896,-0.28673024163232314,0.9626511324573374,0,41.208333333333336,14.124999999999998,Rupicapra_rupicapra,190
820,0.1333046782289074,1.3067433220036762,-0.906880992642442,-0.13861266066402758,-0.39611331243911857,0.32800713322184627,-0.5753812685779326,0.004848610390184797,0.05682092756341157,-0.026534613980020442,0.3084068186300003,-0.03221136775359391,0.09560290171738395,-0.4324343616068365,1.0358014862714273,0.6129683274527181,0.13458107934015753,-1.6891496897152616,0.14550759365718025,-0.3390907390482059,-0.5905116907839039,-0.3856859143644791,0.2738762012182331,0.06584229020267619,0.3785669928470053,0.2530861414543415,-0.18101855903784064,1.0060675786982656,-1.338066277249806,-0.14625415044129167,1.0807408789519322,-0.11762091695898517,0.5858779112542121,-0.2517256219485905,0.13592532728012247,-0.547522252032855,0.024663659671154817,0.5005225995285609,-0.7060553088576464,-0.8730187845441488,0.8211545714555458,0,45.12500000000001,0.2916666666666667,Rupicapra_rupicapra,143
821,0.7981282316614555,0.5307406736382781,-0.906880992642442,-0.5157067430758694,-0.416955599722367,0.019166597623618997,-0.10985028632675571,-0.26864556241004695,-0.4592418017367261,-0.5800590867277098,-0.09328050051728468,0.027560919921032483,-0.32893762702129203,-0.7185049775688384,-0.7872307414049947,0.5441232525293446,-0.2663321511009546,0.2778462068065729,-0.24629916039622285,-0.3694711818769259,-0.17767999337372647,-0.3417875539731999,0.044423324139721894,-0.03767198658840243,0.05011264977178072,-0.22027180963062684,-0.4127675408117038,0.2807759320658674,-1.0132975923681515,-0.3943085320467143,0.21717616647635238,-0.09112301459157922,-0.08835533900253449,-1.0494036772332942,-0.5899143982753658,-0.12581505988585243,-0.15926745378701454,0.19533333701854252,-0.4018929498603816,0.2806457676371855,-0.13028782148753537,0,52.37500000000001,14.95833333333333,Rupicapra_rupicapra,56
822,0.7812553468353087,0.8574786308447615,0.646541430729619,-0.6430710919266849,-0.8792760969579692,0.842741338765192,-0.6170706438982887,0.02747988737844433,-0.24702909062265077,-0.5415322933296624,0.13295718497946205,-0.22348268831239837,-0.11666736265195404,-0.6697297374006598,-0.5569866986647634,0.06887740014134618,-0.5810695769260011,-0.3543192828730009,-0.07440974571472987,-0.1683815841058746,1.473646796266983,-0.6182522932150377,0.05792055220316373,-0.28610625088699115,0.24130249126332934,0.10598105511716673,-0.3503735841802791,0.7853266427666662,-1.2494929995548092,-0.2803375999577363,0.6821725501170492,0.03076733629848818,0.2824729486386761,-1.2727535327130113,-0.29957850805317054,-0.5667519461572054,-0.46904617119024716,0.41546985423888366,-0.9522819804268607,0.034782830287065095,0.10391338292922307,0,52.62500000000001,5.708333333333332,Rupicapra_rupicapra,53
823,0.5905507452225232,0.6532674075907094,-0.26723646537159335,-0.46138572305015796,-0.5511043604710314,0.3074177539551146,-0.3634604651125222,-0.13935205612491128,-0.3185035106853775,-0.6015608933909119,0.026763985664662565,-0.15175594310284668,-0.32893762702129203,-0.6614069922293127,-0.41217453399215076,0.4912346993993052,-0.24302562272570152,0.29610218913894804,-0.17868089800313552,-0.3159437349882288,0.1525853645544154,-0.02942351724438503,0.06466916623488465,-0.14118626337948106,0.1579633295875261,-0.025102685183286046,-0.4127675408117038,0.6591889650914664,-1.3675907031481382,-0.357435583429692,0.6726828280019329,-0.06462511222417326,0.11873058786203765,-0.8898680661763535,-0.3479678230902031,-0.35964814043795235,-0.2367121331378227,0.3154078009569104,-0.6336356995725834,0.044239097108223574,0.11855095820527047,0,50.54166666666667,8.958333333333332,Rupicapra_rupicapra,78
824,-1.3094380737852371,0.48989842898746777,0.1896524826790128,-0.25655054241668274,-1.1775106536708964,0.5750795463601533,-0.14111721842186978,-0.08046151198678603,-0.22050250173339137,-0.44271547972856357,0.022146890042279977,0.06342429252580832,0.09560290171738395,-0.5654049489163976,-0.6237894933358575,0.6931531051827982,0.04448810439963453,0.586063174360052,-0.14961136463788305,-0.37381124513817166,0.2351517040364509,0.3070590083759681,0.13215530655209384,0.08654514556089192,0.13345181144758397,0.3026066655678459,-0.12753802478233375,0.7853266427666662,-1.0723464441648158,-0.0490436495418693,0.7011519943472817,0.45473377417698346,0.16689010573751956,-0.5069825996396957,-0.3479678230902031,-0.16369755731082256,0.03434424459000584,0.23035505566723316,-0.3077474577897996,0.39412096949108727,-0.03270398631388602,0,46.04166666666667,16.208333333333332,Rupicapra_rupicapra,132
825,0.5880426314880064,0.04063373782855314,0.09827469306889156,-0.38337583714857243,-0.9622664307723259,0.5750795463601533,-0.4225204024391209,-0.03967599694635526,-0.21929674769297047,-0.41330571377585557,0.10063751562278393,-0.1398014855679214,-0.32893762702129203,-0.5561144375273761,-0.6272824464727059,0.3549840672711669,-0.2075759410570148,0.2739618449047068,-0.12243767040514703,0.335065754198628,-1.0033433881940812,-0.11874239721596457,0.07816639429832649,-0.14118626337948106,0.1971817586114335,0.18463129929743838,-0.20775882616559407,0.9429987398606657,-1.2199685736564772,-0.2099437889616029,0.8624772703042581,0.18445517002944273,0.1861539128877123,-0.7622395773308009,-0.25118919301613796,-0.41926019222343835,-0.20767037838126964,0.34042331427740374,-0.648119621429596,0.015870296644748143,0.016087931272938654,0,46.04166666666667,4.374999999999999,Rupicapra_rupicapra,132
826,-0.4723232828609128,0.4082139396858469,-0.08448088615135091,-0.5457997433927373,-0.3820921583843387,0.8221519594984603,-0.8011985746590852,0.18550530480218477,-0.06656790257299205,-0.017254198946054813,0.2714700536509396,-0.11589257049807085,-0.11666736265195404,-0.5605661362866309,0.5028345052233847,-0.0860600763946628,-0.8971779750084156,-1.810727420473466,0.13034088059704851,-0.3535576165856916,-0.012547314409655536,-0.38369895641849266,0.18614421880586118,-0.2136462571332361,0.3883716001029821,0.19482670132080693,-0.14536486953416938,0.8168610621854661,-1.0428220182664836,-0.08256451192098047,0.7486006049228631,-0.19711462406120303,0.6773809952176276,-1.3365677771357876,-0.05763193286800776,-0.7567413241057865,-0.4593655862713961,0.5755691394900408,-1.1767827692105561,-0.8446499840806734,0.6747788186950718,0,48.12500000000001,-2.708333333333333,Rupicapra_rupicapra,107
827,-0.2643784278100893,-0.8578956444892761,0.37240806189925524,-0.23987027751323572,0.5762756146313651,0.019166597623618997,-0.5093732124703335,-0.11681915951017083,0.12755849793477,0.17214469378938455,0.3176410098747655,0.3622857308989403,-0.11666736265195404,-0.3813365120500078,0.9250456493824912,0.3294200249842771,-0.26339431071380376,-1.4178331971033473,0.21881337344781696,-0.19586865142709745,-0.012547314409655536,1.6956039332770132,0.32111649944027953,0.231465133068402,0.432492332754878,-0.03675457320999296,-0.0829709129027447,-0.349912456310131,-0.3342357967065101,-0.15966249539293614,-0.19088188447364687,-0.7429714128297658,0.6244055255545975,-1.1132179216560705,-0.3479678230902031,-0.47502630518405425,0.13115009377851602,0.6005846528105342,-0.7712329572142032,-0.46639931123433426,0.8894632560771004,0,39.79166666666667,9.374999999999998,Rupicapra_rupicapra,207
828,0.6648368920937068,0.44905618433665734,0.9206747995599827,0.1618439002263205,0.5819596513910689,-0.7632294156650402,-0.26271115246556737,-0.36443492119678067,0.19909990433307567,0.09963328195709678,0.34072648798667843,0.350331273364015,0.09560290171738395,-0.2595920054820277,1.4715478411855238,1.0725844901831054,0.7209681033946026,-1.275474630254898,0.2112300169177511,-0.1727216473671203,1.3910804567849475,-0.512899178024351,0.3751054116940469,0.43849368665055927,0.39327390373097054,-0.39359364402789215,-0.5999494107059778,-0.349912456310131,-0.7475777592831614,-0.558560757704359,-0.21935105081899564,-0.8436634418259084,-0.025747965764408035,0.16306696679945545,-0.10602124790504032,-0.2911904293552652,0.615179339721067,0.4805101888721663,-0.2353278485047366,-0.560961979445919,0.9968054747681147,0,39.87500000000001,-3.3750000000000004,Rupicapra_rupicapra,206
829,-1.5921581927789095,0.24484496108260523,0.09827469306889156,-0.18357242657599918,0.7062558890116974,-0.08378023734894026,-0.5302178338670762,-0.09891092869494886,0.34821148733179147,0.38742418056320693,0.4192171135671824,0.6970105418768481,0.30787316608672194,-0.10533063521805118,0.8755619661735673,0.14562637955004626,-0.332726656496625,-1.3133462327152434,0.3932305736393319,-0.24939609831579457,1.0608150988568057,1.1224910222033033,0.47633462216986067,0.43849368665055927,0.5501476198266002,-0.05423240525005333,-0.17210513666192284,-0.25530919805373126,-0.24566251901151342,-0.13284580548964722,-0.24782021716434444,-0.6634777057275478,0.4606631647779591,-1.2727535327130113,-0.3479678230902031,-0.5082936760191803,0.2279559429670262,0.720659116748902,-0.8726204102132914,-0.21108010706305533,0.9870470912507497,0,38.04166666666667,15.124999999999998,Rupicapra_rupicapra,228
830,-1.6032124904238019,0.5307406736382781,-0.906880992642442,-0.9475628807276307,-2.104046375248139,1.9957459947717238,-0.5406401445654475,0.8215920364947707,-0.9632469906326548,-0.9612423309925304,-0.22717627356637965,-0.9048867678031393,-1.390288948867982,-0.7001174932674461,-0.8374420017361781,-0.7329227666512513,-1.2271921409616926,-0.6749660603391955,-0.6633837695498455,-0.37381124513817166,-1.7464404435324004,3.343069392337647,-0.4482255001759051,-1.0314090437827572,-0.13617488809177947,1.4838168142752592,0.6033626100429269,2.929667163245061,-1.3085418513514737,0.7487528750809764,2.731952526982162,1.716033926865507,1.1589761739724465,-1.6556389992496692,-0.5415250832383333,-0.5246389160248781,-1.2338123797794776,0.015221641110990667,-0.9450400194983545,-0.6271558471940284,-0.3596098341456113,0,46.62500000000001,8.541666666666666,Rupicapra_rupicapra,125
831,1.0893751703552934,0.7757941415431406,-0.26723646537159335,-0.48139873042805165,-0.7599064100181824,0.24564966217574388,-0.252288841767196,-0.19032164768683058,-0.54665896966724,-0.6358722870024045,-0.07019502240537175,-0.2593460609171742,-0.32893762702129203,-0.6706975036183341,-0.4402637300304374,0.46097906162172764,-0.27357880413262403,0.2706602484180625,-0.32023688656436505,-0.3304106125257145,-0.34281267233779744,-0.20627686161957187,-0.04330865827265004,-0.22399768481234394,0.04030804251580387,-0.07316672329345206,-0.2879796275488544,0.46998244857866694,-0.9247243146731547,-0.24681673757862518,0.41646033089379386,0.1420585262415932,0.007963696748429292,-0.7622395773308009,-0.3479678230902031,-0.2425393032206589,-0.3044762275697798,0.18032402902624653,-0.48879648100245726,0.11043296485633292,0.020967123031621123,0,49.62500000000001,13.374999999999998,Rupicapra_rupicapra,89
832,0.7321809572601871,0.20400271643179482,3.2964973294231346,-0.456549891084648,-0.6894214630296159,0.2868283900286577,-0.32177108979216607,-0.15814586044354245,-0.45488768992409506,-0.6244351557985736,-0.010172779314398124,-0.21152823077747307,-0.32893762702129203,-0.6523100193169418,-0.41639520304887834,0.47901196169633925,-0.24126285872350334,0.3027055302854924,-0.24440332126370637,-0.217568967733326,-0.4253790118198329,0.24125973595428896,0.003931639949396387,-0.19294340177502037,0.1040379896796534,-0.035298087206654595,-0.3414601618043613,0.6276545456726665,-1.1313952959614804,-0.270281341244003,0.5777856068507703,0.10496146292722486,0.08501892534920032,-0.7622395773308009,-0.29957850805317054,-0.3138814684219986,-0.26575388789437576,0.2553705689877265,-0.5684580512160267,0.13880176531980837,0.06975904061844579,0,49.54166666666667,11.374999999999998,Rupicapra_rupicapra,90
833,-0.5286815781251356,0.04063373782855314,1.103430378780225,-0.037518375418001196,0.9578794650356981,-0.6191038528395671,-0.55801070657169,-0.25983903633043176,0.4358296142690422,0.47290856693241146,0.502324834770069,0.7209194569466986,0.732413694825398,-0.18391297890585367,1.0042193648558164,0.22168696702249333,-0.1529327972099477,-1.2008965857315115,0.4715919244500125,-0.3810446839069145,0.1525853645544154,0.034338279029990815,0.5370721484553489,0.5006022527252064,0.6040729597344728,-0.34552960591772613,-0.2879796275488544,-0.4760501339853307,0.02005731407347666,-0.3339709797643142,-0.4565941036969022,-0.833064280878946,0.0946508289242967,-0.9536823105991298,-0.20279987797910543,-0.5386765927356538,0.3344423770743874,0.7406715274052966,-0.8219266837137473,-0.10706117203031207,1.0163222418028446,0,37.458333333333336,14.541666666666664,Rupicapra_rupicapra,235
834,1.4457287808631907,0.1631604717809844,-1.272392151082927,-0.5592942443217925,-0.6731266942709545,0.6986157605994442,-0.5892777711936749,0.007308532617939842,-0.20764112530223527,-0.42212864356166796,0.13295718497946205,-0.17566485817269725,-0.11666736265195404,-0.6546326471641972,-0.46224027889888236,0.21440844056550407,-0.45964013593843334,0.08615728101721525,-0.05671524714457619,0.20486385636125665,-1.2510424066401875,-0.5969027195085327,0.09166362236176832,-0.22399768481234394,0.24130249126332934,0.09141619508378308,-0.40385411843578595,0.8168610621854661,-1.3971151290464705,-0.34737932471595867,0.8150286597286769,-0.01692888796284254,0.2824729486386761,-1.1451250438674587,-0.20279987797910543,-0.5388688896768974,-0.410962661677141,0.425476059567081,-0.9233141367128356,0.11043296485633292,0.1429469169986828,0,51.54166666666667,5.541666666666668,Rupicapra_rupicapra,66
835,-1.426247499584494,0.36737169503503647,-0.17585867576147213,-0.5467962855430416,-0.4836510924988563,0.08093470474326445,-0.10985028632675571,-0.26180698161972266,-0.47069646512072444,-0.5866926228259317,-0.10251469176204984,0.027560919921032483,-0.32893762702129203,-0.7303116737403712,-0.801202581711912,0.5060384867705006,-0.316274989408211,0.22832166681388524,-0.2614658734563546,-0.3550043043394402,-0.34281267233779744,-0.5165981786387468,0.03092609607628006,-0.058374841946618156,0.03540573888781544,-0.2100764076072583,-0.4127675408117038,0.24924151264706748,-1.0428220182664836,-0.3943085320467143,0.21717616647635238,-0.09112301459157922,-0.08835533900253449,-1.1132179216560705,-0.5899143982753658,-0.12235371494346936,-0.19798979346241863,0.1853271316903452,-0.41637687171739424,0.2617332339948686,-0.1400462050049003,0,53.12500000000001,15.291666666666664,Rupicapra_rupicapra,47
836,0.38263222483921866,0.44905618433665734,0.09827469306889156,-0.572135219410034,-0.44158748577610457,0.8839200666181058,-0.8011985746590852,0.20297076763341934,-0.09912326166435588,-0.24678108344807795,0.25761876678379186,-0.1398014855679214,-0.11666736265195404,-0.5710179523699773,0.4692148347511597,-0.12639905968601314,-0.935565347639484,-1.818884395250815,0.10759081100685092,-0.34777086557069736,0.07001902507237993,-0.4152190270310151,0.16589837671069843,-0.24470054017055967,0.37366468921901685,0.21376101936420566,-0.12753802478233375,0.8168610621854661,-1.0428220182664836,-0.06580408073142488,0.7486006049228631,-0.20241420453468423,0.7062767059429168,-1.4003820215585638,-0.10602124790504032,-0.7548183546933515,-0.4980879259468002,0.5605598314977449,-1.1840247301390625,-0.8730187845441488,0.6601412434190245,0,48.29166666666667,-2.708333333333333,Rupicapra_rupicapra,105
837,0.02477477314264446,0.3265294503842261,2.2913416437118013,-0.6393626269364941,-0.9543084179127106,0.842741338765192,-0.5510625215272543,0.006521339488049724,-0.2530578608247552,-0.5331668487920032,0.09140332437801876,-0.16371040063777198,-0.11666736265195404,-0.6958593329848419,-0.5206017354565214,0.11855980563663186,-0.5816571151184775,-0.03483773989073816,-0.10979874285503725,0.510114972402205,0.8956824198927347,-0.6171209402242971,0.05792055220316373,-0.24470054017055967,0.21188866949539878,0.10306808311049,-0.3147198946766078,0.7222578039290662,-1.2494929995548092,-0.2736334274819141,0.6631931058868167,0.09966188245374367,0.2343134307631942,-1.3046606549243995,-0.3479678230902031,-0.5015632830756577,-0.44968500135254513,0.3904543409183904,-0.9015882539273167,0.09152043121401597,0.0990341911705406,0,53.20833333333334,7.124999999999999,Rupicapra_rupicapra,46
838,1.535527363636486,0.20400271643179482,-0.26723646537159335,-0.5113610056339482,-0.4127871133540349,-0.042601478815476976,-0.14111721842186978,-0.28360189405904973,-0.5089791559040875,-0.608651914737287,-0.10713178738443242,-0.15175594310284668,-0.32893762702129203,-0.7194727437865128,-0.7962542244948292,0.5899111184536235,-0.23342866749935753,0.31047410591596875,-0.3164452082993321,0.01968782388143959,0.2351517040364509,-0.6003839679901704,-0.016314202145766368,-0.1308348357003732,0.015796524375861733,-0.25085801570073246,-0.37711385130803254,0.12310383497186779,-0.7771021851814935,-0.3641397559055143,0.08432005686472473,-0.043426790330248495,-0.16541056760330552,-0.8898680661763535,-0.49313576820130073,-0.1410065182440892,-0.21735096330012066,0.15030541304165454,-0.3801670670748627,0.19553936624675922,-0.16444216379831264,0,52.54166666666667,17.541666666666668,Rupicapra_rupicapra,54
839,1.5761638623918206,-1.4296870696006219,-0.7241254134221995,-0.3188440990729153,-0.24983812474171282,0.019166597623618997,-0.5232695825592051,-0.14412427371699119,-0.0657640665460448,-0.33889900591550437,0.19759652369281827,-0.08002919789329502,0.09560290171738395,-0.5510820679623535,-0.27915111738586584,0.5012320659364996,-0.09417658716600794,-1.6118526289038828,0.0292294601961703,0.7748588313381934,-1.8290067830144359,-0.5105950921674254,0.18614421880586118,-0.04802341426751029,0.30013013479919043,-0.08627509732349734,-0.47516149744312847,0.848395481604266,-1.5447372585381316,-0.46470234304284774,0.710641716462398,-0.2925070725838645,0.16207415394997135,-0.6665182106966364,-0.10602124790504032,-0.5075244882542064,-0.11086452919275945,0.45549467555167295,-0.742265113500178,-0.7406310490479301,0.23077236865496722,0,47.70833333333334,1.875,Rupicapra_rupicapra,112
840,-0.6543359299490212,0.44905618433665734,0.9206747995599827,-0.030133952215786523,0.27993564046606445,-0.6396932014257493,-0.36693452450302244,-0.3317671570150284,-0.028787609306471076,-0.31213611889854015,0.23915038429426153,-0.03221136775359391,-0.11666736265195404,-0.3507552177065708,0.9947591411759585,0.7559241995067187,0.3793986211899066,0.20171449160906785,0.025437781931137368,-0.1727216473671203,1.3910804567849475,-0.28664611548349234,0.21313867493274485,0.11759942859821551,0.30013013479919043,-0.3586379799477714,-0.5108151869467997,0.06003499613426795,-1.0428220182664836,-0.5418003265148035,0.12227894532518978,-0.6051823205192548,-0.09798724257763088,0.06734560016529101,-0.009242617830975207,-0.3802239131510072,0.2279559429670262,0.380448135590193,-0.3801670670748627,-0.1732550397784214,0.8406713384902758,0,41.29166666666667,-2.291666666666667,Rupicapra_rupicapra,189
841,0.030638713559116966,-0.16357748542549896,-0.6327476238120783,-0.5441333222984923,-1.871370341331547,1.028045629443579,-0.2071254070563396,-0.02590041745675326,-0.6193056506025981,-0.6784184150806554,-0.15330274360825827,-0.45061738147597863,-0.32893762702129203,-0.6865688031372151,-0.7723856975132701,0.32488330367615564,-0.3750311994521508,0.17005757184519663,-0.46116092874808906,-0.16114814533713173,-0.8382107092300103,0.5237557176895561,-0.1445378687484638,-0.3792690999989619,-0.05283572641597623,0.3535836756846886,0.17551833599887187,0.848395481604266,-0.6885289074864969,0.1923065595877311,0.7011519943472817,0.8363035682676293,0.17170605752506773,-0.7303324551194128,-0.39635713812723566,-0.21215638650418536,-0.44968500135254513,0.050243359759681305,-0.4091349107888879,-0.03141103746104425,-0.23275084841986718,0,49.45833333333334,18.541666666666668,Rupicapra_rupicapra,91
842,0.2373779675309172,0.3265294503842261,0.1896524826790128,-0.4453262777812711,-1.266185241082575,0.9662775530044829,-0.30092646839542336,0.028316251927376794,-0.5969992008548118,-0.6704124232379738,-0.08866340489490208,-0.4267084664061281,-0.32893762702129203,-0.589405455129975,-0.6805500303888102,0.2481169604350521,-0.3096158745690179,0.1269421178606461,-0.379639846049881,-0.34777086557069736,0.31771804351848637,0.8661421814523487,-0.09729757052641738,-0.368917672319854,0.02069882800385016,0.4278644618549452,-0.09188433527866252,1.4160150311426647,-1.338066277249806,-0.022226959638580367,1.2230867106786762,0.385839228021728,0.44139935762776633,-0.6984253329080246,-0.3479678230902031,-0.3088817479496675,-0.391601491839439,0.14029920771345722,-0.4960384419309636,-0.19216757342073837,-0.15956297203963019,0,43.95833333333334,18.95833333333333,Rupicapra_rupicapra,157
843,-0.9166572648599195,0.24484496108260523,0.09827469306889156,-0.19683828320340868,-0.1092472629208348,0.225060298249287,-0.4155721511312498,-0.08380700771795026,0.066065041873305,-0.013953769655806475,0.25761876678379186,0.1949233254099864,0.09560290171738395,-0.44249910073688176,1.0385667790074444,0.6076171863925122,0.13830235379219985,-1.4790105264551217,0.11770195304693874,-0.24939609831579457,1.0608150988568057,1.0069200908696183,0.28062481524995403,0.1797079946728627,0.3540554747070631,0.13802374719061075,-0.13645144715825158,0.5015168679974669,-1.0428220182664836,-0.13954997796546945,0.5872753289658866,-0.3931991015800071,0.39323983975228444,-0.6984253329080246,-0.25118919301613796,-0.4115683145736982,0.16987243345392009,0.4955194968644623,-0.5901839340015456,-0.5987870467305529,0.8748256808010529,0,43.45833333333334,11.541666666666664,Rupicapra_rupicapra,163
844,0.2156221086533835,0.08147598247936355,0.0068969034587703275,-0.5221598371122004,-0.2953122980786988,-0.02201213022929481,-0.40167564851550747,-0.22987716407794942,-0.2647134832154904,-0.6095668852335935,0.04523236815419291,-0.11589257049807085,-0.32893762702129203,-0.6826977567251229,-0.7560852217817872,0.41938960233551575,-0.3337059864339316,0.21103666382703473,-0.16541002407552027,-0.24071597179330315,-0.095113653891691,-0.17811576225634593,0.05117193817144281,-0.1515376910585889,0.1628656332155145,-0.25085801570073246,-0.448421230315375,0.31231035148466735,-1.101870870063148,-0.43788565313955885,0.2930939433972825,-0.1600175607468347,-0.11725104972782363,-0.9855894328105179,-0.3479678230902031,-0.367916908911423,-0.2851150577320778,0.33542021161330504,-0.6988133479291401,0.17662683260444226,-0.04246236983125096,0,52.04166666666667,11.124999999999998,Rupicapra_rupicapra,60
845,1.2524626061408246,0.28568720573341566,1.0120525891701038,-0.4352135786360431,-0.7625590568783188,0.3691858687448974,-0.45726152645160595,-0.08798886799804696,-0.23215812412412656,-0.5159131194330812,0.059083655021340664,-0.22348268831239837,-0.32893762702129203,-0.6141801706259709,-0.36094449913266036,0.34672448428338254,-0.3086366940564804,0.2358959873059543,-0.14771552550536657,-0.24794941056204597,0.31771804351848637,-0.47745210966344914,0.07141778026660557,-0.20329482945412822,0.19227945498344506,0.025874324933556698,-0.3414601618043613,0.6591889650914664,-1.2494929995548092,-0.30380220362311416,0.6537033837717005,0.051965658192412945,0.25839318970093517,-0.8260538217535772,-0.20279987797910543,-0.4469509517625028,-0.32383739740748185,0.34042331427740374,-0.7350231525716716,0.12934549849864987,0.1429469169986828,0,48.62500000000001,5.374999999999999,Rupicapra_rupicapra,101
846,0.6765363314857312,-0.00020850682225728276,-0.906880992642442,-0.964880268511743,-2.104046375248139,1.872209780532433,-0.5997000818920463,0.5307307812368235,-0.9817352192524417,-0.9710455863100997,-0.22717627356637965,-1.0602947157571678,-1.390288948867982,-0.7003110317440967,-0.8402072667126712,-0.7831213260678203,-1.440085379722382,-0.7122550455575748,-0.6987727666901528,-0.0598800025747318,0.7305497409286638,1.8070961557341192,-0.4954657983979516,-1.1349233205738358,-0.16558870985971003,0.9259826749966658,0.42509416252457066,1.8574969030058637,-1.0428220182664836,0.5208110109030205,1.6691036500891405,1.2337721037787186,0.6292214773421457,-1.5599176326155046,-0.4447464531642682,-0.5461761734441505,-1.3402988138868388,-0.01980007753769997,-0.9740078632123796,-0.7217185154056132,-0.38888498469770616,0,46.95833333333334,9.874999999999998,Rupicapra_rupicapra,121
847,-0.7463189733930236,0.20400271643179482,-0.26723646537159335,-0.5921809329941814,-0.8076543426174619,0.3691858687448974,0.036062461031055544,-0.24626025512330227,-0.5397258839348199,-0.6200890459411179,-0.2410275604335274,-0.11589257049807085,-0.32893762702129203,-0.7620542912367385,-0.8422448157692851,0.49436074935555263,-0.36210476151859483,0.18287574386147093,-0.3840634706924194,0.01968782388143959,0.2351517040364509,-0.5583346750187134,-0.08380034246297555,-0.1618891187376968,-0.1018587626958605,-0.1081223873735728,-0.3236333170525256,0.24924151264706748,-0.8361510369781581,-0.25687299629235855,0.22666588859146866,0.12615978482114962,-0.07872343542743812,-1.1132179216560705,-0.686693028349431,0.019946021576723018,-0.2851150577320778,0.02022474377508933,-0.2425698094332429,0.1671705657832838,-0.2766635742480094,0,53.45833333333334,20.20833333333333,Rupicapra_rupicapra,43
848,0.31076254705958534,-0.16357748542549896,-0.6327476238120783,-0.4193012115812546,-1.0437409250784868,0.38977523267135433,-0.15501372103761207,-0.17713646304464614,-0.5635395262331324,-0.6429633083487797,-0.11636597862919759,-0.39084509380135224,-0.32893762702129203,-0.6484389729048495,-0.7243575294226764,0.5286714021229623,-0.17643522145761595,0.321932640136648,-0.40997327217014445,-0.16114814533713173,-0.8382107092300103,1.1723349170561541,-0.08380034246297555,-0.2654033955287754,-0.028324208276034102,0.055004045000323985,-0.12753802478233375,0.5645857068350667,-0.8361510369781581,-0.13954997796546945,0.44492949723914266,0.274548038078623,-0.011300110401763465,-0.3793541107941431,-0.29957850805317054,-0.16388985425206606,-0.2947956426509288,0.04023715443148398,-0.2787796140757744,-0.059779837924519685,-0.19371731435040745,0,48.54166666666667,19.70833333333333,Rupicapra_rupicapra,102
849,0.8446802867816002,0.24484496108260523,0.1896524826790128,-0.4894529328601636,-1.2010056600934873,0.6574370174062557,-0.24186653106882464,-0.10073124712080958,-0.5611280181522906,-0.6452507345895458,-0.08866340489490208,-0.29520943352195,-0.32893762702129203,-0.6656651340533115,-0.43385999649264406,0.405475011220465,-0.3084407981840652,0.23609024244436155,-0.351202259062134,0.028367950403931017,-1.0033433881940812,0.4217646736620006,-0.0635545003678128,-0.2654033955287754,0.02069882800385016,0.14239320520062584,-0.17210513666192284,0.8168610621854661,-1.0723464441648158,-0.11273328806218051,0.7201314385775143,0.35404174518084086,0.2343134307631942,-0.7622395773308009,-0.39635713812723566,-0.24119322463195436,-0.3431985672451839,0.15030541304165454,-0.4743125591454447,0.07260789757169901,0.011208739514256187,0,49.04166666666667,12.70833333333333,Rupicapra_rupicapra,96
850,1.7141082743635148,0.3265294503842261,1.6516971164409524,-0.2682806033467752,-0.5556517344372064,0.225060298249287,-0.5058990205529625,-0.09512262744436284,-0.18995673270939567,-0.4094824442020035,0.1837452368256705,-0.24739160338224891,-0.11666736265195404,-0.4752094844509235,-0.5709585112121568,0.4501846391648522,-0.026410960088200507,-0.41452548470599465,-0.05671524714457619,-0.2768831656370174,0.6479834014466282,-0.31740860873157223,0.09841223639348924,-0.1515376910585889,0.24620479489131777,0.07976430705707617,-0.3325467394284435,0.7853266427666662,-1.3085418513514737,-0.3105063760989364,0.7960492154984443,-0.1017221755385416,0.1909698646752605,-0.34744698858275497,-0.009242617830975207,-0.49117924824850856,-0.1302256990304615,0.36543882759789703,-0.6263937386440771,-0.07869237156683664,0.04536308182503346,0,44.37500000000001,3.3749999999999987,Rupicapra_rupicapra,152
851,-0.6518080652138651,0.1631604717809844,-1.3637699406930481,-0.7711216728245681,-1.093762472381648,1.1515818436828698,-0.5302178338670762,0.040665072020628745,-0.5188596404019807,-0.67201362160651,0.03138108128704515,-0.28325497598702476,-0.32893762702129203,-0.5948249201069041,-0.61374726347724,-0.06882437227063874,-0.7671309087318104,-1.5508695546905158,-0.24124358937617893,0.0732152707701367,-2.1592721409425777,-0.49613074502762794,-0.05005727230437096,-0.38962052767806976,0.13835411507557238,0.19045724331079184,-0.18993198141375844,0.8168610621854661,-1.101870870063148,-0.12278954677591386,0.7201314385775143,0.020168175351525798,0.1909698646752605,-1.432289143769952,-0.49313576820130073,-0.48444885530498594,-0.6142549449730125,0.2753829796441211,-0.8581364883562788,-0.6555246476575038,0.0014503559968912518,0,55.62500000000001,9.208333333333332,Rupicapra_rupicapra,17
852,0.39248481399813034,0.612425162939899,-0.44999204459183584,-0.8221263034789597,-0.9042868706095496,0.9456881737377513,-0.3877792784266359,-0.12306734545307751,-0.5141705969114552,-0.6667525412527479,0.049849463776575495,-0.0919836554282203,-0.32893762702129203,-0.5667598105459785,-0.608944421684609,-0.2610667824473077,-0.9146089720341362,-1.5887412312374891,-0.29685487059666193,0.22656417266748521,-0.4253790118198329,-0.5413361611589438,-0.056805886336091876,-0.3482148169616383,0.09913568605166498,-0.02655917118662441,-0.37711385130803254,0.5645857068350667,-1.1609197218598126,-0.3138584623368475,0.45441921935425894,-0.12822007790594755,0.04649131104881481,-1.3684748993471758,-0.5899143982753658,-0.40156887362903604,-0.6142549449730125,0.15030541304165454,-0.6770874651436212,-0.6744371812998208,-0.01806641103783862,0,56.29166666666667,9.791666666666666,Rupicapra_rupicapra,9
853,1.3805675962873667,-1.8789517607595365,0.09827469306889156,-0.23848165974406046,-0.48061941348246495,0.4103646042679486,-0.5614848322256256,-0.0045483105368479765,-0.03762980560289088,-0.32831149017252953,0.23915038429426153,-0.12784702803299614,0.09560290171738395,-0.49282275946989734,0.9326137839111391,0.5319579274980352,-0.00427935867313091,-1.745277422681238,0.06209067182645572,2.3155812890804213,-0.5905116907839039,-0.5075114470718591,0.20639006090102394,-0.04802341426751029,0.329543956567121,0.21376101936420566,-0.30580647230069,1.0691364175358655,-1.456163980843135,-0.22000004767533624,1.0522717126065835,-0.13351965837942875,0.508822682653441,-0.41126123300553125,0.039146697206057346,-0.547137658150368,-0.08182277443620639,0.46049777821577165,-0.7277811916431653,-0.9581251859345751,0.7674834621100387,0,46.37500000000001,1.1249999999999998,Rupicapra_rupicapra,128
854,-0.6086009737253246,0.36737169503503647,0.09827469306889156,-0.011885285122812186,0.4584217671997741,-0.22790580017441334,-0.6726564555709519,-0.07214696284563497,0.5953910656180723,0.6285842613754123,0.613135129707251,0.8524184898308766,1.156954223564074,-0.09062067731070582,0.916458851363632,-0.023638779275127884,-0.24811772001034246,-1.342672535337995,0.6333701970914176,-0.3607910553544345,0.4002843830005218,-0.5048020123242353,0.6517985869946046,0.5937651018371772,0.7168259431782066,-0.05423240525005333,-0.011663533895402197,-0.6021878116605304,0.13815501766680557,0.04481476511964197,-0.5040427142724835,-0.9072584075076827,0.7303564648806578,-1.0494036772332942,-0.10602124790504032,-0.6773226873722197,0.36348413183094047,0.8557428886795659,-0.9667659022838734,-0.20162384024189686,1.040718200596257,0,36.62500000000001,2.7916666666666665,Rupicapra_rupicapra,245
855,-1.2093206465646051,0.48989842898746777,0.37240806189925524,0.4647346803455287,0.6471393046593625,-0.9073549784905133,-0.21407365836421077,-0.38795179045616657,0.3618766997898948,0.40075660779510125,0.40998292232241723,0.4220580185735667,0.30787316608672194,-0.09216905895833212,1.7915898354364574,1.366864481262319,1.1516509317529766,0.11334722163725444,0.3186609010936842,-0.4779727634080687,1.308514117302912,-0.546246683916366,0.4898318502333025,0.6144679571953929,0.45210154726683166,-0.4110714760679525,-0.6266896778337313,-0.2868436174725312,-0.954248740571487,-0.5987857925592924,-0.14343327389806557,-0.8012667980380589,-0.025747965764408035,0.6097666777588896,-0.009242617830975207,-0.2511926655766165,0.9055968872865975,0.5155319075208569,-0.06876274714909159,-0.16379877295726294,1.0797517346657166,0,35.54166666666667,8.791666666666666,Rupicapra_rupicapra,258
856,1.150554026508883,-0.16357748542549896,-1.0896365718626844,-0.5552916229034052,-0.902392143503511,0.6780263966729873,-0.5788553942318682,-0.005138667848831181,-0.22854086200286391,-0.43271615930464286,0.12372299373469686,-0.22348268831239837,-0.11666736265195404,-0.6654715955766609,-0.4725735951254516,0.2749026323500687,-0.42007753749764315,0.12538852127315553,-0.07946531673477378,0.32204556441489085,-1.663874104050365,-0.5784407137047647,0.07141778026660557,-0.24470054017055967,0.2314978840073525,0.09287268108712145,-0.3503735841802791,0.7222578039290662,-1.338066277249806,-0.30045011738520305,0.7580903270379793,0.05726523866589414,0.2728410450635797,-1.0494036772332942,-0.20279987797910543,-0.5367536233232189,-0.40128207675829003,0.4054636489106863,-0.887104332070304,0.09152043121401597,0.13318853348131787,0,52.20833333333334,6.791666666666668,Rupicapra_rupicapra,58
857,1.1406411309613524,-0.4903154426319823,-0.26723646537159335,-0.16690861448972247,-0.9364977373666475,0.4103646042679486,-0.1897548450500971,-0.09049799918027873,-0.07058708270772833,-0.30272499379367357,0.0821691331332536,0.06342429252580832,0.09560290171738395,-0.532113894396588,-0.5866768419672603,0.8353976202318831,0.20724275840542156,0.6730708065362703,-0.0838889413773122,-0.2710964146220231,-0.4253790118198329,-0.22797182686954512,0.18614421880586118,0.13830228395643124,0.19227945498344506,0.2778464035110937,-0.09188433527866252,0.9429987398606657,-1.1609197218598126,-0.10602911558635827,0.8245183818437931,0.35404174518084086,0.2776569968511279,-0.3155398663713668,-0.25118919301613796,-0.21331016815164638,0.14083067869736704,0.2903922876364171,-0.31498941871830594,0.290102034458344,0.030725506548986058,0,45.45833333333334,17.041666666666668,Rupicapra_rupicapra,139
858,0.10675617320957716,0.20400271643179482,-0.26723646537159335,-0.5286293839657016,-0.41202919359993706,0.019166597623618997,-0.13416896711399862,-0.2675631906241652,-0.46707920299946176,-0.5855489097055486,-0.08866340489490208,0.003652004851181927,-0.32893762702129203,-0.7229566763280932,-0.7929068145419567,0.5344471168916141,-0.28474247806398184,0.25959007630094194,-0.25704224881381615,0.01968782388143959,0.2351517040364509,-0.5732448374589201,0.037674710108000976,-0.058374841946618156,0.05011264977178072,-0.22901072565065703,-0.4216809631876216,0.2807759320658674,-1.0428220182664836,-0.4077168769983588,0.22666588859146866,-0.11232133648550398,-0.09317129079008268,-1.0494036772332942,-0.5415250832383333,-0.14446786318647223,-0.18830920854356759,0.20033643968264117,-0.4308607935744068,0.2617332339948686,-0.13028782148753537,0,52.87500000000001,14.874999999999998,Rupicapra_rupicapra,50
859,0.38352786688154245,0.612425162939899,2.1085860644915586,-0.4029640627013414,-0.71177958982106,0.38977523267135433,-0.46073558584210617,-0.08115028720772269,-0.21286605947739243,-0.41242342079727434,0.08678622875563619,-0.21152823077747307,-0.11666736265195404,-0.5955991293893227,-0.3364938549342458,0.3735157574346583,-0.2494886922677103,0.29454859255145743,-0.11990988489512507,-0.3752579328919202,1.5562131357490183,-0.18593500936985985,0.0849150083300474,-0.19294340177502037,0.20208406223942194,0.05937350301033908,-0.3236333170525256,0.7537922233478662,-1.2494929995548092,-0.327266807288492,0.7770697712682119,0.014868594878044608,0.35471222545189895,-0.6984253329080246,-0.15441056294207287,-0.45945025294333053,-0.2560733029755247,0.35543262226969974,-0.7060553088576464,0.13880176531980837,0.15270530051604775,0,48.20833333333334,4.874999999999999,Rupicapra_rupicapra,106
860,-0.19360624729931342,0.48989842898746777,0.1896524826790128,-0.26132096196968524,-1.079362286170613,0.49272207531405093,-0.20017715574846845,-0.0903012008978062,-0.2787136273514884,-0.4767000981628039,0.003678507552749635,-0.10393811296314558,-0.11666736265195404,-0.5692759768698845,-0.6312120291614818,0.6849397323941521,0.05016803872629021,0.5155638209635667,-0.19700734295079472,-0.37381124513817166,0.2351517040364509,0.7454765423427878,0.0849150083300474,-0.016969131230186705,0.11874490056361868,0.24580371143764967,-0.047317223399073446,0.9114643204418659,-1.101870870063148,-0.08256451192098047,0.7770697712682119,0.3699404866012844,0.2343134307631942,-0.4431683552169194,-0.29957850805317054,-0.21138719873921136,-0.033419849841951295,0.23035505566723316,-0.3584411842893438,0.14825803214096683,-0.04246236983125096,0,45.45833333333334,17.541666666666668,Rupicapra_rupicapra,139
861,0.1861501921927607,0.08147598247936355,0.0068969034587703275,-0.6260314576106206,-0.5613360603137342,1.2339393607497962,-0.8602585119856839,0.42687286177817074,-0.1200229983649845,-0.06940751723552363,0.26223586240617447,-0.18761931570762252,-0.11666736265195404,-0.5770181066112797,0.39950123191959663,-0.2407739235730241,-1.0285960135423886,-1.8264587342645409,0.11264638202689484,-0.21467559222582885,-0.8382107092300103,-0.10258518162824203,0.1524011486472566,-0.30680910624520685,0.38346929647499367,0.4642766119384043,0.11312437936744718,0.8168610621854661,-0.8656754628764903,0.1923065595877311,0.8245183818437931,-0.12822007790594755,1.0819209453716756,-1.5280105104041166,-0.10602124790504032,-0.8151995942438115,-0.5755326052976083,0.5755691394900408,-1.263686300352632,-0.8541062509018318,0.6308660928669296,0,48.45833333333334,-3.7083333333333335,Rupicapra_rupicapra,103
862,0.6582495383604853,-3.1042191002838493,-0.08448088615135091,-0.563688941359051,-0.906939517469686,0.6162582818832045,-0.49547670985459114,-0.06053612692779641,-0.2852113019026454,-0.6255788689189566,0.05446655939895808,-0.24739160338224891,-0.32893762702129203,-0.7003110317440967,-0.4952778321542518,0.35427271026625123,-0.4010798217669087,0.1442271208474966,-0.16035445305547635,6.15364389977538,-0.9207770487120457,-0.6073272283678312,0.037674710108000976,-0.24470054017055967,0.17267024047149138,0.04043918496694034,-0.3503735841802791,0.6591889650914664,-1.2494929995548092,-0.2736334274819141,0.6157444953112354,0.09966188245374367,0.16207415394997135,-0.9855894328105179,-0.25118919301613796,-0.44406649764385026,-0.40128207675829003,0.3454264169415024,-0.8002008009282284,0.09152043121401597,0.07951742413581073,0,53.29166666666667,8.958333333333332,Rupicapra_rupicapra,45
863,0.73179146752758,0.1631604717809844,-0.17585867576147213,-0.5229277349608589,-0.48516678744863995,0.08093470474326445,-0.3356675924079084,-0.2165443901077692,-0.448523988044096,-0.6214615016855776,-0.019406970559163295,-0.18761931570762252,-0.32893762702129203,-0.6844397322252157,-0.7616157517347734,0.4217068337759378,-0.3164708852806262,0.22812741167547795,-0.23934775024366248,-0.3173904227419774,-0.26024633285576193,-0.36139295963206436,0.010680253981117304,-0.19294340177502037,0.10894029330764184,-0.19259857556719792,-0.4305943855635394,0.3753791903222672,-1.0428220182664836,-0.3674918421434254,0.30258366551239874,-0.048726370803729685,-0.0835393872149863,-0.9855894328105179,-0.39635713812723566,-0.31445835924572907,-0.3044762275697798,0.2753829796441211,-0.6263937386440771,0.13880176531980837,-0.08637509565939316,0,50.95833333333334,12.624999999999998,Rupicapra_rupicapra,73
864,-1.6414568755402494,0.48989842898746777,-1.1810143614728057,-0.0751918367465193,-0.584830994457119,0.34859649714830315,-0.5892777711936749,0.019263756146246733,0.09580697487035343,0.1411664069858655,0.36842906172097395,0.003652004851181927,0.09560290171738395,-0.3534649409657328,1.051810736837339,0.5375443204811267,0.15612484371321242,-1.6141832090016885,0.18342437630750957,-0.3014768574507431,-2.406971159388684,-0.5228611344942244,0.3008706573451168,0.09689657323999978,0.398176207358959,0.31571503959789116,-0.11862460240641595,0.9745331592794657,-1.3085418513514737,-0.10602911558635827,1.1281894895275135,-0.09112301459157922,0.6436693327047903,-0.06028288868026159,0.184314642317155,-0.5548295358001081,0.06338599934655889,0.4905163942003636,-0.6626035432866085,-0.8257374504383564,0.8357921467315933,0,43.87500000000001,-0.29166666666666724,Rupicapra_rupicapra,158
865,-0.47012433812307,0.08147598247936355,-0.26723646537159335,-0.1765965318098258,-0.5655045466820663,0.47213270755252534,-0.19322890444059732,-0.07081862135823838,0.06204586173856872,-0.2327297508262286,0.17451104558090533,0.33837681582908974,0.09560290171738395,-0.47675790301576043,-0.741967866050418,0.6786991150159886,0.13830235379219985,-0.3993768437218565,0.034285031216214214,-0.20165540244209174,-0.4253790118198329,-0.5600879911749919,0.28062481524995403,0.2832222714639413,0.2658140094032715,0.31571503959789116,-0.0829709129027447,0.9429987398606657,-1.0723464441648158,-0.11273328806218051,0.8909464366496069,-0.01692888796284254,0.1861539128877123,-0.5069825996396957,-0.3479678230902031,-0.21600232532905544,0.2279559429670262,0.35543262226969974,-0.34395726243233116,-0.3056427752746401,0.02584631479030359,0,45.29166666666667,8.458333333333332,Rupicapra_rupicapra,141
866,-0.7636210474630625,0.6532674075907094,0.09827469306889156,-0.28082752172086334,-0.35594443282240545,0.32800713322184627,-0.46073558584210617,-0.0783459773694993,-0.11198463809551196,-0.3612504280395624,0.2160649061823486,-0.056120282823444466,-0.11666736265195404,-0.4386280358661842,0.8580972282488494,0.31005066993822555,-0.10455682703247422,-1.4891096451400896,-0.0162706789842249,0.061641768740148144,1.2259477778208765,-0.0012205867756534634,0.1591497626789775,-0.058374841946618156,0.27071631303125987,0.13511077518393402,-0.27015278279701876,0.438448029159867,-1.1904441477581449,-0.2099437889616029,0.7580903270379793,-0.29780665305734566,0.3498962736643507,-0.5069825996396957,-0.15441056294207287,-0.4665652397693401,-0.0915033593550574,0.36543882759789703,-0.5974258949300518,-0.7689998495114055,0.7626042703513563,0,43.95833333333334,6.124999999999999,Rupicapra_rupicapra,157
867,-0.06079828055387733,-0.20441973007630937,1.103430378780225,-0.6641624069705172,-0.9645401177554134,1.1515818436828698,-0.7525610142942932,0.24882367892192161,-0.1992008470192891,-0.4465387493024156,0.211447810559966,-0.17566485817269725,-0.11666736265195404,-0.6277288422975965,0.17013039276417252,-0.15667766253225335,-0.7152295599747098,-1.8713220770183032,0.031757245706192254,-0.13076770250841177,0.07001902507237993,0.06478420198476804,0.09841223639348924,-0.3171605339243147,0.329543956567121,0.32445395561792134,-0.13645144715825158,1.1322052563734655,-1.1904441477581449,-0.042339477066047064,1.0048231020310021,-0.08582343411809802,0.7062767059429168,-1.432289143769952,-0.20279987797910543,-0.7361655513927317,-0.5368102656222042,0.5105288048567582,-1.1405729645680247,-0.9675814527557336,0.43569842251963087,0,51.04166666666667,-3.208333333333333,Rupicapra_rupicapra,72
868,-1.154905421824943,-0.28610421937793024,-0.26723646537159335,-0.20894406664924522,-0.028530616089565586,-0.0631908887627581,-0.2071254070563396,-0.2008501118187874,0.17860208564592067,-0.13803030445850892,0.1883623324480531,0.5296481363878942,0.09560290171738395,-0.4903065562287807,-0.5699397366838499,0.6044396050626802,0.07817502206612306,-1.008625042700188,0.1202297385569607,-0.4403588818106059,-0.17767999337372647,-0.5920356517956978,0.36160818363060504,0.3970879759341278,0.31973934931114417,-0.06879726528343696,-0.3592870065561969,0.6907233845102664,-1.3085418513514737,-0.3607876696676031,0.6537033837717005,-0.29780665305734566,0.06575511819900756,-0.9217751883877416,-0.49313576820130073,-0.220425154977656,0.2569976977235793,0.45549467555167295,-0.46707059821693836,-0.06923610474567816,0.15270530051604775,0,44.45833333333334,12.041666666666664,Rupicapra_rupicapra,151
869,-0.231474445805043,0.4082139396858469,-0.08448088615135091,-0.567609797261804,-0.4809983010803079,0.9045094458848375,-0.8011985746590852,0.21094089162866766,-0.10394627782603941,-0.28272635294583215,0.2530016711614093,-0.15175594310284668,-0.11666736265195404,-0.5700502046109083,0.4769284291852117,-0.11641891695031573,-0.9281229481601685,-1.818884395250815,0.10000745447678505,-0.3535576165856916,-0.012547314409655536,-0.28998927778365474,0.1591497626789775,-0.24470054017055967,0.3687623855910284,0.2326953374076044,-0.11862460240641595,0.848395481604266,-1.0428220182664836,-0.05239573577978041,0.7865594933833281,-0.18121588264075947,0.7207245613055613,-1.3684748993471758,-0.10602124790504032,-0.7482802586910724,-0.4980879259468002,0.5555567288336463,-1.1767827692105561,-0.8824750513653072,0.6601412434190245,0,48.20833333333334,-2.708333333333333,Rupicapra_rupicapra,106
870,0.1526679008889955,1.1433743434004344,-0.17585867576147213,-0.47332817489281276,-0.35821819208469896,0.32800713322184627,-0.6101223925904176,-0.06796510256553827,-0.18513371654771216,-0.4144821044139639,0.156042663091375,-0.23543714584732364,-0.11666736265195404,-0.6108897765610412,-0.3888881797464951,0.27467326172525536,-0.3442821221728131,-1.6870133277125492,-0.03143739204435663,-0.2855632921595088,0.2351517040364509,-0.5326055418237249,0.10516085042521016,-0.23434911249145182,0.2658140094032715,-0.028015657189962774,-0.40385411843578595,0.7537922233478662,-1.4266395549448028,-0.3708439283813365,0.6916622722321655,-0.23951126784905258,0.21504962361300142,-0.9217751883877416,-0.10602124790504032,-0.5840586708691206,-0.3431985672451839,0.44048536755937695,-0.8943462929988103,-0.8162811836171979,0.17222206755077762,0,49.62500000000001,1.9583333333333328,Rupicapra_rupicapra,89
871,1.741957185264937,-0.3269464640287406,0.0068969034587703275,-0.4777228719300712,-1.1445419394389067,0.9456881737377513,-0.5197955231687048,0.10039198070768647,-0.23537346823191557,-0.4315397686665345,0.08678622875563619,-0.2593460609171742,-0.32893762702129203,-0.6348903012332239,-0.40329664960533995,0.3485600094055153,-0.3303765037267197,-1.8839459568528563,-0.11738209938510312,-0.12498095149341748,-1.0033433881940812,-0.24188589344697312,0.07141778026660557,-0.23434911249145182,0.21188866949539878,0.3623225917047188,-0.19884540378967627,1.3844806117238648,-1.485688406741467,-0.12278954677591386,1.3464530981751874,0.16855642860899916,0.6147736219795011,-0.8898680661763535,-0.15441056294207287,-0.4998326106044662,-0.3528791521640349,0.3704419302619957,-0.8002008009282284,-1.1850755896423786,0.1429469169986828,0,50.04166666666667,4.708333333333333,Rupicapra_rupicapra,84
872,1.194972446866632,-0.3269464640287406,-0.26723646537159335,-0.5371900340245291,-1.7936853554468677,1.04863503939086,-0.2835559063891808,0.013753516843319056,-0.6404063463099636,-0.6926004577734056,-0.11636597862919759,-0.4864807540807545,-0.32893762702129203,-0.6712781559654967,-0.4684984970122238,0.29975531763204283,-0.3952041409926071,0.1500535896136678,-0.4371469664028805,-0.00635255568603468,-1.333608746122223,0.11109291841517765,-0.15128648278018472,-0.41032338303628546,-0.03322651190402253,0.3943652837781628,0.0061633108564334285,1.226808514629865,-1.0723464441648158,0.06827936878501978,1.109210045297281,0.6402190907488252,0.45103126120286274,-0.6665182106966364,-0.29957850805317054,-0.2669610147585838,-0.47872675610909815,0.0902681810724706,-0.48879648100245726,-0.059779837924519685,-0.061979136865980826,0,48.95833333333334,13.95833333333333,Rupicapra_rupicapra,97
873,0.23403254304263146,0.20400271643179482,1.9258304852713162,-0.42263395405570126,-0.70761124801114,0.5339008108371022,-0.41904621052174995,-0.05640347560217644,-0.23979456638012547,-0.6079656868650571,0.05446655939895808,-0.21152823077747307,-0.32893762702129203,-0.6255997713855971,-0.381320100736895,0.46392727232674613,-0.22069812543821674,0.32309802279383576,-0.15529888203543246,-0.2768831656370174,-0.095113653891691,-0.2779588240169088,0.06466916623488465,-0.1825919740959125,0.18737715135545666,0.13365428918059566,-0.37711385130803254,1.0060675786982656,-1.485688406741467,-0.3172105485747586,0.9573744914554209,0.03076733629848818,0.35471222545189895,-0.7622395773308009,-0.20279987797910543,-0.42695206987317846,-0.2463927180566737,0.33542021161330504,-0.6698455042151149,0.14825803214096683,0.12830934172263542,0,49.12500000000001,6.541666666666668,Rupicapra_rupicapra,95
874,-1.0932618246263106,0.3265294503842261,0.1896524826790128,-0.39419102172995146,-1.3423544416684632,0.9045094458848375,-0.2835559063891808,0.014147113408264115,-0.5635395262331324,-0.6498255870710782,-0.06557792678298915,-0.3669361787315017,-0.32893762702129203,-0.5777922974350929,-0.6659960451055134,0.35389994799320296,-0.2130598300864861,0.21880523945751107,-0.33603554600200225,-0.34777086557069736,0.31771804351848637,1.4787838828553301,-0.056805886336091876,-0.296457678566099,0.05011264977178072,0.419125545834915,-0.12753802478233375,1.4475494505614646,-1.3971151290464705,-0.05909990825560265,1.2420661549089087,0.3381430037603973,0.4606631647779591,-0.6027039662738601,-0.29957850805317054,-0.2979208222987878,-0.3044762275697798,0.16531472103395053,-0.46707059821693836,-0.12597370567262903,-0.13516701324621783,0,43.95833333333334,18.70833333333333,Rupicapra_rupicapra,157
875,1.5620792921625934,0.20400271643179482,0.1896524826790128,-0.7537226690958866,-0.77051714201714,0.6986157605994442,-0.47463208845784843,-0.10998057871984655,-0.3955043034333666,-0.5566946615541696,0.04061527253181032,-0.11589257049807085,-0.32893762702129203,-0.7274083935459533,-0.6025406881468157,-0.055265319627139334,-0.7506792416433965,-0.2024442145815495,-0.1932156646857618,-0.25084278606954313,-0.5079453513018684,-0.5740582157180782,0.003931639949396387,-0.27575482320788325,0.1579633295875261,-0.09792698535020425,-0.4305943855635394,0.5645857068350667,-1.2790174254531415,-0.40101270452253657,0.46390894146937517,-0.1017221755385416,0.08983487713674851,-1.591824754826893,-0.5899143982753658,-0.430605711756805,-0.5368102656222042,0.3204109036210091,-0.8653784492847851,0.06315163075054053,0.02584631479030359,0,54.37500000000001,10.95833333333333,Rupicapra_rupicapra,32
876,-1.6338595914224634,0.7757941415431406,0.0068969034587703275,-0.3854669403538987,-0.9819718384244275,0.3074177539551146,-0.2279700284530823,-0.16606681301974846,-0.5144050490859814,-0.6157429360836622,-0.033258257426311055,-0.23543714584732364,-0.32893762702129203,-0.6255997713855971,-0.6933575529834448,0.5739086665229641,-0.1253173067654068,0.4176799754621232,-0.2804242647815192,-0.3173904227419774,-1.1684760671581522,0.31045848027465495,-0.002816974082324531,-0.1515376910585889,0.064819560655746,0.03315675495024852,-0.19884540378967627,0.46998244857866694,-0.8066266110798258,-0.12278954677591386,0.45441921935425894,0.3381430037603973,-0.03537986933950441,-0.5069825996396957,-0.29957850805317054,-0.22388649992003906,-0.17862862362471657,0.18032402902624653,-0.3946509889318753,0.17662683260444226,-0.10589186269412303,0,48.12500000000001,15.874999999999998,Rupicapra_rupicapra,107
877,0.1451779264265577,0.3265294503842261,-0.8155032030323207,-0.5000720796321072,-0.3680708597711468,0.06034535615708228,-0.2905040251701812,-0.2247605588754012,-0.3273457069817973,-0.5953848425408431,-0.010172779314398124,-0.0919836554282203,-0.32893762702129203,-0.6931495912670746,-0.7655453066640253,0.5386284397590906,-0.2479219735626965,0.29610218913894804,-0.20585459223587155,-0.4258920042731202,-0.5905116907839039,-0.43714668514243754,0.05117193817144281,-0.09978055266304961,0.12364720419160712,-0.18677263155384446,-0.4305943855635394,0.3753791903222672,-1.1313952959614804,-0.3909564458088032,0.3595219982030963,-0.08582343411809802,-0.025747965764408035,-0.9855894328105179,-0.4447464531642682,-0.27542208017329795,-0.21735096330012066,0.28538918497231847,-0.5757000121445329,0.22390816671023467,-0.06685832862466329,0,51.95833333333334,13.45833333333333,Rupicapra_rupicapra,61
878,-1.5732567649729357,-0.5719999319336031,-0.3586142549817146,-0.6033554869881776,-0.6208313877055001,1.1104031465105053,-0.8324656392810701,0.3314279093696225,-0.10595586789340754,-0.1735507662258351,0.2530016711614093,-0.17566485817269725,-0.11666736265195404,-0.5774051835645809,0.44447299314669775,-0.16460999329159517,-1.0039185129097676,-1.8264587342645409,0.10759081100685092,-0.18140177388961173,-0.8382107092300103,-0.3887722790688691,0.1591497626789775,-0.25505196784966755,0.3785669928470053,0.36523556371139554,0.01507673323235124,0.8168610621854661,-0.9247243146731547,0.0917439724503976,0.7865594933833281,-0.1547179802733535,0.9326264399576817,-1.4961033881927284,-0.15441056294207287,-0.7736634549352148,-0.5368102656222042,0.5705660368259422,-1.2274764957101003,-0.8635625177229903,0.645503668142977,0,48.20833333333334,-3.291666666666667,Rupicapra_rupicapra,106
879,-0.07220698521649115,0.44905618433665734,0.9206747995599827,-0.3077347580633395,-0.226343190598328,0.34859649714830315,-0.6170706438982887,-0.0014979934616753431,0.04315571510530823,-0.04019381638916704,0.2853213405180874,0.05146983499088304,0.09560290171738395,-0.4961131535348271,0.8173460250403801,0.34863450584776234,-0.1593960161767257,-1.749744327738442,0.1530909501872461,-0.308710296219486,0.7305497409286638,-0.3704138238384821,0.2671275871865122,0.014085151807136884,0.38346929647499367,0.11617645714053527,-0.20775882616559407,0.7222578039290662,-1.1313952959614804,-0.16301458163084726,0.7675800491530955,-0.2925070725838645,0.49919077907834464,-0.8260538217535772,-0.05763193286800776,-0.5880969066352342,-0.12054511411161047,0.5455505235054489,-0.8798623711417978,-0.8446499840806734,0.7967586126621335,0,46.37500000000001,-0.5416666666666673,Rupicapra_rupicapra,128
880,-1.1958996770385244,-0.0410507514730677,-1.272392151082927,-0.5548831941814073,-0.7341377166125042,0.739794488452358,-0.5858036455397393,0.02093648524411166,-0.20442578119444627,-0.42124635058308674,0.13295718497946205,-0.17566485817269725,-0.11666736265195404,-0.650374486881593,-0.45656423352144426,0.21418495123876286,-0.4551354274214995,0.09062426016104728,-0.05671524714457619,0.05151495446390815,-2.406971159388684,-0.5742943521130022,0.09166362236176832,-0.22399768481234394,0.24620479489131777,0.12200240115388873,-0.37711385130803254,0.8799299010230659,-1.4266395549448028,-0.3306188935264031,0.8909464366496069,0.009569014404563416,0.31136865936396524,-1.1451250438674587,-0.25118919301613796,-0.5355998416757578,-0.40128207675829003,0.425476059567081,-0.9160721757843292,0.11043296485633292,0.14782610875736527,0,51.29166666666667,5.374999999999999,Rupicapra_rupicapra,69
881,1.048470057991264,0.9800053647971928,-0.08448088615135091,-0.19049946146087887,-0.8910236363088675,0.32800713322184627,-0.16543603173598345,-0.11834429928003995,-0.16265980096097848,-0.30301909145320066,0.06370075064372326,0.08733320759565888,0.09560290171738395,-0.5462432553325868,-0.598465562274064,0.8051879125916309,0.16435097610695776,0.7049221296118047,-0.09968760081494943,-0.36368443086193164,-0.17767999337372647,-0.5259128877740871,0.17939560477414027,0.13830228395643124,0.17757254409947978,0.20939156135419057,-0.13645144715825158,0.8168610621854661,-1.101870870063148,-0.12949371925173608,0.6726828280019329,0.3275438428134349,0.18133796110016412,-0.3793541107941431,-0.29957850805317054,-0.19465736485102658,0.12146950885966501,0.2753829796441211,-0.3077474577897996,0.44140230359687965,0.020967123031621123,0,45.79166666666667,16.958333333333332,Rupicapra_rupicapra,135
882,0.6896820708179032,0.36737169503503647,0.646541430729619,-0.47561531590757455,-0.6068102336507202,0.47213270755252534,-0.5510625215272543,-0.04508781834032948,-0.20603345324834077,-0.41977586228545133,0.10987170686754912,-0.24739160338224891,-0.11666736265195404,-0.6292772608624334,-0.39645625875609514,0.31898128102985945,-0.34036495184835563,-1.873070002830829,-0.0845208877548177,-0.28411660440576025,0.1525853645544154,-0.2997964219886482,0.09166362236176832,-0.23434911249145182,0.24130249126332934,0.05063458699030889,-0.4127675408117038,0.9429987398606657,-1.485688406741467,-0.3540834971917809,0.8150286597286769,-0.07522427317113564,0.29692080400132065,-0.9217751883877416,-0.15441056294207287,-0.5402149682656019,-0.3528791521640349,0.395457443582489,-0.8364106055707599,-1.1283379887154277,0.16734287579209514,0,49.95833333333334,3.7083333333333326,Rupicapra_rupicapra,85
883,0.6583617240441165,0.3265294503842261,0.8292970099498614,-0.1609782214691905,-0.38095520647398595,0.3691858687448974,-0.5823295198858037,0.014737470720247321,0.06124202571162147,-0.023299539725222564,0.3084068186300003,-0.008302452683743352,0.09560290171738395,-0.43707961730134726,1.002618417591606,0.5671807415902521,0.08992638361472638,-1.6932281585822793,0.15056316467722416,-0.3202837982494745,0.8956824198927347,-0.5074743606076468,0.2738762012182331,0.06584229020267619,0.38346929647499367,0.2530861414543415,-0.17210513666192284,0.9429987398606657,-1.2790174254531415,-0.12278954677591386,1.0238025462612346,-0.14941839979987231,0.6051417184044048,-0.34744698858275497,0.0875360122430899,-0.5548295358001081,0.005302489833452779,0.5105288048567582,-0.7350231525716716,-0.8635625177229903,0.8211545714555458,0,45.29166666666667,0.04166666666666666,Rupicapra_rupicapra,141
884,0.6536204305039822,0.6532674075907094,-0.44999204459183584,-0.871268425372649,-0.8773813698519305,0.739794488452358,-0.4642096452326063,-0.16154052759374904,-0.3851884077542102,-0.5514662587181326,0.077552037510871,-0.008302452683743352,-0.11666736265195404,-0.574501903370163,-0.6304843410011265,-0.45512721388279936,-1.03917214928127,-0.7444944343901562,-0.1932156646857618,0.08189539729262814,-0.012547314409655536,-0.5150902631563712,0.010680253981117304,-0.27575482320788325,0.1628656332155145,-0.19114208956385956,-0.4929883421949641,0.31231035148466735,-1.2199685736564772,-0.4579981705670255,0.30258366551239874,-0.223612526428609,-0.07390748363988993,-1.7832674880952217,-0.7350823433864635,-0.4350285414054056,-0.6045743600541614,0.2753829796441211,-0.8508945274277725,0.044239097108223574,0.011208739514256187,0,55.04166666666667,11.874999999999998,Rupicapra_rupicapra,24
885,-1.2462185442455944,-0.5719999319336031,0.09827469306889156,-0.9169470796809203,-2.104046375248139,1.9545671748771616,-0.5302178338670762,0.6775880931912784,-0.9837448093198099,-0.9693463553883878,-0.24564465605591,-1.0483402582222425,-1.390288948867982,-0.6886978925078199,-0.057493928183541536,-0.6507937998156105,-1.3366744739530112,-1.9103590250925222,-0.7291061928104162,0.1817168523012795,0.4002843830005218,1.1550558921769112,-0.5157116404931144,-1.1142204652156202,-0.18519792437166374,1.3381682139414228,0.3270465163894747,2.898132743826261,-1.5152128326397993,0.42024842376568705,2.7414422490972785,0.9263964363168095,1.4431173294377897,-1.4003820215585638,-0.4447464531642682,-0.5006017983694402,-1.2434929646983286,-0.04481559085819328,-0.8653784492847851,-1.9132081348715813,0.2649267109657445,0,45.29166666666667,6.958333333333332,Rupicapra_rupicapra,141
886,1.1499125140081181,0.7349518968923303,0.5551636411194977,-0.25543962825853384,-0.15358448434746802,-0.49556757723917727,-0.4086238998233786,-0.2989518035052804,-0.16865507799529342,-0.39154248697085164,0.16065975871375757,-0.03221136775359391,-0.11666736265195404,-0.37920742267940305,-0.5044468029090143,0.13615104823220728,-0.16840513436105495,-0.08882925902725786,-0.0845208877548177,-0.3984049369518973,1.473646796266983,0.30613035000753064,0.118658078488652,-0.06872626962572602,0.2364001876353409,-0.35718149394443305,-0.4216809631876216,0.028500576715468028,-0.7180533333848291,-0.46470234304284774,0.03687144628914341,-0.4567940672617814,-0.24246579620407654,-0.4431683552169194,-0.10602124790504032,-0.4211831616358734,-0.16894803870586556,0.3204109036210091,-0.5901839340015456,-0.3056427752746401,0.04048389006635099,0,40.87500000000001,-1.2083333333333333,Rupicapra_rupicapra,194
887,-1.661648438707983,-2.409900941220072,-1.0896365718626844,-0.7944837757800353,-0.5567885417891472,0.6574370174062557,-0.5302178338670762,-0.11357204415252567,-0.3386663976946378,-0.6495968444470015,0.026763985664662565,-0.17566485817269725,-0.32893762702129203,-0.7574090263129251,-0.6475125048929646,-0.05932621591504361,-0.7739857700186495,-1.5720388454926044,-0.17552116611560808,2.7004002315775413,-0.4253790118198329,-0.5106666139663851,-0.002816974082324531,-0.3171605339243147,0.17757254409947978,-0.1605558834937539,-0.46624807506721067,0.438448029159867,-1.1904441477581449,-0.43788565313955885,0.312073387627515,-0.21301336548164662,-0.05945962827724536,-1.7513603658838335,-0.5899143982753658,-0.4771415715377328,-0.5658520203787574,0.3754450329260944,-0.9667659022838734,-0.560961979445919,0.02584631479030359,0,55.37500000000001,10.541666666666666,Rupicapra_rupicapra,20
888,0.6053429279679877,-0.28610421937793024,-0.26723646537159335,-0.07842656031624821,-0.01261473492874709,0.24564966217574388,-0.492002650464091,-0.024030890076415803,0.2843065231894847,0.32507547674346604,0.4146000179447998,0.4220580185735667,0.5201434304560599,-0.3445615434472232,1.0945994891024222,0.5878176564017557,0.21370597737219954,-1.37665992406973,0.30981365180860737,-0.4403588818106059,-0.17767999337372647,-0.5734498450938537,0.43584293797953516,0.3660336928968042,0.4766130654067738,0.24580371143764967,-0.0027501115194843847,0.15463825439066772,-0.7771021851814935,0.04146267888173085,0.45441921935425894,-0.4673932282087438,0.5232705380160856,-0.5069825996396957,-0.10602124790504032,-0.47368022659534975,0.28603945248013235,0.5905784474823369,-0.6408776605010896,-0.36238037620159097,0.9626511324573374,0,43.70833333333334,10.45833333333333,Rupicapra_rupicapra,160
889,0.7664968724642686,0.3265294503842261,0.1896524826790128,-0.5388237489125205,-0.32449155809861135,0.32800713322184627,-0.6413894572124024,-0.06511158377283817,-0.1316786207557197,-0.3894838033541621,0.1883623324480531,-0.10393811296314558,-0.11666736265195404,-0.618438330908575,-0.4168318048412819,0.10527591372436458,-0.800817826398299,-1.3228627341582455,0.021646103666104435,-0.34921755332444593,-0.012547314409655536,-0.482607930375736,0.13890392058381476,-0.20329482945412822,0.30503243842717886,-0.08044915331014388,-0.37711385130803254,0.5961201262538666,-1.2790174254531415,-0.3708439283813365,0.5588061626205378,-0.3031062335308269,0.16689010573751956,-1.208939288290235,-0.20279987797910543,-0.6154030722918117,-0.381920906920588,0.48551329153626493,-0.9884917850693923,-0.38129290984390796,0.19661802634418996,0,50.12500000000001,1.9583333333333328,Rupicapra_rupicapra,83
890,0.7377283549730802,-0.16357748542549896,1.6516971164409524,-0.5522529371431117,-0.5583043812973428,0.06034535615708228,0.015217839634312839,-0.2896532817194839,-0.5270654665104006,-0.6129980245947427,-0.21794208232161447,-0.12784702803299614,-0.32893762702129203,-0.7510217951183216,-0.8284185325261055,0.566813580553463,-0.2921848775432973,0.2522100109472801,-0.3701606503872987,0.5607490437834051,-0.17767999337372647,-0.549676174231153,-0.07030311439953371,-0.14118626337948106,-0.08715185181189522,-0.22027180963062684,-0.37711385130803254,0.12310383497186779,-0.7475777592831614,-0.3306188935264031,0.07483033474960846,0.009569014404563416,-0.1750424711784019,-0.9855894328105179,-0.6383037133123984,0.012831034750713398,-0.2560733029755247,0.03523405176738532,-0.2425698094332429,0.18608309942560075,-0.25714680721327954,0,52.95833333333334,20.541666666666668,Rupicapra_rupicapra,49
891,-0.9826448971391609,-0.653684421235224,-0.5413698342019571,-0.47684060207356804,-0.8311492767608467,0.6368476534797988,-0.492002650464091,-0.019209425994424788,-0.14614766924077027,-0.3777198969730789,0.12372299373469686,-0.08002919789329502,-0.11666736265195404,-0.6538584378817788,-0.42207124842631644,0.43304065528457214,-0.28807196077119385,0.26036694868131516,-0.04913189061451032,1.9785030424570043,-0.8382107092300103,-0.5921208327810612,0.13215530655209384,-0.09978055266304961,0.24620479489131777,0.13365428918059566,-0.30580647230069,0.848395481604266,-1.3675907031481382,-0.2736334274819141,0.8814567145344907,0.0837631410333001,0.30655270757641706,-0.9855894328105179,-0.25118919301613796,-0.4654114581218791,-0.2463927180566737,0.4204729569029823,-0.792958839999722,0.08206416439285749,0.17710125930946008,0,51.37500000000001,6.624999999999999,Rupicapra_rupicapra,68
892,-0.3441367869183992,0.48989842898746777,1.9258304852713162,0.1673331583186009,0.4929061763815475,-0.7838187642512223,-0.3287193411000372,-0.3620733981102619,0.15931002099918656,0.06404746515432012,0.36842906172097395,0.2307866980147622,0.09560290171738395,-0.2201072767028705,1.2044821224065512,0.9337987385240629,0.6655413760578748,-0.19564676646985366,0.189111893705059,-0.08013363112721178,1.308514117302912,-0.2783831612555459,0.3481109555671632,0.3453308375385885,0.39327390373097054,-0.3950501300312305,-0.5821225659541422,-0.25530919805373126,-0.8656754628764903,-0.5552086714664479,-0.09598466332248425,-0.748270993303247,-0.12688295330292002,0.3545097000677844,0.039146697206057346,-0.35022559031702066,0.5280540754514078,0.4504915728875743,-0.2570537312902555,-0.34346784255927404,0.9528927489399724,0,39.458333333333336,-2.1250000000000004,Rupicapra_rupicapra,211
893,1.1291781768836493,1.1433743434004344,-0.17585867576147213,-0.47079583704519146,-0.8288755174985533,0.7192051245259011,-0.5406401445654475,0.025511942089153417,-0.18995673270939567,-0.4080119559043681,0.10987170686754912,-0.23543714584732364,-0.11666736265195404,-0.6317934456449448,-0.40184121776558157,0.3582991589511616,-0.3143164789583669,-1.8783137617467494,-0.07946531673477378,-0.2855632921595088,-0.26024633285576193,-0.43483495894561486,0.10516085042521016,-0.20329482945412822,0.24130249126332934,0.19919615933082202,-0.3147198946766078,1.1322052563734655,-1.5152128326397993,-0.25016882381653627,1.0807408789519322,0.041366497245450565,0.43176745405267,-0.9217751883877416,-0.15441056294207287,-0.5207929772000081,-0.3335179823263329,0.395457443582489,-0.8219266837137473,-1.1283379887154277,0.17222206755077762,0,50.29166666666667,4.041666666666667,Rupicapra_rupicapra,81
894,-1.2419000867108132,-0.0410507514730677,0.0068969034587703275,-0.23588400919797514,-0.045583449160736825,-0.31026325588024095,-0.07510916231427069,-0.29393355990853404,-0.1394490356828765,-0.2789030833719801,-0.0009385880696329512,0.1829688678750611,0.09560290171738395,-0.6019863605839262,-0.65580827206292,0.8309754442052619,0.1118619397326116,0.6266537560650755,-0.08578478050982867,-0.2971367941894974,-0.4253790118198329,-0.38957740067390034,0.1928928328375821,0.20041085003107842,0.14815872233154925,-0.23192369765733375,-0.45733465269129286,0.3753791903222672,-1.1313952959614804,-0.46805442928075885,0.2930939433972825,-0.21831294595512782,-0.05464367648969717,-0.6346110884852483,-0.4447464531642682,-0.09947037893549249,0.14083067869736704,0.26537677431592377,-0.2787796140757744,0.35629590220645335,-0.008308027520473682,0,46.95833333333334,18.45833333333333,Rupicapra_rupicapra,121
895,0.9140015587854126,-1.8789517607595365,0.09827469306889156,-0.30402629307314877,-0.7311061821545247,0.43095397202947416,-0.5510625215272543,-0.025260851190293324,-0.15860712765845272,-0.39360117058754124,0.1837452368256705,-0.24739160338224891,-0.11666736265195404,-0.5164361518129629,-0.2721652111121691,0.4230147224424559,-0.10925713257228484,-0.00570569240639386,-0.03143739204435663,2.3155812890804213,-0.5905116907839039,-0.5369428287594071,0.12540669252037293,-0.1618891187376968,0.2658140094032715,0.17006643926405474,-0.26123936042110096,1.1952740952110652,-1.4266395549448028,-0.29709803114729194,1.0143128241461183,-0.0010301465423989654,0.35471222545189895,-0.4431683552169194,0.039146697206057346,-0.5309847150859137,-0.19798979346241863,0.395457443582489,-0.720539230714659,-0.2678177079900062,0.18198045106814253,0,46.37500000000001,2.2083333333333326,Rupicapra_rupicapra,128
896,-0.10759050784179597,-0.20441973007630937,0.0068969034587703275,-0.40734240663547294,-1.1858476264075606,0.4103646042679486,-0.20017715574846845,-0.14958530406544215,-0.5349028677731364,-0.627180067287493,-0.07481211802775432,-0.27130051845209946,-0.32893762702129203,-0.6275353038209459,-0.698888055176907,0.4901850277243352,-0.18524859319429923,0.3582506460095027,-0.33097997498195836,-0.18140177388961173,-1.0859097276761167,-0.31416208058954465,-0.036560044240929124,-0.19294340177502037,0.030503435259827013,0.0783078210537378,-0.18101855903784064,0.438448029159867,-0.7475777592831614,-0.08591659815889158,0.39748088666356135,0.3964383889686904,-0.04982772470214898,-0.570796844062472,-0.3479678230902031,-0.20465680579568873,-0.2367121331378227,0.14029920771345722,-0.3801670670748627,0.13880176531980837,-0.1400462050049003,0,47.37500000000001,16.375,Rupicapra_rupicapra,116
897,-1.1064421282096013,-0.5311576872827928,1.6516971164409524,-0.616833634814106,-0.36276556605087396,0.20447091898255534,-0.6761305812248875,-0.1320214608606885,-0.23256004213760018,-0.451832507173903,0.16989394995852275,-0.27130051845209946,-0.11666736265195404,-0.6490196252520121,-0.49877075753157624,0.031807858454478206,-0.572647847509379,-1.7400336452436607,-0.04407631959446641,-0.039626374022251803,-0.34281267233779744,-0.5222544171573783,0.07141778026660557,-0.32751196160342255,0.2756186166592483,-0.20279397759056647,-0.5732091435782244,0.438448029159867,-1.4266395549448028,-0.5149836366115145,0.40697060877867763,-0.2925070725838645,0.02241155211107386,-1.1770321660788468,-0.15441056294207287,-0.6604005565427914,-0.4980879259468002,0.425476059567081,-0.9884917850693923,-0.8257374504383564,0.1575844922747302,0,52.12500000000001,0.3749999999999997,Rupicapra_rupicapra,59
898,-0.9338206210688016,-0.20441973007630937,0.0068969034587703275,-0.4441009916152776,-2.0434141817775777,1.1515818436828698,-0.14806546972974094,0.037221195915945436,-0.6138797574207042,-0.6736148199750464,-0.13945145674111054,-0.4386629239410534,-0.32893762702129203,-0.6348903012332239,-0.7050007301062726,0.4402906154366396,-0.2299032889197304,0.3139699575410203,-0.45673730410555063,-0.18140177388961173,-1.0859097276761167,1.000082642107027,-0.1445378687484638,-0.32751196160342255,-0.0675426372999415,0.607012240265564,0.22008544787846093,0.9745331592794657,-0.8656754628764903,0.3129816641525313,0.9383950472251883,1.0270884653129522,0.21986557540054963,-0.41126123300553125,-0.3479678230902031,-0.1598516184859525,-0.3431985672451839,0.010218538446892005,-0.27153765314726813,0.015870296644748143,-0.22299246490250224,0,46.87500000000001,14.374999999999998,Rupicapra_rupicapra,122
899,0.9646863132793257,0.20400271643179482,0.37240806189925524,-0.13655416395091158,-0.3119860989936151,-0.1661376930547679,-0.16543603173598345,-0.23376384570205452,-0.03562021553552274,-0.27507981379812807,0.06370075064372326,0.06342429252580832,0.09560290171738395,-0.5365656300730534,-0.5904608537125364,0.8902017961625616,0.26051507941989,0.6858889785525446,-0.07188196020470791,-0.3260705492644688,-0.012547314409655536,-0.5454692328637021,0.21313867493274485,0.19005942235197054,0.18247484772746822,-0.07899266730680551,-0.2968930499247722,0.6276545456726665,-1.0723464441648158,-0.28704177243355855,0.5018678299298402,-0.038127209856767305,0.051307262836363,-0.3793541107941431,-0.29957850805317054,-0.16369755731082256,0.19891418821047316,0.3054015956287131,-0.29326353593278703,0.3279271017429779,0.02584631479030359,0,44.54166666666667,21.291666666666668,Rupicapra_rupicapra,150
900,0.5009775872031914,0.48989842898746777,0.5551636411194977,-0.5706485827361409,-0.7367903634726405,0.7809732316455466,-0.6101223925904176,0.0274306784239676,-0.22090441974686498,-0.5023192720593851,0.1468084718466098,-0.21152823077747307,-0.11666736265195404,-0.6528906716641043,-0.48174262139926194,0.18835148948780656,-0.46747432716257914,-1.7445005503008646,-0.05671524714457619,-0.0642200658359775,0.4002843830005218,-0.5608953677074832,0.07816639429832649,-0.25505196784966755,0.2511070985193062,0.13365428918059566,-0.3592870065561969,0.848395481604266,-1.338066277249806,-0.2736334274819141,0.7960492154984443,0.03076733629848818,0.3161846111515134,-1.0813107994446824,-0.20279987797910543,-0.5636751950973092,-0.410962661677141,0.4204729569029823,-0.9160721757843292,-0.8257374504383564,0.13318853348131787,0,52.04166666666667,5.208333333333333,Rupicapra_rupicapra,60
901,0.720875484494248,-0.20441973007630937,1.103430378780225,-0.6771177540666031,-0.8986026170122279,1.1515818436828698,-0.7421387035959219,0.2409027263457156,-0.20563153523486716,-0.45006792121674055,0.20221361931520085,-0.16371040063777198,-0.11666736265195404,-0.62734174688569,0.1580505583298932,-0.192433714316344,-0.7479372971286609,-1.8711278589232099,0.021646103666104435,-0.13076770250841177,0.07001902507237993,-0.22087036083020314,0.09166362236176832,-0.32751196160342255,0.3246416529391326,0.31134558158787606,-0.11862460240641595,1.1322052563734655,-1.1313952959614804,-0.028931132114402597,0.9668642135705371,-0.14411881932639112,0.7544362238183987,-1.4961033881927284,-0.25118919301613796,-0.7417421626887932,-0.5464908505410553,0.5055257021926596,-1.1405729645680247,-0.977037719576892,0.43569842251963087,0,50.87500000000001,-3.3750000000000004,Rupicapra_rupicapra,74
902,1.2603661665566495,1.3067433220036762,-0.906880992642442,-0.13907004898136255,-0.5075249142400841,0.3691858687448974,-0.5649589578795612,0.00878446343333224,0.02185406039120598,-0.17685119551608344,0.28993843614047,-0.0919836554282203,0.09560290171738395,-0.43572475567176633,1.0365292299508306,0.619983315743713,0.1355604092774642,-1.6907033974326942,0.11264638202689484,-0.2812232288982631,-0.5905116907839039,-0.5465146338648691,0.24688174509134944,0.024436579486244746,0.3540554747070631,0.2807593755177704,-0.18993198141375844,1.1006708369546654,-1.3971151290464705,-0.16301458163084726,1.2041072664484436,-0.048726370803729685,0.5858779112542121,-0.1879113775258142,0.13592532728012247,-0.5400226713243583,0.014983074752303798,0.4755070862080676,-0.6770874651436212,-0.9108438518287827,0.801637804420816,0,45.04166666666667,0.7916666666666666,Rupicapra_rupicapra,144
903,1.6579706636131017,-0.16357748542549896,1.0120525891701038,-0.20043237618575482,-0.24188018416130358,-0.20731645158823117,-0.05079034900015702,-0.27297501201813945,-0.1748178208685557,-0.30154860315556525,-0.010172779314398124,0.11124212266550942,0.09560290171738395,-0.5892118981947191,-0.6444561535485199,0.8731785189236668,0.17845219157592798,0.6674387410817622,-0.1180140457626086,-0.3116036717269831,-0.4253790118198329,-0.12882764588010534,0.16589837671069843,0.16935656699375481,0.12364720419160712,-0.148903995467047,-0.25232593804518316,0.4069136097410671,-0.8951998887748225,-0.3172105485747586,0.35003227608798004,-0.027528048909804922,0.003147744960881103,-0.34744698858275497,-0.3479678230902031,-0.0825482481060642,0.13115009377851602,0.20533954234673985,-0.19911804386220508,0.3279271017429779,-0.05222075334861589,0,46.70833333333334,22.04166666666667,Rupicapra_rupicapra,124
904,-1.1746692606146651,-2.8591656323789865,0.4637858515093765,-0.6992382177529499,-1.2195742603936481,1.4604223792810969,-0.7317163266341151,0.4319402955616766,-0.31575707092664107,-0.5885879188539951,0.1514255674689924,-0.33107280612672585,-0.32893762702129203,-0.6846332891604716,0.41114435352337664,-0.06192434935386347,-0.7070037264305028,-1.9280324642695594,-0.06935417469468597,3.4975251838930035,-1.2510424066401875,0.722206238790246,0.010680253981117304,-0.42067481071539337,0.2560094021472946,0.6623587083924218,0.10421095699152937,1.699824805911864,-1.2494929995548092,0.18560238711190885,1.4982886520170478,0.22155223334381108,1.0000497649833564,-1.3046606549243995,-0.15441056294207287,-0.693860224319161,-0.6142549449730125,0.44048536755937695,-1.097121198996987,-1.1094254550731106,0.5186446824172328,0,53.62500000000001,-1.9583333333333333,Rupicapra_rupicapra,41
905,-0.22892762010927323,0.20400271643179482,0.1896524826790128,-0.07024163277316475,0.09311268555410261,-0.186727103002049,-0.492002650464091,-0.1688219139034951,0.24813390197685822,0.28978375760021646,0.400748731077652,0.33837681582908974,0.5201434304560599,-0.3350774751229458,1.1017310218386664,0.5806192276232727,0.2233029325985435,-1.3782135947438485,0.27695244017832193,-0.2855632921595088,1.2259477778208765,-0.0936460035141938,0.4088484818526515,0.3142765545012649,0.46190615452280853,-0.06151483526674515,-0.30580647230069,0.12310383497186779,-1.0428220182664836,-0.3339709797643142,0.35003227608798004,-0.5256886134170369,0.24876128612583875,-0.4431683552169194,-0.10602124790504032,-0.4896408727185605,0.26667828264243026,0.5605598314977449,-0.6119098167870645,-0.4191179771285418,0.9382551736639251,0,43.37500000000001,3.0416666666666665,Rupicapra_rupicapra,164
906,-1.4342153495074,-0.4903154426319823,-0.26723646537159335,-0.17221818787569426,-0.4821352529906606,-0.02201213022929481,-0.13069490772349843,-0.20655711186875322,-0.1401858853742448,-0.28302045060535924,0.04061527253181032,0.12319658020043471,0.09560290171738395,-0.5522433726566784,-0.6069068726279951,0.8367455577376545,0.18511145583989033,0.6660793996326789,-0.08831256601985063,-0.2710964146220231,0.07001902507237993,-0.6070756278662589,0.1928928328375821,0.16935656699375481,0.16776793684350294,-0.010537825149902404,-0.23449909329334753,0.5961201262538666,-1.101870870063148,-0.2803375999577363,0.5018678299298402,0.046666077718931755,0.06575511819900756,-0.3793541107941431,-0.29957850805317054,-0.1481215050700988,0.14083067869736704,0.2753829796441211,-0.29326353593278703,0.3279271017429779,0.011208739514256187,0,45.62500000000001,18.20833333333333,Rupicapra_rupicapra,137
907,-0.9976195791305328,0.3265294503842261,0.1896524826790128,-0.041014549209673054,-0.10280501729020922,1.1927606022163328,-0.2766076550813097,0.2914787213426898,0.21517662487202077,0.11796536940095141,0.29917262738523515,0.4579213911783425,0.09560290171738395,-0.3650780986606149,1.1825056845762019,0.7493797150614948,0.33200198094973976,-1.6015593291671355,0.18342437630750957,-0.34777086557069736,0.31771804351848637,1.3926700325343013,0.3818540257257678,0.4177908312923435,0.38346929647499367,1.20708447364097,0.8261981694408722,0.7537922233478662,-0.6590044815881647,0.8660758934078655,1.0522717126065835,-0.13351965837942875,1.833209424229193,-0.41126123300553125,-0.25118919301613796,-0.2859984119416906,0.39252588658749354,0.47050398354396894,-0.387409028003369,-0.8068249167960394,0.9870470912507497,0,42.458333333333336,19.125,Rupicapra_rupicapra,175
908,-0.09350962446602158,0.44905618433665734,0.9206747995599827,0.021997945699880846,0.3803576226702293,-0.6602825500119315,-0.3148228384842949,-0.3375725749739477,0.03793078093015108,-0.27243293486238435,0.266852958028557,0.14710549527028527,-0.11666736265195404,-0.32230301273373857,1.0605432168377937,0.8545031570501275,0.4820259434696168,-1.343449407718368,0.08800047330418076,-0.1727216473671203,1.3910804567849475,0.7335035329753704,0.26037897315479125,0.231465133068402,0.3246416529391326,-0.35718149394443305,-0.5642957212023066,-0.1607059397973315,-0.8951998887748225,-0.5619128439422701,-0.0580257748620192,-0.7429714128297658,-0.04982772470214898,0.03543847795390286,-0.05763193286800776,-0.32964981760396583,0.36348413183094047,0.4204729569029823,-0.33671530150382484,-0.7028059817632962,0.8943424478357829,0,40.458333333333336,-2.8750000000000004,Rupicapra_rupicapra,199
909,-1.6720415839508498,0.44905618433665734,0.09827469306889156,-0.49095592263718346,-1.8425700411886834,0.9250987944710196,-0.34608990310627974,0.014442292064255718,-0.5611280181522906,-0.6495968444470015,-0.014789874936780708,-0.27130051845209946,-0.32893762702129203,-0.6234707004735976,-0.7041274987619415,0.26867377756804944,-0.3648467060333305,0.1801567646167926,-0.28927151406659607,-0.37091786963067447,0.1525853645544154,-0.40342312485117343,-0.04330865827265004,-0.28610625088699115,0.07462416791172284,0.3331928716379515,-0.0027501115194843847,1.0060675786982656,-0.9247243146731547,0.09509605868830871,0.8814567145344907,0.6826157345366747,0.21986557540054963,-0.7622395773308009,-0.29957850805317054,-0.340418446313602,-0.37224032200173696,0.21534574767493717,-0.5901839340015456,0.05369536392938205,-0.10101267093544056,0,48.04166666666667,10.374999999999998,Rupicapra_rupicapra,108
910,0.5065083940755476,-0.28610421937793024,1.6516971164409524,-0.2306724547167211,-0.04975193552906891,-0.31026325588024095,-0.07163497039689971,-0.2940319590497703,-0.12839629031235175,-0.27125654422427603,0.003678507552749635,0.20687778294491166,0.09560290171738395,-0.5990830803895083,-0.6518786893741442,0.8299142899959606,0.11617075237713026,0.6260711388231096,-0.07630558484724634,-0.25807622483828596,0.8956824198927347,-0.42720144741889465,0.19964144686930302,0.21076227771018627,0.15306102595953766,-0.23192369765733375,-0.4395078079394572,0.3753791903222672,-1.101870870063148,-0.4579981705670255,0.27411449916704994,-0.21301336548164662,-0.06427558006479354,-0.6346110884852483,-0.4447464531642682,-0.09639362787559644,0.15051126361621806,0.27037987698002247,-0.2787796140757744,0.3752084358487703,0.0014503559968912518,0,46.87500000000001,18.625,Rupicapra_rupicapra,122
911,-1.0468856192485245,-0.00020850682225728276,-0.17585867576147213,-0.8096936573986727,-2.104046375248139,1.8516204319462508,-0.47463208845784843,0.5818971335457809,-0.9067105234040312,-0.9501319749659518,-0.19485660420970155,-0.8809778527332887,-0.9657484201293061,-0.6720523652479151,0.06068447229054282,-0.4237818555909987,-0.9486876814454551,-1.8971524909726893,-0.635578128939604,-0.21901565548707458,-0.012547314409655536,8.884566245105868,-0.40098520195385867,-0.9175433393125707,-0.12637028083580262,1.298843091851287,0.34487336114131034,3.0558048409202607,-1.5152128326397993,0.42024842376568705,2.7888908596728594,0.968793080104659,1.476828991950627,-1.208939288290235,-0.39635713812723566,-0.46156551929700906,-1.0305200964836063,0.0002123331186946796,-0.7712329572142032,-1.7997329330176797,0.3527521626220289,0,46.04166666666667,7.041666666666668,Rupicapra_rupicapra,132
912,-1.4274648854272323,0.36737169503503647,0.281030272289134,-0.5105115416977422,-1.025551284655375,0.24564966217574388,-0.2905040251701812,-0.1950446938598681,-0.5614294566623959,-0.6463944477099289,-0.07481211802775432,-0.3549817211965764,-0.32893762702129203,-0.6778589440953562,-0.7623434398951286,0.41641870662364755,-0.3088324405041264,0.23570188034080286,-0.34235500977705713,-0.32896392477196595,-0.6730780302659393,0.15401781537178558,-0.056805886336091876,-0.28610625088699115,0.03540573888781544,-0.09938347135354261,-0.26123936042110096,0.24924151264706748,-0.5113823520965035,-0.15631040915502503,0.15074811167053856,0.2851471990255854,-0.15577866402820914,-0.7941466995421891,-0.3479678230902031,-0.27676815876200245,-0.37224032200173696,0.16531472103395053,-0.5177643247164825,0.05369536392938205,-0.14980458852226525,0,50.29166666666667,17.375,Rupicapra_rupicapra,81
913,1.2027722486924317,0.48989842898746777,0.281030272289134,0.18224898322308514,0.43833711055379954,-0.8455868100097689,-0.38083102711876476,-0.37471739685950545,0.21718621493938892,0.25958973122210294,0.4146000179447998,0.2905589856893886,0.09560290171738395,-0.179074166276087,1.1871628443872373,0.8326272487780936,0.6236286248471793,0.4035024619967656,0.24156344303801455,-0.46495257362433157,1.473646796266983,-0.43148635742780483,0.3886026397574887,0.3867365482550199,0.432492332754878,-0.44748362615141163,-0.5732091435782244,-0.3183780368913311,-0.7475777592831614,-0.588729533845559,-0.16241271812829808,-0.7853680566176152,-0.19430627832859465,0.2587883334336199,0.039146697206057346,-0.3869543060945298,0.5086929056137057,0.4905163942003636,-0.3294733405753186,0.02532656346590662,0.9724095159747024,0,38.87500000000001,-1.7916666666666672,Rupicapra_rupicapra,218
914,-1.031631328924769,1.1433743434004344,1.0120525891701038,0.5884885831108712,0.9222579593851599,-1.1544274069690952,-0.42599446182962114,-0.4458583525657878,0.6966744050134265,0.7274010749765112,0.6500718946863117,0.7567828295514745,1.156954223564074,0.10293182787996133,1.7669935647754953,1.0969266227800554,0.8265334154862328,-0.201473087062769,0.6080923419911981,-0.3506642410781945,1.473646796266983,-0.40983193195828416,0.7192847273118137,0.8421993661357658,0.6874121214102761,-0.6222619465520154,-0.7069104792169916,-0.5706533922417305,-0.4818579261981713,-0.7060525521724481,-0.49455299215736725,-0.8701613441933144,-0.20393818190369103,0.5140453111247252,0.13592532728012247,-0.45021999976364235,0.9636803967997036,0.7156560140848034,-0.31498941871830594,0.507596171344989,1.167577186322001,0,35.54166666666667,10.20833333333333,Rupicapra_rupicapra,258
915,-1.0258745706050991,0.24484496108260523,0.1896524826790128,-0.580189421842146,-2.072972376828562,1.3986542721614514,-0.44683908322636384,0.2644195768373843,-0.6211142816632295,-0.6889405757881798,-0.02402406618154588,-0.4386629239410534,-0.5412078913906301,-0.6314063502330381,-0.48086936229540694,0.04844703091689977,-0.5371983152654615,0.00924869343933698,-0.3271882967169254,0.028367950403931017,-1.0033433881940812,-0.24229555653728038,-0.1040461845581383,-0.4517290937527169,0.064819560655746,0.7584867846127539,0.05073042273602249,1.9205657418434634,-1.3675907031481382,0.1721940421602644,1.8588980923914658,0.8045060854267421,0.8170435970565251,-0.9217751883877416,-0.29957850805317054,-0.42714436681442197,-0.5561714354599063,0.20533954234673985,-0.7132972697861527,-0.09760490520915359,-0.008308027520473682,0,48.04166666666667,8.291666666666666,Rupicapra_rupicapra,108
916,-1.046524570956838,0.6532674075907094,0.1896524826790128,-0.39048245702571727,-0.26158566409261125,0.43095397202947416,-0.7143457646278727,0.03303929810041435,-0.02195500307741941,-0.06319878886772971,0.2807042448957048,-0.0919836554282203,0.09560290171738395,-0.5313397035727748,0.7336607206995194,0.24894286272146793,-0.27201193600284107,-1.7835374983750838,0.14045202263713635,-0.3795979961531659,0.31771804351848637,-0.5070163706555066,0.21988728896446577,-0.11013198034215746,0.38346929647499367,0.09432916709045981,-0.27906620517293657,0.8168610621854661,-1.1609197218598126,-0.19988753024786954,0.7011519943472817,-0.32960413589823284,0.49919077907834464,-0.9217751883877416,0.039146697206057346,-0.6755920149010282,-0.2463927180566737,0.5605598314977449,-0.9957337459978987,-0.8541062509018318,0.7382083115579439,0,47.54166666666667,-1.7916666666666672,Rupicapra_rupicapra,114
917,-0.1322909775679751,0.04063373782855314,0.1896524826790128,-0.25501484643340916,-0.08575232877744997,-0.2896739072940588,-0.08553147301264204,-0.2922608120429519,-0.18218631778223887,-0.308018751665161,-0.014789874936780708,0.11124212266550942,0.09560290171738395,-0.6083735917785298,-0.6639584960488996,0.809386319229698,0.08973033831754201,0.6309264800705002,-0.12433350953766349,-0.29569010643574883,1.2259477778208765,-0.09547784592956812,0.1591497626789775,0.13830228395643124,0.12854950781959554,-0.22901072565065703,-0.46624807506721067,0.3753791903222672,-1.101870870063148,-0.46470234304284774,0.2836042212821662,-0.20241420453468423,-0.05945962827724536,-0.570796844062472,-0.39635713812723566,-0.11273886788129421,0.09242775410311195,0.24036126099543048,-0.2787796140757744,0.44140230359687965,-0.027824794555203553,0,47.20833333333334,18.20833333333333,Rupicapra_rupicapra,118
918,0.36127862800803884,0.44905618433665734,1.1948081683903464,-0.10492546765077003,-0.39573428028286367,-0.2690845587078766,-0.4433650238358636,-0.20089928323782974,0.15529084086445027,0.1992016784658759,0.32687520111953067,0.3025134432243139,0.09560290171738395,-0.347658380576897,-0.6448927831004474,0.487139355508407,0.1269427839884269,0.1677271028773328,0.1884799473275535,-0.2566295370845374,1.473646796266983,-0.3556729179164947,0.3413623415354423,0.2521679884266177,0.398176207358959,-0.132882649430325,-0.40385411843578595,0.34384477090346727,-1.0428220182664836,-0.3909564458088032,0.33105283185774753,-0.26600917021645853,-0.09798724257763088,-0.5388897218510839,-0.15441056294207287,-0.4367592138765971,0.18923360329162214,0.5155319075208569,-0.6046678558585581,0.006414029823589663,0.1575844922747302,0,41.87500000000001,1.1249999999999998,Rupicapra_rupicapra,182
919,1.4737220057426175,0.24484496108260523,0.1896524826790128,-0.5700277631015808,-0.7420958017513254,0.2868283900286577,-0.3044005277859235,-0.18855050068001217,-0.5433431460560826,-0.6344998312579447,-0.06557792678298915,-0.22348268831239837,-0.32893762702129203,-0.6993432839850277,-0.7833011864757428,0.3391535732936642,-0.40088392589449356,0.14442137598590385,-0.29685487059666193,0.028367950403931017,-1.0033433881940812,-0.23427936278764874,-0.029811430209208203,-0.23434911249145182,0.064819560655746,-0.12705670541697153,-0.36820042893211474,0.4069136097410671,-1.0132975923681515,-0.3172105485747586,0.3595219982030963,0.03076733629848818,-0.030563917551956223,-1.1132179216560705,-0.49313576820130073,-0.28253706699930753,-0.37224032200173696,0.23035505566723316,-0.6119098167870645,0.10097669803517445,-0.1254086297288529,0,51.12500000000001,14.541666666666664,Rupicapra_rupicapra,71
920,-0.10549453165395277,0.24484496108260523,-0.5413698342019571,-0.42593409003793764,-1.22525851399097,1.069224387977042,-0.32177108979216607,0.0820409819084771,-0.582228713859656,-0.6624064313952921,-0.06096083116060657,-0.39084509380135224,-0.32893762702129203,-0.5752761311111868,-0.6710899455065721,0.2719659041793815,-0.27436223819751554,-1.598840312879143,-0.3404591706445407,-0.37381124513817166,-0.6730780302659393,1.6822193882334506,-0.07030311439953371,-0.33786338928253046,0.05011264977178072,0.5385573981086609,-0.05623064577499126,1.7944280641682637,-1.456163980843135,-0.012170700924847016,1.5742064289379778,0.26924845760514177,0.6484852844923384,-0.6984253329080246,-0.29957850805317054,-0.3294575206627223,-0.3528791521640349,0.17532092636214786,-0.5177643247164825,-1.0999691882519522,-0.13516701324621783,0,43.62500000000001,18.625,Rupicapra_rupicapra,161
921,-1.516968635138484,-1.3071603356481907,-0.5413698342019571,-0.350129679349523,-1.0407093183413016,0.38977523267135433,-0.5510625215272543,-0.05748584738805816,-0.2719480074580157,-0.4562439720668092,0.1421913762242272,-0.378890636266427,-0.32893762702129203,-0.5243718015724035,-0.6026862313307916,0.3362913415652241,-0.18270254455197873,0.292994847790711,-0.11485431387508116,1.706525744752273,-0.9207770487120457,0.0312891866623586,0.044423324139721894,-0.27575482320788325,0.20698636586741034,0.10743754112050509,-0.18101855903784064,0.7853266427666662,-1.101870870063148,-0.22335213391324737,0.6821725501170492,0.11026104340070605,0.1379943950122304,-0.41126123300553125,0.039146697206057346,-0.52310054049493,-0.2947956426509288,0.33542021161330504,-0.7060553088576464,-0.10706117203031207,0.016087931272938654,0,45.95833333333334,2.8749999999999987,Rupicapra_rupicapra,133
922,-1.1390138325472257,-0.0410507514730677,0.09827469306889156,-0.4334327855339534,-1.0952782396106375,0.5133114430755765,-0.24534059045932483,-0.12779039162611508,-0.5451517771167139,-0.6347285738820214,-0.056343735538223985,-0.29520943352195,-0.32893762702129203,-0.6511486961640115,-0.40547971408640576,0.5235781979924915,-0.20170040970748235,0.34193662236817685,-0.32150077931937604,-0.23637590853205742,-0.6730780302659393,-0.253718226645735,-0.04330865827265004,-0.22399768481234394,0.04030804251580387,0.10452456911382836,-0.163191714286005,0.7853266427666662,-0.954248740571487,-0.11273328806218051,0.6916622722321655,0.35404174518084086,0.15244225037487497,-0.570796844062472,-0.29957850805317054,-0.2375395827483278,-0.26575388789437576,0.1603116183698519,-0.4308607935744068,0.11043296485633292,0.020967123031621123,0,49.12500000000001,14.041666666666664,Rupicapra_rupicapra,95
923,-1.2479732231423903,0.24484496108260523,-0.5413698342019571,-0.3172266375740074,-1.1233206922786094,0.6986157605994442,-0.21754771775471096,-0.04543220595079781,-0.5041561397424039,-0.6118543114743596,-0.04710954429345881,-0.2593460609171742,-0.32893762702129203,-0.5760503219349999,-0.6502777421099338,0.5706677912234035,-0.04110001259918545,0.4009775897172387,-0.27852842564900276,-0.37381124513817166,-0.6730780302659393,-0.1371239789041194,0.010680253981117304,-0.1515376910585889,0.06972186428373442,0.339018815651305,-0.13645144715825158,1.1952740952110652,-1.2790174254531415,-0.09932494311053605,1.0143128241461183,0.30104594044602895,0.3691600808145435,-0.5069825996396957,-0.29957850805317054,-0.23292445615848373,-0.14958686886816353,0.1853271316903452,-0.3801670670748627,0.02532656346590662,-0.10101267093544056,0,44.45833333333334,17.875,Rupicapra_rupicapra,151
924,0.7496213541713699,0.48989842898746777,1.9258304852713162,-0.062318155452024224,0.3515575393649837,-0.6191038528395671,-0.3773568352013938,-0.32660132409028625,-0.007084036578895195,-0.30301909145320066,0.22529909742711376,0.003652004851181927,-0.11666736265195404,-0.37920742267940305,0.9611394707037336,0.7524827999490796,0.33454788016729103,0.1894789368347595,0.04186838774628008,-0.08013363112721178,1.308514117302912,-0.20005917062030912,0.2266359029961867,0.11759942859821551,0.31973934931114417,-0.36592040996446323,-0.5732091435782244,-0.1607059397973315,-0.954248740571487,-0.5719691026560035,-0.0580257748620192,-0.7005747690419162,-0.05945962827724536,-0.15600425531442605,-0.05763193286800776,-0.4163757381047858,0.2182753580481752,0.4204729569029823,-0.44534471543141946,-0.16379877295726294,0.8406713384902758,0,41.54166666666667,-4.041666666666667,Rupicapra_rupicapra,186
925,0.7089316593876466,0.08147598247936355,2.1085860644915586,-0.1809748757439573,0.020354123861654642,-0.3926207729471675,-0.04384209769228586,-0.31577766253462064,-0.15492287920161116,-0.2877260131577925,-0.014789874936780708,0.11124212266550942,0.09560290171738395,-0.589405455129975,-0.6325218900577404,0.9185532936738314,0.20645947376529925,0.7055047468537706,-0.1066390109675098,-0.1727216473671203,1.143381438338841,-0.6169657831169314,0.17939560477414027,0.1797079946728627,0.12854950781959554,-0.261053417724101,-0.40385411843578595,0.24924151264706748,-0.954248740571487,-0.42447730818791435,0.16023783378565482,-0.18651546311424066,-0.11243509794027544,-0.34744698858275497,-0.3479678230902031,-0.08177906034109018,0.16019184853506907,0.21534574767493717,-0.19187608293369876,0.3468396353852949,-0.022945602796521084,0,46.79166666666667,20.541666666666668,Rupicapra_rupicapra,123
926,1.523389715376944,0.28568720573341566,1.0120525891701038,-0.40012141475048346,-0.6496316155691577,0.3074177539551146,-0.4642096452326063,-0.09654938684071289,-0.20522961722139352,-0.4080119559043681,0.08678622875563619,-0.21152823077747307,-0.11666736265195404,-0.596566895606997,-0.3364938549342458,0.39004612588274534,-0.24106696285108817,0.30289978542389967,-0.11485431387508116,-0.24794941056204597,0.31771804351848637,-0.2668576547155957,0.09166362236176832,-0.1825919740959125,0.21188866949539878,0.022961352926879973,-0.3325467394284435,0.6907233845102664,-1.2494929995548092,-0.3339709797643142,0.7011519943472817,0.004269433931082226,0.3017367557888688,-0.6984253329080246,-0.15441056294207287,-0.4640653795331746,-0.2560733029755247,0.3604357249337984,-0.7132972697861527,0.14825803214096683,0.1575844922747302,0,48.37500000000001,4.958333333333333,Rupicapra_rupicapra,104
927,1.6496107234091713,0.20400271643179482,0.37240806189925524,-0.34191214531422925,-0.6037785546343288,0.6574370174062557,-0.4294685212201213,-0.014535588775863955,-0.2550674508921233,-0.5287227063813718,0.12372299373469686,-0.22348268831239837,-0.32893762702129203,-0.4995971045350128,0.8217122650406075,0.3214015752174504,-0.15352033540242402,-1.1206863275803611,-0.1401321689753007,-0.30003016969699453,0.8956824198927347,0.11100088215685283,0.05792055220316373,-0.1825919740959125,0.18247484772746822,0.28658531953112387,-0.20775882616559407,0.848395481604266,-1.338066277249806,-0.14625415044129167,1.109210045297281,-0.1017221755385416,0.43658340584021815,-0.5388897218510839,-0.15441056294207287,-0.4304134148155615,-0.19798979346241863,0.29539539030051576,-0.5757000121445329,-0.5231369121612851,0.7040539692471667,0,44.37500000000001,5.374999999999999,Rupicapra_rupicapra,152
928,-0.41286065698954144,-0.28610421937793024,-0.26723646537159335,-0.1840299146073776,-0.8633600712387386,0.47213270755252534,-0.22449596906258212,-0.05660027388464897,0.13519494019076891,-0.19302656679007282,0.2160649061823486,0.4579213911783425,0.09560290171738395,-0.4717255334507378,-0.7381838265456179,0.6129111948428745,0.0905139218072027,0.15801642038255137,0.09684772258925761,-0.4403588818106059,-0.17767999337372647,-0.56713536830359,0.3278651134720005,0.35568226521769636,0.30503243842717886,0.30843260958119934,-0.17210513666192284,1.2583429340486652,-1.3085418513514737,-0.16636666786875837,1.0617614347216997,0.21625265287032988,0.2728410450635797,-0.6027039662738601,-0.3479678230902031,-0.2256171723912306,0.23763652788587722,0.410466751574785,-0.41637687171739424,0.13880176531980837,0.06487984885976333,0,45.62500000000001,12.20833333333333,Rupicapra_rupicapra,137
929,-0.4126312820354503,0.612425162939899,0.0068969034587703275,-0.38184014116529885,-0.42908202667110834,0.1427028118629099,-0.5058990205529625,-0.13438300271492448,-0.1947797488710792,-0.4080119559043681,0.12372299373469686,-0.23543714584732364,-0.32893762702129203,-0.5963733386717411,-0.330526723188856,0.4681256789648133,-0.17839373190746008,0.36504809412119854,-0.08199310224479574,-0.3318573002794631,-0.012547314409655536,-0.1517172433283774,0.09841223639348924,-0.1825919740959125,0.2314978840073525,-0.06297132127008351,-0.4305943855635394,0.6591889650914664,-1.4266395549448028,-0.4177731357120921,0.6062547731961191,-0.12822007790594755,0.1765220093126159,-0.6027039662738601,-0.05763193286800776,-0.4952174840146221,-0.2367121331378227,0.380448135590193,-0.7277811916431653,0.14825803214096683,0.16734287579209514,0,48.95833333333334,3.9583333333333326,Rupicapra_rupicapra,97
930,1.162791746504997,-0.4903154426319823,-0.7241254134221995,-0.5432184459497789,-0.31084929164167435,0.32800713322184627,-0.6865528919232587,-0.07283573806657163,-0.14534383321382302,-0.4068355652662598,0.23453328867187895,-0.15175594310284668,-0.11666736265195404,-0.618631887843831,-0.44797737998353726,0.142001539504919,-0.4520018405867027,-1.7046867668895864,0.046923958766323985,-0.03817968626850324,-1.0033433881940812,-0.2726098034677111,0.13215530655209384,-0.22399768481234394,0.329543956567121,-0.08918806933017406,-0.45733465269129286,0.6276545456726665,-1.338066277249806,-0.3909564458088032,0.5967650510810029,-0.31900497495127045,0.1765220093126159,-1.0494036772332942,-0.10602124790504032,-0.6644387923089049,-0.3625597370828859,0.4905163942003636,-0.981249824140886,-0.7311747822267716,0.19173883458550747,0,51.37500000000001,0.20833333333333276,Rupicapra_rupicapra,68
931,-0.6354427811041485,-1.5522138035530533,-0.17585867576147213,-0.6011989713703438,-2.063498594481232,1.0074562808573968,-0.3530381544141509,-0.024178479404411604,-0.7521060608878426,-0.7946523456293023,-0.10251469176204984,-0.6179797869649325,-0.5412078913906301,-0.6219222819087608,-0.8511227556751438,-0.005353543507040292,-0.5607007395131297,-0.014056885278836128,-0.49023046211334154,0.7589452660469592,0.8131160804106992,3.5107650898784506,-0.2187726230973939,-0.5759462259020113,-0.04303111915999938,0.27202045949774023,0.01507673323235124,0.5015168679974669,-0.6294800556898325,0.10850440363995319,0.3879911645484451,0.7038140564305995,-0.06909153185234174,-0.7622395773308009,-0.3479678230902031,-0.3521485597294557,-0.6239355298918634,0.045240257095582645,-0.5322482465734951,-0.21108010706305533,-0.28154276600669187,0,46.29166666666667,11.95833333333333,Rupicapra_rupicapra,129
932,-1.0136190747084093,-0.12273524077468854,-0.3586142549817146,-0.14331776751856606,0.11168135813346952,0.019166597623618997,-0.3843050865092649,-0.13630173904973866,0.1613196110665547,0.06584472862920783,0.28993843614047,0.350331273364015,0.09560290171738395,-0.41462752965260674,1.096491578253632,0.6622723694386963,0.2162521754392892,-1.4403619775277752,0.18089659079748763,-0.30726360846573736,0.5654170619645927,0.794401639854879,0.3481109555671632,0.30392512682215705,0.398176207358959,0.034613240953586887,-0.20775882616559407,0.31231035148466735,-1.0132975923681515,-0.20323961648578065,0.49237810781472396,-0.446194906314819,0.3017367557888688,-0.7303324551194128,-0.29957850805317054,-0.39041565103691284,0.2763588675612813,0.5355443181772516,-0.5684580512160267,-0.4853118448766512,0.9333759819052426,0,42.87500000000001,11.95833333333333,Rupicapra_rupicapra,170
933,-0.8321130407866991,-0.28610421937793024,1.0120525891701038,-0.6319291444248989,-0.7011690023805144,0.5750795463601533,-0.7108717052373724,-0.01719230928609153,-0.21166030543697156,-0.4447741633452531,0.19297942807043567,-0.23543714584732364,-0.11666736265195404,-0.6656651340533115,-0.49513226121075204,0.05927015970960354,-0.5879244382128404,-1.9119127328099548,-0.0011039659240931652,0.07032189526263957,-0.17767999337372647,-0.150076869200411,0.0849150083300474,-0.30680910624520685,0.30013013479919043,-0.03675457320999296,-0.47516149744312847,0.848395481604266,-1.5447372585381316,-0.414421049474181,0.7675800491530955,-0.20241420453468423,0.20541772003790507,-1.208939288290235,-0.15441056294207287,-0.6875144252581253,-0.47872675610909815,0.4755070862080676,-1.0464274724974427,-1.0243190536826845,0.16734287579209514,0,53.29166666666667,-1.2083333333333333,Rupicapra_rupicapra,45
934,-0.6794825089429735,0.1631604717809844,0.37240806189925524,-0.10394517888954917,-0.35859707968254184,-0.0014227509625631685,-0.1272208483329982,-0.19253556267763636,-0.12102779339866857,-0.2706683489052219,0.06370075064372326,0.11124212266550942,0.09560290171738395,-0.5278557525725891,-0.5847848083350983,0.9671230135862313,0.31946733476101413,0.768041565827884,-0.06113887178711461,-0.33764405129445735,-0.095113653891691,-0.6122216046707079,0.21313867493274485,0.21076227771018627,0.18247484772746822,0.05209107299364726,-0.23449909329334753,0.7537922233478662,-1.2199685736564772,-0.25687299629235855,0.6821725501170492,0.051965658192412945,0.16689010573751956,-0.1879113775258142,-0.25118919301613796,-0.14081422130284568,0.2279559429670262,0.28538918497231847,-0.2425698094332429,0.3468396353852949,0.016087931272938654,0,45.12500000000001,18.791666666666668,Rupicapra_rupicapra,143
935,1.4802522132473226,0.612425162939899,0.37240806189925524,-0.6153306450370862,-1.337807067702288,1.1104031465105053,-0.5024249611624623,0.1181034507758703,-0.403241225192734,-0.6461657050858522,0.022146890042279977,-0.28325497598702476,-0.32893762702129203,-0.6904398680079127,-0.5012449638996416,0.1630571467267962,-0.5370024193930464,-1.9282266823646528,-0.19574345019578374,-0.19442196367334888,1.0608150988568057,-0.22382780825013265,-0.002816974082324531,-0.3171605339243147,0.1579633295875261,0.3506707036780119,-0.18101855903784064,1.289877353467465,-1.4266395549448028,-0.14290206420338056,1.2420661549089087,0.22685181381729225,0.6003257666168565,-1.2408464105016233,-0.3479678230902031,-0.47887224400892436,-0.47872675610909815,0.34042331427740374,-0.8508945274277725,-1.2796382578539633,0.07951742413581073,0,51.37500000000001,8.041666666666666,Rupicapra_rupicapra,68
936,-1.2627791986699681,-0.4903154426319823,1.6516971164409524,-0.5936675696680743,-0.43249259328534256,0.3691858687448974,-0.6969752026216302,-0.07318012567703996,-0.20522961722139352,-0.4403626984523469,0.19297942807043567,-0.27130051845209946,-0.11666736265195404,-0.6308256978858756,-0.46587877521970655,0.044776120703540784,-0.552670801841338,-1.7299345265586925,-0.0162706789842249,0.006667634097702457,-0.4253790118198329,-0.5081996059319359,0.09166362236176832,-0.30680910624520685,0.30013013479919043,-0.10229644336021934,-0.4395078079394572,0.5015168679974669,-1.2790174254531415,-0.40101270452253657,0.48288838569960774,-0.27660833116342093,0.1428103467997786,-1.1451250438674587,-0.15441056294207287,-0.6890528007880734,-0.47872675610909815,0.44048536755937695,-0.9957337459978987,-0.7689998495114055,0.17222206755077762,0,51.62500000000001,-1.7083333333333333,Rupicapra_rupicapra,65
937,1.1429767526236192,0.6532674075907094,2.19996385410168,-0.27631845267576033,-0.5226830202052167,0.2868283900286577,-0.5614848322256256,-0.06225806498013806,-0.21447373153128696,-0.43006928036889913,0.20221361931520085,-0.29520943352195,-0.11666736265195404,-0.424692268782652,0.6451724635279319,0.24454953306158142,-0.12237961580302517,-0.11174647564187228,-0.05671524714457619,-0.41721187775062873,1.473646796266983,0.12469182341754267,0.0849150083300474,-0.22399768481234394,0.2511070985193062,0.11326348513385855,-0.2879796275488544,0.6907233845102664,-1.3085418513514737,-0.29709803114729194,0.8434978260740257,-0.21831294595512782,0.3161846111515134,-0.3793541107941431,0.039146697206057346,-0.5480991428565855,-0.22703154821897167,0.35543262226969974,-0.6843294260721275,-0.38129290984390796,0.6845372022124367,0,42.54166666666667,-0.6250000000000003,Rupicapra_rupicapra,174
938,0.4021296226303165,0.20400271643179482,0.1896524826790128,-0.39606973402271545,-0.8766234500978327,1.2339393607497962,-0.2939782170875522,0.18634166935111723,-0.43345206253883495,-0.6171153918281218,-0.028641161803928467,-0.21152823077747307,-0.32893762702129203,-0.5897925505418815,0.8155996178707657,0.42958777319260166,-0.161746168946631,-1.6205922579665117,-0.24187553575368442,-0.28411660440576025,0.7305497409286638,-0.22708848227115022,0.017428868012838224,-0.17224054641680464,0.1040379896796534,0.7686821866361224,0.3092196716376391,1.6052215476554643,-1.0723464441648158,0.40684007881404255,1.5647167068228616,0.15265768718855557,1.0000497649833564,-0.8579609439649654,-0.39635713812723566,-0.2961901498275963,-0.21735096330012066,0.2603736716518251,-0.5394902075020014,-0.995950253219209,0.7089331610058491,0,44.45833333333334,15.70833333333333,Rupicapra_rupicapra,151
939,0.6214518440894061,-0.4903154426319823,-0.08448088615135091,0.04230491007788429,0.644865689955481,-0.5573356843588227,-0.5753812685779326,-0.24178321618721396,0.4326142701612532,0.4697715252307893,0.5300274085043645,0.5894204240625206,0.732413694825398,-0.20365534329543228,1.1868717025002378,0.5457005606599291,0.06387776129996847,-1.2152683543352765,0.4791752809800784,-0.38683143492190875,0.2351517040364509,-0.3044762231118802,0.5370721484553489,0.5006022527252064,0.6040729597344728,-0.27124881974746956,-0.3503735841802791,-0.5391189728229305,-0.15708924131651672,-0.327266807288492,-0.44710438158178595,-0.8436634418259084,0.30655270757641706,-0.6027039662738601,-0.05763193286800776,-0.5480991428565855,0.42156764134404656,0.7256622194130007,-0.7350231525716716,-0.1354299724937875,1.0163222418028446,0,39.54166666666667,8.874999999999998,Rupicapra_rupicapra,210
940,-1.1062250647125755,-0.16357748542549896,1.6516971164409524,-0.4966086120466891,-0.4237767329508355,0.019166597623618997,-0.1897548450500971,-0.2506389136858715,-0.3808677891093687,-0.5818890277203227,-0.051726639915841394,-0.008302452683743352,-0.11666736265195404,-0.7012787979617711,-0.774423246569884,0.5466642533583208,-0.24537577549560682,0.29862706141847495,-0.22797271544856368,0.5607490437834051,-0.17767999337372647,-0.5023170040011682,0.05792055220316373,-0.058374841946618156,0.08933107879568812,-0.20716343560058156,-0.4305943855635394,0.31231035148466735,-1.0428220182664836,-0.3909564458088032,0.24564533282170117,-0.08582343411809802,-0.06427558006479354,-1.0174965550219062,-0.49313576820130073,-0.1958111464984876,-0.16894803870586556,0.24536436365952913,-0.48155452007395094,0.2617332339948686,-0.0961334791767581,0,51.79166666666667,14.95833333333333,Rupicapra_rupicapra,63
941,-1.5385471629486112,0.24484496108260523,0.09827469306889156,-0.5175691022655065,-0.49880905390557695,-0.042601478815476976,0.025640150332684193,-0.3084471048058322,-0.519228065247665,-0.6079656868650571,-0.2040907954544667,-0.11589257049807085,-0.32893762702129203,-0.7326343015876265,-0.8131368452026916,0.5740806244761208,-0.25634370297931863,0.28775099626650574,-0.3543619909496614,-0.278329853390766,-0.5079453513018684,-0.5880397197898475,-0.056805886336091876,-0.1308348357003732,-0.08224954818390678,-0.2566839597140859,-0.38602727368395034,0.09156941555306787,-0.6294800556898325,-0.3306188935264031,0.00840227994379463,0.009569014404563416,-0.2232019890538838,-0.8898680661763535,-0.5899143982753658,0.01417711333941792,-0.21735096330012066,0.030230949103286654,-0.20636000479071137,0.19553936624675922,-0.25714680721327954,0,51.79166666666667,21.875,Rupicapra_rupicapra,63
942,-0.45954280536723036,0.9391631201463824,0.646541430729619,-0.5391178056266737,-0.8125806041814798,0.6574370174062557,-0.48158020723884887,-0.031066269149212605,-0.2884266460104344,-0.6312974345208722,0.035998176909427734,-0.22348268831239837,-0.32893762702129203,-0.6598585736644758,-0.4389538691341788,0.27147831656302,-0.42614911414435996,0.11936779736857706,-0.16288223856549833,-0.278329853390766,-0.4253790118198329,-0.15338219176341353,0.03092609607628006,-0.25505196784966755,0.18247484772746822,0.08559025107042963,-0.37711385130803254,0.8168610621854661,-1.3971151290464705,-0.32391472105058083,0.7865594933833281,0.020168175351525798,0.2872889004262243,-1.1451250438674587,-0.29957850805317054,-0.47502630518405425,-0.391601491839439,0.36543882759789703,-0.8219266837137473,0.08206416439285749,0.113671766446588,0,49.87500000000001,6.374999999999999,Rupicapra_rupicapra,86
943,-1.267359258208217,-0.3269464640287406,2.19996385410168,-0.24988495775374597,-0.5003248934137726,0.3691858687448974,-0.3321934004905374,-0.0656035607113023,0.10062999103203696,-0.10724808276134122,0.211447810559966,0.3622857308989403,0.09560290171738395,-0.4668867208209711,-0.5875501010711154,0.5091757391992663,0.015306044674849013,-1.0342612385594807,0.10759081100685092,-0.3202837982494745,0.2351517040364509,0.5872949364820648,0.3076192713768377,0.2625194161057256,0.3442508674510863,0.17880535528408492,-0.2255856709174297,1.0060675786982656,-1.2790174254531415,-0.16301458163084726,0.9573744914554209,-0.12822007790594755,0.2680250932760315,-1.0174965550219062,-0.4447464531642682,-0.3340726472525664,0.16019184853506907,0.4905163942003636,-0.5901839340015456,-0.14488623931494599,0.13318853348131787,0,42.95833333333334,13.374999999999998,Rupicapra_rupicapra,169
944,-1.258059532475534,0.3265294503842261,1.7430749060510737,-0.29459972626094494,-0.4514401534625524,0.16329219112964155,-0.5232695825592051,-0.10215800651715963,-0.07621393489635911,-0.3427222754893564,0.20221361931520085,-0.10393811296314558,0.09560290171738395,-0.5408237718970522,-0.2616863239421001,0.5192361196443764,-0.06891124949137234,0.430109637201583,0.021646103666104435,-0.31883711049572594,0.6479834014466282,-0.4637583411835144,0.17939560477414027,-0.04802341426751029,0.2903255275432136,0.012765950903511422,-0.39494069605986815,0.8799299010230659,-1.456163980843135,-0.3909564458088032,0.7580903270379793,-0.14411881932639112,0.24394533433829058,-0.5388897218510839,-0.05763193286800776,-0.4940637023671611,-0.11086452919275945,0.44048536755937695,-0.720539230714659,0.1198892316774914,0.23077236865496722,0,47.37500000000001,2.9583333333333326,Rupicapra_rupicapra,116
945,0.2614462735633009,0.4082139396858469,0.5551636411194977,-0.6809405910646384,-2.104046375248139,1.6869053978123976,-0.34261571118890877,0.3582902180570211,-0.8645091319893004,-0.8869336556853549,-0.2133249866992319,-0.8570689376634381,-0.753478155759968,-0.6846332891604716,-0.5542214614477942,-0.04238303635465514,-0.6656785134122837,-0.11815541347675358,-0.6475851101122082,-0.24794941056204597,0.8956824198927347,2.285271944579027,-0.3537449037318123,-0.7622719241259528,-0.15088179897574475,1.1138693694273147,0.5587954981633378,1.9836345806810634,-1.0132975923681515,0.6984715815123097,2.0012439241182096,1.6365402197632892,0.8603871631444588,-0.7303324551194128,-0.29957850805317054,-0.3323419747813749,-0.8175472282688838,-0.04981869352229194,-0.5394902075020014,-0.38129290984390796,-0.2034756978677724,0,47.62500000000001,14.124999999999998,Rupicapra_rupicapra,113
946,1.0061910660227644,0.24484496108260523,-0.3586142549817146,-0.5135991870533727,-1.80543282251856,1.028045629443579,-0.17238428304385459,-0.02309610761852988,-0.6099610567893363,-0.6717848789824334,-0.15330274360825827,-0.4386629239410534,-0.32893762702129203,-0.679794476530705,-0.7630711280554839,0.374445002530056,-0.3270468715947385,0.21764000497357916,-0.46495260701312197,-0.2334825330245603,0.07001902507237993,0.3500538716718128,-0.1377892547167429,-0.35856624464074616,-0.06264033367195308,0.403104199798193,0.22899887025437876,0.9429987398606657,-0.7180533333848291,0.22582742196684227,0.7865594933833281,0.8892993730024411,0.19578581646280868,-0.6027039662738601,-0.39635713812723566,-0.18196576672895537,-0.410962661677141,0.025227846439187993,-0.34395726243233116,-0.012498503818727292,-0.23763004017854966,0,49.29166666666667,19.041666666666668,Rupicapra_rupicapra,93
947,1.580129599973518,-0.0410507514730677,0.09827469306889156,-0.415707018884865,-1.001677318355735,0.24564966217574388,-0.2071254070563396,-0.18805848620611365,-0.5110892254748239,-0.6139129950910492,-0.07481211802775432,-0.27130051845209946,-0.32893762702129203,-0.6567617180761967,-0.7291603434557834,0.5903813422375815,-0.14039815102122208,0.40272544144313654,-0.30949379814677175,-0.23637590853205742,-0.6730780302659393,-0.11989954185666339,-0.002816974082324531,-0.1618891187376968,0.04521034614379229,-0.022189713176609317,-0.17210513666192284,0.3753791903222672,-0.6294800556898325,-0.12278954677591386,0.2646247770519337,0.3381430037603973,-0.09317129079008268,-0.6346110884852483,-0.3479678230902031,-0.20773355685558478,-0.21735096330012066,0.1603116183698519,-0.3946509889318753,0.1671705657832838,-0.1254086297288529,0,49.20833333333334,17.708333333333332,Rupicapra_rupicapra,94
948,-0.8106989400568942,-0.16357748542549896,-0.17585867576147213,-0.7293312180698179,-0.6356104615143778,0.3074177539551146,-0.3113487790937947,-0.22451455163845194,-0.6084538642388102,-0.6749872757195061,-0.12098307425158018,-0.2593460609171742,-0.32893762702129203,-0.7608929773131108,-0.6134561771092882,0.14075106351005745,-0.6370838424552053,-0.08980023837278249,-0.3688967576322877,0.3914865765948223,-0.17767999337372647,-0.2701064328937005,-0.1040461845581383,-0.33786338928253046,0.02069882800385016,-0.24357558568404067,-0.4395078079394572,0.06003499613426795,-0.7771021851814935,-0.3708439283813365,0.01789200205891089,-0.054025951277210875,-0.15577866402820914,-1.4641962659813401,-0.6383037133123984,-0.2917673201789957,-0.5271296807033533,0.20533954234673985,-0.6915713870006338,0.006414029823589663,-0.05709994510729836,0,54.29166666666667,18.625,Rupicapra_rupicapra,33
949,1.6843282422929187,0.20400271643179482,-0.44999204459183584,-0.5074727562234053,-0.48478789985079707,-0.0014227509625631685,-0.34261571118890877,-0.2281060546065654,-0.3675040151613706,-0.6162004213318154,-0.010172779314398124,-0.17566485817269725,-0.32893762702129203,-0.6805686858131235,-0.7563763081497389,0.4461063790445444,-0.29492682205803294,0.24949103170260178,-0.2254449299385417,-0.34777086557069736,-0.095113653891691,-0.2810635216239456,0.017428868012838224,-0.17224054641680464,0.11874490056361868,-0.22027180963062684,-0.45733465269129286,0.34384477090346727,-1.0428220182664836,-0.3909564458088032,0.27411449916704994,-0.08582343411809802,-0.10280319436517907,-0.9536823105991298,-0.3479678230902031,-0.3148429531282161,-0.2851150577320778,0.2903922876364171,-0.6336356995725834,0.1577142989621253,-0.07661671214202823,0,50.95833333333334,12.45833333333333,Rupicapra_rupicapra,73
950,1.4506802250501274,-1.4705293142514324,0.281030272289134,-0.21234222153619936,-0.9076974372237838,0.6986157605994442,-0.5788553942318682,0.09232343880348468,-0.07942927900414813,-0.352133400594223,0.24376747991664413,-0.22348268831239837,-0.11666736265195404,-0.4748223705804116,0.962740417967944,0.5479029667570381,0.03626227085542757,-1.7243023499742425,0.04186838774628008,1.1075970147003649,-1.0033433881940812,-0.35491549707630105,0.17939560477414027,-0.08942912498394175,0.3099347420551673,0.43805986387831375,-0.13645144715825158,1.3214117728862649,-1.456163980843135,-0.0892686843968027,1.4603297635565826,0.09436230198026248,0.7110926577304649,-0.2517256219485905,0.13592532728012247,-0.5532911602701601,-0.0915033593550574,0.4354822648952783,-0.6988133479291401,-0.9864939863980505,0.7479666950753089,0,45.79166666666667,1.5416666666666667,Rupicapra_rupicapra,135
951,-1.082876880163501,0.28568720573341566,1.0120525891701038,-0.45916379501981675,-0.5446621148404058,0.38977523267135433,-0.7039234539295013,-0.015175155042323888,-0.14453999718687577,-0.4041886863305161,0.22529909742711376,-0.24739160338224891,-0.11666736265195404,-0.574695460305419,-0.37055018271792217,0.19518247716768747,-0.36308409145590154,-1.8192728129193445,0.03934060223625812,-0.24794941056204597,0.31771804351848637,-0.2153352329491207,0.13215530655209384,-0.24470054017055967,0.31973934931114417,0.01859189491686488,-0.3325467394284435,0.7537922233478662,-1.3085418513514737,-0.3172105485747586,0.7580903270379793,-0.27660833116342093,0.3161846111515134,-0.8898680661763535,-0.009242617830975207,-0.6709768883111841,-0.3625597370828859,0.48551329153626493,-0.9740078632123796,-0.977037719576892,0.2063764098615549,0,48.95833333333334,-0.20833333333333331,Rupicapra_rupicapra,97
952,-0.9098636448433548,-0.28610421937793024,1.0120525891701038,-0.6586404426719831,-0.5348094471539581,0.5956689179567476,-0.7734057019544713,0.0014539057045438336,-0.22733510796244302,-0.45859675334302585,0.20683071493758343,-0.29520943352195,-0.11666736265195404,-0.672633036053683,-0.5077942128618869,0.0038235219799974502,-0.6421760891646154,-1.9179333455845913,0.009007176115994657,0.07032189526263957,-0.17767999337372647,-0.48292138974959276,0.07816639429832649,-0.35856624464074616,0.30503243842717886,-0.0513194332433766,-0.46624807506721067,0.7853266427666662,-1.485688406741467,-0.42112522195000324,0.7011519943472817,-0.21831294595512782,0.1909698646752605,-1.2408464105016233,-0.05763193286800776,-0.7300120492729395,-0.5464908505410553,0.48551329153626493,-1.1116051208539994,-1.0054065200403675,0.1624636840334127,0,53.79166666666667,-1.3750000000000002,Rupicapra_rupicapra,39
953,1.7391298953600889,-3.267588078887091,-1.0896365718626844,-0.5951379529528839,-0.9781823842123504,0.7809732316455466,-0.5336919595210118,-0.0034659387509662553,-0.2795844497140146,-0.5410094530460586,0.06370075064372326,-0.23543714584732364,-0.11666736265195404,-0.6950851237024235,-0.4992073593239798,0.2288909970372355,-0.49979012314693066,0.04634357169256487,-0.1527710965254105,9.081739913362487,-1.5813077645683296,-0.5235742687547585,0.037674710108000976,-0.27575482320788325,0.18737715135545666,0.11763294314387364,-0.2879796275488544,0.8799299010230659,-1.2790174254531415,-0.24346465134071407,0.7296211606926305,0.14735810671507438,0.2680250932760315,-1.1132179216560705,-0.25118919301613796,-0.486756418599908,-0.4593655862713961,0.35042951960560104,-0.8508945274277725,0.06315163075054053,0.08927580765317567,0,52.95833333333334,7.708333333333332,Rupicapra_rupicapra,49
954,1.0571681353261393,-0.16357748542549896,1.6516971164409524,-0.47141665667975163,-0.3574602723306011,-0.10436958593512242,-0.0021527223719296725,-0.3087422834618238,-0.46949071108030355,-0.5809740572240163,-0.1440685523634931,-0.020256910218668628,-0.32893762702129203,-0.7254728611106045,-0.7965453108627809,0.6952236021660034,-0.14881973101307502,0.39437439674395014,-0.2734728546289589,0.5607490437834051,-0.17767999337372647,-0.6007061462538265,0.010680253981117304,-0.027320558909294565,-0.01851960102005725,-0.261053417724101,-0.36820042893211474,0.09156941555306787,-0.6885289074864969,-0.34737932471595867,0.046361168404259676,-0.01692888796284254,-0.19912223011614286,-0.8579609439649654,-0.5899143982753658,-0.016782694200786097,-0.10118394427390842,0.1052774890647666,-0.2280858875762303,0.290102034458344,-0.19371731435040745,0,52.29166666666667,18.875,Rupicapra_rupicapra,57
955,-1.6224673130087144,0.04063373782855314,0.09827469306889156,-0.445473256281326,-2.104046375248139,1.4604223792810969,-0.2696594037734385,0.2606312755867983,-0.6051380406276529,-0.6722423642305867,-0.06557792678298915,-0.46257183901090393,-0.32893762702129203,-0.6205674018205745,-0.6937941825353723,0.3856754812297085,-0.26907409561569023,0.27512722756189456,-0.39923018375255115,-0.3347506757869602,-0.095113653891691,2.9062916064017985,-0.11079479858985922,-0.35856624464074616,-0.008714993764080397,1.062892359310472,0.5587954981633378,2.0467034195186633,-0.9837731664698192,0.6917674090364875,1.9253261471972796,1.6259410588163268,0.812227645268977,-0.3793541107941431,-0.25118919301613796,-0.2669610147585838,-0.381920906920588,0.07525887308017462,-0.3946509889318753,-0.012498503818727292,-0.17907973907436003,0,47.70833333333334,13.45833333333333,Rupicapra_rupicapra,112
956,-0.14267012840393067,-1.5522138035530533,-0.17585867576147213,-0.8002671903005123,-2.104046375248139,1.481011727867279,-0.4850543991562198,0.19765732661296417,-0.8134655442781497,-0.8303361949852547,-0.12560016987396277,-0.6418887020347831,-0.9657484201293061,-0.6546326471641972,-0.8757189846968201,-0.43389950867685895,-0.937132215769267,-0.38733554408595544,-0.5016054969084404,0.7589452660469592,0.8131160804106992,3.3073627676410866,-0.293007377446324,-0.7415690687677371,-0.04303111915999938,0.49923227601852505,0.10421095699152937,0.848395481604266,-0.8656754628764903,0.14202526601906434,0.7770697712682119,0.7568098611654114,0.12836249143713402,-1.4641962659813401,-0.5415250832383333,-0.4648345672981486,-0.8949919076196919,0.11028059172886526,-0.8291686446422536,-0.36238037620159097,-0.28154276600669187,0,45.95833333333334,9.791666666666666,Rupicapra_rupicapra,133
957,-1.2177026091342484,1.0208476094480032,-1.272392151082927,-0.23893904806139546,-0.4927458404312063,0.5544901785986277,-0.6518117679107738,0.09291379611546788,0.10545300719372049,0.15057753209073205,0.34534358360906103,0.0753787500607336,0.09560290171738395,-0.43688609728330197,0.8535855283432181,0.3287089480411744,-0.11062825425442185,-1.6920628870550334,0.21375780242777304,-0.49822639196054874,-0.17767999337372647,-0.4751050187691515,0.3076192713768377,0.055490862523568336,0.4226877254989011,0.3055196375745226,-0.09188433527866252,0.9114643204418659,-1.1313952959614804,-0.032283218352313715,0.9763539356856533,-0.17591630216727827,0.6821969470051759,-0.6665182106966364,0.039146697206057346,-0.6155953692330551,-0.062461604598504354,0.5705660368259422,-0.8726204102132914,-0.7784561163325641,0.8162753796968634,0,45.29166666666667,-0.8750000000000003,Rupicapra_rupicapra,141
958,-0.801021278926978,-0.8578956444892761,-0.26723646537159335,-0.7672497765171521,-2.104046375248139,1.3780649235752693,-0.4503132751437348,0.09488177894019317,-0.8949879146777171,-0.9050696780228582,-0.18562241296493637,-0.9287956828729897,-0.9657484201293061,-0.6666329002709859,-0.8847424539068927,-0.317155741944935,-0.8544817897328286,-0.3053773601222792,-0.6406336999596479,-0.043966437283497514,0.8956824198927347,3.710752366054367,-0.38748797389041684,-0.8864890562752471,-0.13617488809177947,0.41329960182156156,0.14877806887111844,0.7853266427666662,-0.6885289074864969,0.2325315944426645,0.6062547731961191,0.8998985339494036,0.04167535926126662,-0.9855894328105179,-0.3479678230902031,-0.4277212576381525,-0.9627560020516491,-0.029806282865897295,-0.6770874651436212,-0.49476811169780965,-0.37424740942165874,0,46.45833333333334,12.124999999999998,Rupicapra_rupicapra,127
959,-1.3012632662939656,0.04063373782855314,0.281030272289134,-0.31582166670170525,-0.8394862494975108,1.04863503939086,-0.2557629011576962,0.09537371834322293,-0.33250365482137556,-0.5999596950223756,0.00829560317513222,-0.16371040063777198,-0.11666736265195404,-0.5235976107485902,0.8495104302299903,0.4020450941971571,-0.11611214328389316,-1.5330018974183854,-0.23239634009110208,-0.2334825330245603,1.0608150988568057,1.7781532568789409,0.044423324139721894,-0.12048340802126532,0.10894029330764184,0.6521633063690533,0.10421095699152937,1.6052215476554643,-1.3085418513514737,0.14202526601906434,1.4982886520170478,0.11556062387418724,0.8700190667195552,-0.6027039662738601,-0.3479678230902031,-0.2696531719359928,-0.16894803870586556,0.20533954234673985,-0.4236188326459005,-0.977037719576892,0.7333291197992614,0,42.95833333333334,19.791666666666668,Rupicapra_rupicapra,169
960,1.3061429290650326,-0.0410507514730677,-0.08448088615135091,-0.7904485478694375,-0.7538431965438117,0.8839200666181058,-0.44683908322636384,-0.08705408554016104,-0.5054623732861933,-0.6578315789137598,0.017529794419897392,-0.12784702803299614,-0.32893762702129203,-0.7516024566947866,-0.6307753996095542,-0.04323764497689927,-0.766347474666919,-0.5910657695112141,-0.23366023284611306,-0.0989405719259432,-0.9207770487120457,-0.35117779584137665,-0.036560044240929124,-0.296457678566099,0.12854950781959554,-0.03821105921333132,-0.40385411843578595,0.5015168679974669,-1.1313952959614804,-0.34402723847804756,0.44492949723914266,-0.08052385364461684,0.16689010573751956,-1.591824754826893,-0.5899143982753658,-0.4046456246889321,-0.5464908505410553,0.29539539030051576,-0.8364106055707599,-0.02195477063988577,-0.008308027520473682,0,55.87500000000001,13.541666666666664,Rupicapra_rupicapra,14
961,-0.8290597994345376,0.44905618433665734,0.5551636411194977,0.16543799320866662,0.6907187508903099,-0.9691230242490597,-0.6135965182443531,-0.3696991532627591,0.6275445066959625,0.6599546783916342,0.6454547990639291,0.8285095747610262,1.156954223564074,0.004800713655046781,1.1305478505182605,0.1884833986017102,0.10755312708809295,-1.2137146836611579,0.6308424115813956,-0.3998516247056459,0.6479834014466282,-0.3938611758820063,0.6720444290897672,0.7076308063073636,0.697216728666253,-0.5523506183917739,-0.6623433673374025,-0.5706533922417305,-0.3047113708081779,-0.6356587411763147,-0.523022158502716,-0.8701613441933144,-0.040195821127052604,-0.6027039662738601,-0.009242617830975207,-0.5596369593311957,0.5086929056137057,0.8007087593744806,-0.7784749181427094,-0.3340115757381155,1.0846309264243992,0,35.708333333333336,10.70833333333333,Rupicapra_rupicapra,256
962,0.3396369299142003,-0.8578956444892761,0.37240806189925524,-0.1090914206723392,0.8028882724453732,-0.1661376930547679,-0.5788553942318682,-0.1216897950112042,0.2738566548391704,0.31488009121319394,0.43306840043433015,0.4579213911783425,0.30787316608672194,-0.2741084433713277,0.9951957429683621,0.30732062738550203,-0.16625072803879562,-1.5027045784067954,0.36036936200904646,-0.19586865142709745,-0.012547314409655536,1.6879084185822166,0.4290943239478142,0.3349794098594806,0.5256361016866581,-0.0673407792800986,-0.18101855903784064,-0.4760501339853307,-0.1275648154181845,-0.12949371925173608,-0.39016604889108836,-0.8012667980380589,0.6581171880674349,-0.8579609439649654,-0.15441056294207287,-0.5507913000339946,0.2182753580481752,0.675631192772014,-0.814684722785241,-0.5515057126247606,0.9333759819052426,0,39.04166666666667,8.791666666666666,Rupicapra_rupicapra,216
963,0.6022299069205579,-0.08189299612387813,-0.17585867576147213,-0.2090747917602167,-0.38929217921065007,0.43095397202947416,-0.3634604651125222,-0.0319518426526218,0.1335872681368744,0.04607483040544303,0.2483845755390267,0.3622857308989403,0.09560290171738395,-0.44385396236646274,1.0032004792894136,0.5543155420883583,0.09070966825484868,-1.4759031110202567,0.13982007625963086,-0.036732998514754665,0.31771804351848637,0.39894735128563585,0.3278651134720005,0.2832222714639413,0.3687623855910284,0.25162965545100313,-0.09188433527866252,0.8168610621854661,-1.1609197218598126,-0.07921242568306935,0.9194156029949557,-0.20771378500816542,0.44139935762776633,-0.8898680661763535,-0.3479678230902031,-0.367916908911423,0.18923360329162214,0.5105288048567582,-0.5974258949300518,-0.5325931789824436,0.9236175983878777,0,43.20833333333334,12.45833333333333,Rupicapra_rupicapra,166
964,1.2531488875763719,0.04063373782855314,0.281030272289134,-0.43975525417335637,-1.2358691737107215,1.2957074065083427,-0.28702996577968104,0.20356112494540254,-0.5532906168895548,-0.6438782788450861,-0.07481211802775432,-0.3071638910568753,-0.32893762702129203,-0.611276890431553,0.5457687173938719,0.3713937290778686,-0.23577896969403203,-1.649141651165576,-0.3113896372792882,-0.2334825330245603,1.0608150988568057,2.0801944998304513,-0.04330865827265004,-0.25505196784966755,0.05501495339976914,0.8021813647129048,0.2735659821339678,1.8890313224246635,-1.1904441477581449,0.36661504395910915,1.7545111491251868,0.3063455209195101,0.9567061988954226,-0.8579609439649654,-0.39635713812723566,-0.2913827262965087,-0.3044762275697798,0.21534574767493717,-0.5394902075020014,-1.0810566546096354,0.645503668142977,0,44.70833333333334,15.791666666666664,Rupicapra_rupicapra,148
965,0.2012053265934033,-0.20441973007630937,-0.3586142549817146,-0.7586891264583245,-0.4321137056874996,0.6162582818832045,-0.4120979592138788,-0.15676831000166913,-0.5252233422819799,-0.6651513428842115,-0.014789874936780708,-0.18761931570762252,-0.32893762702129203,-0.7649575714311564,-0.6317942018973851,0.12353258318753037,-0.6631324647699632,-0.5199835025262513,-0.2665214444763985,0.23379761143622807,-1.0033433881940812,-0.43545096012697093,-0.056805886336091876,-0.296457678566099,0.09913568605166498,-0.14307805145369354,-0.4305943855635394,0.46998244857866694,-1.1609197218598126,-0.4077168769983588,0.35003227608798004,-0.19711462406120303,0.07538702177410395,-1.4961033881927284,-0.5899143982753658,-0.369070690558884,-0.4980879259468002,0.28038608230821976,-0.7784749181427094,-0.02195477063988577,-0.027824794555203553,0,56.29166666666667,14.791666666666664,Rupicapra_rupicapra,9
966,-0.9443760166671287,-0.8170533998384657,-0.3586142549817146,-0.7909222892898994,-1.0494251786758086,1.069224387977042,-0.4225204024391209,-0.04115196529718204,-0.5429747212103985,-0.7470085247859154,-0.0009385880696329512,-0.18761931570762252,-0.32893762702129203,-0.7548928415304138,-0.6329585196096679,-0.016836357900168786,-0.7573382070578205,-0.5924252591335534,-0.2842159430465522,0.8717869108393478,-1.1684760671581522,-0.46199212155947117,-0.07705172843125463,-0.33786338928253046,0.09423338242367656,0.08559025107042963,-0.3236333170525256,0.6907233845102664,-1.1313952959614804,-0.25016882381653627,0.5872753289658866,0.051965658192412945,0.2728410450635797,-1.4961033881927284,-0.5899143982753658,-0.3819545856221987,-0.5658520203787574,0.24536436365952913,-0.7784749181427094,-0.06923610474567816,-0.03758317807256849,0,56.29166666666667,13.541666666666664,Rupicapra_rupicapra,9
967,1.183411527825758,-0.0410507514730677,0.0068969034587703275,-0.4543770223636874,-1.7250951717039427,0.8633307180319236,-0.25923709307506715,-0.036035322559199424,-0.5846402219404978,-0.658289064161913,-0.07019502240537175,-0.378890636266427,-0.32893762702129203,-0.6476647636224311,-0.7183903976772866,0.45246742300228027,-0.2502721263326018,0.2937717201710842,-0.36447313298974926,-0.19876202693459458,-1.0033433881940812,-0.24553525630895182,-0.08380034246297555,-0.296457678566099,0.005991917119884881,0.3215409836112446,0.023990155608269056,1.0376019981170657,-0.9247243146731547,0.08839188621248649,0.9858436578007695,0.6720165735897123,0.2824729486386761,-0.5069825996396957,-0.29957850805317054,-0.24042403686698036,-0.3335179823263329,0.12528989972116125,-0.4308607935744068,0.044239097108223574,-0.17420054731567758,0,48.62500000000001,14.374999999999998,Rupicapra_rupicapra,101
968,-0.5376329949615445,-0.08189299612387813,-0.7241254134221995,-0.5413723401492252,-0.8364545704811196,0.6574370174062557,-0.4294685212201213,-0.05384513546546794,-0.3737672375380013,-0.6278662951597229,0.012912698797514806,-0.23543714584732364,-0.32893762702129203,-0.672245922183171,-0.45379894078542726,0.3050837736853992,-0.4053884849866582,0.1401486519804791,-0.2033268067258496,-0.26530966360702884,-1.0033433881940812,0.8872839117447554,0.017428868012838224,-0.24470054017055967,0.14815872233154925,0.08995970908044472,-0.37711385130803254,0.9114643204418659,-1.4266395549448028,-0.3306188935264031,0.8245183818437931,0.004269433931082226,0.3017367557888688,-1.0813107994446824,-0.3479678230902031,-0.4071454849250976,-0.37224032200173696,0.3204109036210091,-0.742265113500178,-0.04086730428220273,0.08927580765317567,0,50.54166666666667,8.208333333333332,Rupicapra_rupicapra,78
969,1.1976891311678999,-0.8987378891400866,-0.3586142549817146,-0.5007582119651314,-0.3919448260707865,-0.10436958593512242,-0.01604922498767199,-0.30948026763723724,-0.4942086689089316,-0.5958423277889964,-0.16253693485302345,-0.06807474035836975,-0.32893762702129203,-0.7289568121107902,-0.8038223035044293,0.6224380575342979,-0.21266818776642496,0.3310607053894635,-0.3088618517692662,0.4855212805884794,-0.17767999337372647,-0.6217902649227559,-0.016314202145766368,-0.07907769730483388,-0.03812881553201095,-0.2741617917541463,-0.38602727368395034,0.09156941555306787,-0.6885289074864969,-0.3607876696676031,0.027381724174027153,-0.038127209856767305,-0.2232019890538838,-0.8898680661763535,-0.5899143982753658,-0.029666589264100814,-0.16894803870586556,0.0902681810724706,-0.2570537312902555,0.2428207003525516,-0.20835488962645485,0,52.20833333333334,20.291666666666668,Rupicapra_rupicapra,58
970,-0.18637092907178507,0.3265294503842261,-0.8155032030323207,-0.5380885572701157,-0.44424013263624096,0.08093470474326445,-0.28702996577968104,-0.23277989182512626,-0.4123513668314695,-0.6015608933909119,-0.014789874936780708,-0.08002919789329502,-0.32893762702129203,-0.7082466999621425,-0.48945621583331395,0.49223844093694996,-0.3111827426988009,0.2333712631996832,-0.21786157340847584,-0.4258920042731202,-0.5905116907839039,-0.5686708369451463,0.037674710108000976,-0.12048340802126532,0.11384259693563026,-0.20861992160391993,-0.45733465269129286,0.34384477090346727,-1.1313952959614804,-0.414421049474181,0.30258366551239874,-0.12292049743246636,-0.040195821127052604,-1.0494036772332942,-0.4447464531642682,-0.2740760015845934,-0.2463927180566737,0.2753829796441211,-0.5829419730730392,0.2049956330679177,0.06487984885976333,0,52.87500000000001,13.541666666666664,Rupicapra_rupicapra,50
971,-1.4894789455611892,-2.124005228664399,0.8292970099498614,-0.6566799648635848,-0.5173777264849438,0.5339008108371022,-0.1133243457172559,-0.195290663561383,-0.48275400552493325,-0.5914962179315407,-0.11636597862919759,0.09928766513058415,-0.32893762702129203,-0.7593445495189712,-0.574597007532981,0.3200766027803418,-0.4999860190193458,-0.3506291761095421,-0.268417283608915,3.1112595536421352,-0.5905116907839039,-0.4531822813888023,0.017428868012838224,-0.07907769730483388,0.03540573888781544,-0.0833621253168206,-0.3592870065561969,0.3753791903222672,-1.0132975923681515,-0.30045011738520305,0.30258366551239874,-0.027528048909804922,0.01759560032352567,-1.432289143769952,-0.7350823433864635,-0.1179308852948688,-0.26575388789437576,0.20033643968264117,-0.48879648100245726,0.19553936624675922,0.016087931272938654,0,54.62500000000001,17.041666666666668,Rupicapra_rupicapra,29
972,-1.5047080204407952,-1.3480025802990012,0.0068969034587703275,-0.5886684060993826,-0.4707667457960171,1.04863503939086,-0.5441142702193831,0.12080930516970584,-0.2940534981990652,-0.5577403421213769,0.11910589811231428,-0.10393811296314558,-0.32893762702129203,-0.5334687929433796,0.44345421861839085,-0.24719210014060355,-0.8838598947547984,-1.2727555769235919,-0.1123265283650592,0.8515332822868678,0.8956824198927347,-0.17364120355442078,0.03092609607628006,-0.27575482320788325,0.21679097312338722,0.3215409836112446,-0.10079775765458032,0.6591889650914664,-1.1609197218598126,-0.07586033944515823,0.9668642135705371,-0.12292049743246636,0.43658340584021815,-1.4003820215585638,-0.4447464531642682,-0.5219467588474691,-0.46904617119024716,0.3754450329260944,-0.8943462929988103,-0.5231369121612851,0.6552620516603419,0,44.04166666666667,7.624999999999999,Rupicapra_rupicapra,156
973,0.9531169671448456,-0.8987378891400866,-0.3586142549817146,-0.15650185863034122,0.6611606032725544,0.08093470474326445,-0.5336919595210118,-0.06063454483674987,0.2698374747044341,0.3109587890861662,0.38689744421050426,0.46987584871326776,0.30787316608672194,-0.35675533503066253,1.0058203121200266,0.43203103244885527,-0.1672300579761023,-1.3762714878795435,0.33256372139880497,-0.3506642410781945,-0.26024633285576193,1.2002483559266344,0.4223457099160933,0.35568226521769636,0.501124583546716,0.06519944702369253,-0.020576956271320012,-0.4445157145665308,-0.1275648154181845,0.011293902740530801,-0.22884077293411192,-0.7800684761441341,0.7592521756059468,-1.0174965550219062,-0.25118919301613796,-0.5098320515491284,0.23763652788587722,0.675631192772014,-0.8002008009282284,-0.3150990420957986,0.94801355718129,0,40.54166666666667,8.958333333333332,Rupicapra_rupicapra,198
974,-1.544111530062887,0.1631604717809844,0.4637858515093765,-0.5006765461635405,-0.7667275432466509,0.4103646042679486,-0.3495639624967799,-0.13364501853951108,-0.49641921798303656,-0.6463944477099289,-0.033258257426311055,-0.29520943352195,-0.32893762702129203,-0.6676006664886603,-0.44608534635137526,0.40593963376816383,-0.3213672361176212,0.22327207042808725,-0.2873756749340796,0.01534776062019388,0.8131160804106992,0.31044447135438274,-0.036560044240929124,-0.27575482320788325,0.0844287751676997,-0.006168367139887312,-0.3325467394284435,0.6907233845102664,-1.2199685736564772,-0.2803375999577363,0.6631931058868167,0.08906272150678128,0.1379943950122304,-0.7941466995421891,-0.29957850805317054,-0.339264664666141,-0.3625597370828859,0.2353581583313318,-0.6119098167870645,0.06315163075054053,0.03560469830766853,0,50.04166666666667,11.291666666666664,Rupicapra_rupicapra,84
975,-1.2647570967923227,0.3265294503842261,-0.17585867576147213,-0.27148262071025037,-0.46584033967358723,-0.02201213022929481,-0.04384209769228586,-0.2476378055651756,-0.3068478882946423,-0.5368267307772291,-0.03787535304869364,0.06342429252580832,0.09560290171738395,-0.619793192538156,-0.6783669381482205,0.8144394745209157,0.07543307755138741,0.5967449843736138,-0.16730586320803673,-0.40129831245939446,-0.095113653891691,-0.5135755388691706,0.118658078488652,0.10724800091910765,0.08933107879568812,-0.0833621253168206,-0.2879796275488544,0.5015168679974669,-1.0132975923681515,-0.29374594490938083,0.43543977512402643,0.06786439961285652,0.051307262836363,-0.4431683552169194,-0.39635713812723566,-0.07831771539870713,0.053705414427707876,0.16531472103395053,-0.19911804386220508,0.2806457676371855,-0.07661671214202823,0,48.12500000000001,22.20833333333333,Rupicapra_rupicapra,107
976,0.8749385564143426,0.48989842898746777,0.646541430729619,-0.2822161394900386,-0.23164848431860083,-0.1661376930547679,-0.09942784310151358,-0.2674648102506461,-0.20797605698012997,-0.4314744136310841,-0.028641161803928467,0.06342429252580832,0.09560290171738395,-0.6219222819087608,-0.6786580245161722,0.7995323443407385,0.058589618718143145,0.5788773641447974,-0.14961136463788305,-0.36657780636942877,0.4002843830005218,0.5369459378781692,0.13890392058381476,0.10724800091910765,0.11874490056361868,-0.1736642575237992,-0.4127675408117038,0.4069136097410671,-1.1313952959614804,-0.4110689632362699,0.3405425539728638,-0.13881923885290995,-0.025747965764408035,-0.6346110884852483,-0.4447464531642682,-0.11889237000108631,0.053705414427707876,0.2353581583313318,-0.30050549686129335,0.27118950081602705,-0.03758317807256849,0,47.70833333333334,18.791666666666668,Rupicapra_rupicapra,112
977,1.2900118918228982,0.6941096522415199,0.7379192203397402,-0.025134888361138277,0.38338930168662066,-0.8044081128374045,-0.3912533378171361,-0.37097832333111336,0.13439110416382166,0.044996472320510406,0.30378972300761775,0.2307866980147622,0.09560290171738395,-0.3284966869930862,-0.42483654116233344,0.6462010223020489,0.2953770734713312,0.25298688332765334,0.15056316467722416,-0.28411660440576025,1.0608150988568057,-0.22813848606351,0.3278651134720005,0.2521679884266177,0.3785669928470053,-0.48389577623487073,-0.5464688764504709,-0.06610268154093174,-0.8066266110798258,-0.6021378787972035,-0.010577164286437894,-0.6581781252540667,-0.25691365156672114,-0.21981849973720233,-0.05763193286800776,-0.3994536072753575,0.26667828264243026,0.4755070862080676,-0.48879648100245726,0.006414029823589663,0.19661802634418996,0,41.458333333333336,-1.2083333333333333,Rupicapra_rupicapra,187
978,-1.308566824228703,-0.8987378891400866,2.0172082748814373,-0.4970660003640241,-0.4230188131967377,0.3074177539551146,-0.5997000818920463,-0.08051072094126276,-0.16302822580666262,-0.40036541675666404,0.1514255674689924,-0.18761931570762252,-0.11666736265195404,-0.6283095131033644,-0.4064984886147127,0.2633338389803618,-0.37326843544995264,-1.3075198380357,-0.023854035514290765,0.05296164221765672,1.2259477778208765,-0.5308655987079577,0.118658078488652,-0.20329482945412822,0.2756186166592483,-0.060058349263406786,-0.4395078079394572,0.6907233845102664,-1.4266395549448028,-0.4077168769983588,0.5967650510810029,-0.18121588264075947,0.1379943950122304,-1.0494036772332942,-0.15441056294207287,-0.5740592299244585,-0.3431985672451839,0.4504915728875743,-0.9088302148558229,-0.4380305107708588,0.18685964282682502,0,50.20833333333334,2.9583333333333326,Rupicapra_rupicapra,82
979,-0.7431993686787138,0.24484496108260523,-0.5413698342019571,-0.232747304532964,-0.9270239572780425,0.7809732316455466,-0.23144422037045329,0.009719245891218158,-0.2370816197891785,-0.35595667016807503,0.05446655939895808,-0.056120282823444466,-0.11666736265195404,-0.5332752360081237,-0.6067613294440193,0.6890751251243034,0.09521422734701332,-1.554753842505754,-0.14202800810781718,-0.37381124513817166,-0.6730780302659393,-0.013533214632016951,0.12540669252037293,0.024436579486244746,0.15306102595953766,0.4890368739951565,-0.029490378647237823,1.5106182893990645,-1.3085418513514737,0.001237644026797451,1.3084942097147225,0.2957463599725477,0.5714300558915675,-0.41126123300553125,-0.25118919301613796,-0.2381164735720583,0.014983074752303798,0.26537677431592377,-0.3729251061463564,-0.9013875850076242,-0.01806641103783862,0,44.87500000000001,16.541666666666668,Rupicapra_rupicapra,146
980,1.4593619748911408,0.1631604717809844,2.8396083813725284,-0.17161372134426095,-0.33358630603096134,-0.14554834446858572,-0.1584877804281123,-0.23819171321910046,-0.1457122580595072,-0.2850791342220488,0.04523236815419291,0.06342429252580832,0.09560290171738395,-0.5597919085456071,-0.6165125006942092,0.8631237397148158,0.2052843973803466,0.6563687171378975,-0.09336813703989454,-0.2710964146220231,0.5654170619645927,-0.32020452312668674,0.1928928328375821,0.16935656699375481,0.1628656332155145,-0.09792698535020425,-0.26123936042110096,0.5645857068350667,-0.9837731664698192,-0.2803375999577363,0.43543977512402643,-0.006329727015880157,0.02241155211107386,-0.4431683552169194,-0.3479678230902031,-0.14139111212657618,0.15051126361621806,0.2903922876364171,-0.3077474577897996,0.31847083492181943,0.0014503559968912518,0,45.12500000000001,21.625,Rupicapra_rupicapra,143
981,1.4048889784746088,0.44905618433665734,-0.17585867576147213,-0.45164874642067404,-0.8728338513273436,0.5544901785986277,-0.4676838371499773,-0.04434983416491609,-0.14092273506561312,-0.3736025297396998,0.12834008935707944,-0.056120282823444466,-0.11666736265195404,-0.6436001602750828,-0.4037332513977435,0.46836093088769876,-0.24831361588275766,0.29571382703538934,-0.04913189061451032,-0.3984049369518973,0.2351517040364509,-0.5969040793129445,0.13890392058381476,-0.08942912498394175,0.24620479489131777,0.11180699913052018,-0.2968930499247722,0.9745331592794657,-1.338066277249806,-0.2334083926269807,0.8150286597286769,0.16325684813551797,0.24876128612583875,-0.9217751883877416,-0.25118919301613796,-0.4509891875286164,-0.20767037838126964,0.410466751574785,-0.7495070744286843,0.23336443353139313,0.17710125930946008,0,51.04166666666667,6.874999999999999,Rupicapra_rupicapra,72
982,-0.1459706522840964,0.44905618433665734,0.09827469306889156,-0.4160174287021451,-0.9315713312442175,0.24564966217574388,-0.2488147823766958,-0.17910437079850267,-0.526161150980085,-0.6230627000541139,-0.042492448671076224,-0.2593460609171742,-0.32893762702129203,-0.6410839754925716,-0.7114044914035899,0.5446164413819652,-0.1672300579761023,0.3761182662383191,-0.29179929957661804,-0.3347506757869602,-0.095113653891691,0.2722282933759822,-0.016314202145766368,-0.1825919740959125,0.05991725702775757,-0.020733227173270953,-0.2166722485415119,0.4069136097410671,-0.7180533333848291,-0.14625415044129167,0.37850144243332884,0.30104594044602895,-0.06909153185234174,-0.6027039662738601,-0.29957850805317054,-0.23946255216076281,-0.22703154821897167,0.1853271316903452,-0.43810275450291314,0.14825803214096683,-0.11565024621148796,0,48.70833333333334,15.624999999999998,Rupicapra_rupicapra,100
983,0.8247660112036754,0.44905618433665734,0.9206747995599827,-0.016345494286621496,0.4838114284491975,-0.7220505957704779,-0.3252451491826662,-0.34913420193730954,0.09018012268172264,-0.1186852139651721,0.266852958028557,0.26665007061953805,0.09560290171738395,-0.3430131248823863,1.2263131003314964,0.778683422736825,0.3909539374413255,-1.3655897519526095,0.12654920233201558,-0.1727216473671203,1.3910804567849475,0.8709019273356817,0.3008706573451168,0.2832222714639413,0.3540554747070631,-0.41398444807462925,-0.59103598833006,-0.25530919805373126,-0.8656754628764903,-0.5753211888939146,-0.12445382966783304,-0.7906676370910964,-0.09798724257763088,-0.2517256219485905,-0.15441056294207287,-0.3290729267802353,0.3344423770743874,0.47050398354396894,-0.4308607935744068,-0.6460683808363453,0.9236175983878777,0,40.708333333333336,-3.1250000000000004,Rupicapra_rupicapra,196
984,0.6412989662651573,0.3265294503842261,0.8292970099498614,-0.16666351737090637,-0.40520806037146856,0.38977523267135433,-0.5823295198858037,0.018427354061879887,0.047174895240044507,-0.03480202596450391,0.29917262738523515,-0.03221136775359391,0.09560290171738395,-0.44482174704274247,1.0023272757046064,0.5737652748747292,0.08953459186989603,-1.6990545532618224,0.14045202263713635,-0.3202837982494745,0.8956824198927347,-0.2993655889936837,0.2671275871865122,0.04513943484446047,0.37366468921901685,0.2603685714710333,-0.17210513666192284,0.9745331592794657,-1.3085418513514737,-0.12278954677591386,1.0427819904914672,-0.13881923885290995,0.609957670191953,-0.34744698858275497,0.0875360122430899,-0.5548295358001081,-0.00437809508539824,0.5055257021926596,-0.7350231525716716,-0.8730187845441488,0.8113961879381809,0,45.37500000000001,0.1249999999999997,Rupicapra_rupicapra,140
985,0.8561087424448534,0.1631604717809844,-0.17585867576147213,-0.5431204270450611,-0.6124944149688359,0.18388153971582372,-0.3356675924079084,-0.19706181056820138,-0.5424388305257669,-0.6354148017542512,-0.042492448671076224,-0.23543714584732364,-0.32893762702129203,-0.6890849879197265,-0.7688927443764217,0.3751045480995743,-0.35720841068159986,0.18773108510886163,-0.27473674738396986,-0.3173904227419774,-0.26024633285576193,-0.22348607668382706,-0.023062816177487285,-0.23434911249145182,0.0844287751676997,-0.15472993948040045,-0.39494069605986815,0.4069136097410671,-1.0428220182664836,-0.34067515224013645,0.3595219982030963,-0.006329727015880157,-0.04982772470214898,-1.0174965550219062,-0.39635713812723566,-0.31099701430334603,-0.3528791521640349,0.2553705689877265,-0.6336356995725834,0.10097669803517445,-0.1107710544528055,0,50.79166666666667,12.624999999999998,Rupicapra_rupicapra,75
986,-1.536179001512791,0.3265294503842261,0.646541430729619,-0.2937992219200762,-0.09219442984966356,0.16329219112964155,-0.5892777711936749,-0.07568925685927173,-0.014720478834894116,-0.31890036506766295,0.2530016711614093,-0.056120282823444466,0.09560290171738395,-0.5139199854890569,0.8757076481551628,0.4624703907757339,-0.08085835748762163,-1.7658640591980466,0.09747966896676309,-0.35934436760068594,0.9782487593747701,-0.5064561605861007,0.2266359029961867,-0.027320558909294565,0.34915317107907473,0.017135408913526516,-0.3414601618043613,0.7537922233478662,-1.3085418513514737,-0.29709803114729194,0.6916622722321655,-0.334903716371714,0.35952817723944713,-0.6665182106966364,-0.009242617830975207,-0.5669442430984488,-0.11086452919275945,0.5005225995285609,-0.8074427618567347,-0.9203001186499412,0.7772418456274036,0,46.87500000000001,-0.1250000000000003,Rupicapra_rupicapra,122
987,-0.2752404247750071,0.6941096522415199,0.281030272289134,-0.17589404637367473,-1.0312355382526965,0.7809732316455466,-0.15153952912024113,0.014737470720247321,0.09379738480298529,-0.21096652402122468,0.156042663091375,0.4220580185735667,0.09560290171738395,-0.5030810186179879,-0.7617612671592253,0.7657666918613469,0.15925857997277842,-1.0515462415463313,0.05703510080641181,-0.25373616157704026,0.07001902507237993,-0.48014195931443543,0.3008706573451168,0.3349794098594806,0.27071631303125987,0.5414703701153376,0.05073042273602249,1.1637396757922653,-1.1313952959614804,0.03811059264381973,1.1281894895275135,0.34344258423387847,0.30655270757641706,-0.6346110884852483,-0.39635713812723566,-0.1896576443786955,0.28603945248013235,0.380448135590193,-0.33671530150382484,-0.21108010706305533,0.030725506548986058,0,45.54166666666667,9.041666666666666,Rupicapra_rupicapra,138
988,0.15864995228929107,0.04063373782855314,-0.26723646537159335,-0.2140739553289084,-0.6769161484830317,0.32800713322184627,-0.5441142702193831,-0.04272631402152789,-0.12042491637845813,-0.3718379437825373,0.22529909742711376,-0.23543714584732364,-0.11666736265195404,-0.4637898836912973,-0.540104077956901,0.5284591152687395,0.041550413437252895,0.09062426016104728,0.003951605095950746,-0.22335571874832028,-1.0033433881940812,-0.42433292533784406,0.1524011486472566,-0.11013198034215746,0.28052092028723674,0.18317481329410001,-0.24341251566926533,1.1322052563734655,-1.3675907031481382,-0.26022508253026966,1.0048231020310021,0.009569014404563416,0.34026437008925436,-0.21981849973720233,0.0875360122430899,-0.5223313527299561,-0.0915033593550574,0.40046054624658767,-0.648119621429596,-0.23944890752653075,0.09415499941185813,0,44.87500000000001,2.2083333333333326,Rupicapra_rupicapra,146
989,0.6197848596354486,-0.8987378891400866,2.0172082748814373,-0.4182392570184429,-0.1232684169756147,0.08093470474326445,-0.5962259562381107,-0.1248384924598959,-0.11238655610898558,-0.3736025297396998,0.1883623324480531,-0.15175594310284668,-0.11666736265195404,-0.5888248027828125,-0.3498834947457359,0.3541808499916007,-0.25908564749405427,-1.66098869566307,0.016590532646060523,0.05296164221765672,1.2259477778208765,-0.30386390025037213,0.1524011486472566,-0.1515376910585889,0.30013013479919043,-0.11686130339360298,-0.4929883421949641,0.6591889650914664,-1.485688406741467,-0.4445898256153811,0.5872753289658866,-0.3137053944777892,0.1476262985873268,-0.8579609439649654,-0.10602124790504032,-0.579251247338033,-0.2560733029755247,0.4655008808798703,-0.8653784492847851,-0.7500873158690886,0.2161347933789198,0,49.12500000000001,1.6249999999999998,Rupicapra_rupicapra,95
990,-1.5641575283559086,0.08147598247936355,0.0068969034587703275,-0.4154619217660489,-0.3411653590135277,0.3691858687448974,-0.7143457646278727,0.0032250527113622165,-0.05973529634394039,-0.13041644282853007,0.2714700536509396,-0.1398014855679214,-0.11666736265195404,-0.5445012798324939,0.050205585120473815,0.22517429671745773,-0.3090283363765416,-1.793830835155145,0.11264638202689484,-0.21467559222582885,-0.8382107092300103,-0.5719948201334416,0.1928928328375821,-0.1515376910585889,0.3687623855910284,0.044808642976955436,-0.3236333170525256,0.848395481604266,-1.2790174254531415,-0.2736334274819141,0.8055389376135607,-0.2607095897429773,0.3787919843896399,-0.8898680661763535,0.039146697206057346,-0.6798225476083852,-0.2851150577320778,0.5355443181772516,-0.9884917850693923,-0.8824750513653072,0.37714812141544124,0,48.20833333333334,-1.4583333333333333,Rupicapra_rupicapra,106
991,1.3410387336478842,-0.36778870867955105,0.37240806189925524,-0.3957920304116891,-1.056246311904277,0.9250987944710196,-0.5232695825592051,0.10354067815637819,-0.32741269331737627,-0.6530279838081509,0.12834008935707944,-0.29520943352195,-0.5412078913906301,-0.469790001015389,-0.7367284224653834,0.06519514742456235,-0.32665522927467733,-0.26614626803959474,-0.14771552550536657,-0.09315382091094893,-1.0033433881940812,1.4688361407438055,0.003931639949396387,-0.30680910624520685,0.18737715135545666,0.43077743386162193,-0.0829709129027447,1.3529461923050647,-1.3085418513514737,-0.0490436495418693,1.2990044875996063,0.26924845760514177,0.39323983975228444,-0.6665182106966364,-0.10602124790504032,-0.5044477371943102,-0.3528791521640349,0.3154078009569104,-0.720539230714659,-0.5042243785189682,-0.05222075334861589,0,42.37500000000001,0.7916666666666666,Rupicapra_rupicapra,176
992,-0.7756680386296698,-2.001478494711968,1.46894153722071,-0.604270363336891,-0.34609176513595763,0.16329219112964155,-0.6379153315584668,-0.14510826512935385,-0.17588960223781872,-0.418599471647343,0.1791281412032879,-0.16371040063777198,-0.11666736265195404,-0.6575359273586151,-0.488437441305007,0.0985709538603152,-0.5360232388805088,0.010413927923268885,-0.011215107964180987,1.3506405573301246,0.1525853645544154,-0.6145512467797956,0.11190946445693108,-0.24470054017055967,0.30013013479919043,-0.20861992160391993,-0.5464688764504709,0.438448029159867,-1.485688406741467,-0.5283919815631589,0.46390894146937517,-0.3031062335308269,0.007963696748429292,-1.208939288290235,-0.25118919301613796,-0.6407862685359541,-0.410962661677141,0.4504915728875743,-0.9595239413553671,0.09152043121401597,0.19173883458550747,0,52.70833333333334,-0.20833333333333331,Rupicapra_rupicapra,52
993,-1.4196892785772155,0.04063373782855314,0.281030272289134,-0.4316030328365266,-1.0073615719530569,1.1309924950966874,-0.32177108979216607,0.12902543640190342,-0.55359205539966,-0.6454794772136224,-0.042492448671076224,-0.28325497598702476,-0.32893762702129203,-0.5826311100648596,0.5431489956013547,0.3013267444645553,-0.2637861024586341,-1.6188443321539858,-0.28484788942405764,-0.2334825330245603,1.0608150988568057,4.899063176039057,-0.029811430209208203,-0.2654033955287754,0.0844287751676997,0.6026427822555489,0.11312437936744718,1.668290386493064,-1.2494929995548092,0.1487294384948866,1.4982886520170478,0.16855642860899916,0.8314914524191697,-0.8898680661763535,-0.39635713812723566,-0.33580331972375793,-0.31415681248863087,0.2353581583313318,-0.5757000121445329,-1.05268785414616,0.645503668142977,0,43.62500000000001,17.875,Rupicapra_rupicapra,161
994,0.8578771153687592,0.08147598247936355,2.1085860644915586,-0.19077716507190523,-0.08688913612939073,-0.2896739072940588,-0.022997476295543152,-0.2968854590747532,-0.16118610157824184,-0.2906669897530633,-0.02402406618154588,0.12319658020043471,0.09560290171738395,-0.596760452542253,-0.6459115576287544,0.9192988182199281,0.20175886937595025,0.7016202367786487,-0.11043068923254273,-0.1727216473671203,0.4828507224825573,-0.6056546616041204,0.17264699074241935,0.19005942235197054,0.11874490056361868,-0.20279397759056647,-0.3236333170525256,0.31231035148466735,-0.954248740571487,-0.37754810085715873,0.27411449916704994,-0.11762091695898517,-0.03537986933950441,-0.34744698858275497,-0.39635713812723566,-0.06927975916026248,0.16019184853506907,0.20033643968264117,-0.17015020014817986,0.3468396353852949,-0.04734156158993342,0,47.04166666666667,21.54166666666667,Rupicapra_rupicapra,120
995,1.4225816615006244,0.20400271643179482,0.1896524826790128,-0.5780983186368196,-1.410944589271785,1.1309924950966874,-0.55801070657169,0.17605921245610964,-0.25667512294601785,-0.602704606511295,0.0821691331332536,-0.21152823077747307,-0.32893762702129203,-0.65637462266429,-0.4700993887573862,0.14925121959517348,-0.5097787206933357,0.03643863405937617,-0.1123265283650592,-0.21612227997957742,-0.5079453513018684,0.23162050313725124,0.05117193817144281,-0.2654033955287754,0.21679097312338722,0.4074736578082081,-0.18993198141375844,1.5736871282366642,-1.485688406741467,-0.12949371925173608,1.3939017087507688,0.3275438428134349,0.5955098148293084,-1.208939288290235,-0.25118919301613796,-0.518870007787573,-0.44968500135254513,0.40046054624658767,-0.9160721757843292,0.07260789757169901,0.12343014996395293,0,50.62500000000001,5.958333333333332,Rupicapra_rupicapra,77
996,-1.5177888941950344,0.04063373782855314,1.103430378780225,-0.2691301669970246,0.08477571281743845,0.08093470474326445,-0.4676838371499773,-0.090448790225802,0.3076177679709551,0.3478190290802269,0.36381196609859134,0.6850560843419228,0.30787316608672194,-0.3809493981794959,0.7416653459824751,0.1300941514033448,-0.20189615615512832,-1.4127836748041773,0.31992479384869515,-0.3810446839069145,0.1525853645544154,0.41889143628795333,0.449340166042977,0.40743940361323566,0.49622227991872747,-0.014907283159917496,-0.2879796275488544,0.438448029159867,-0.954248740571487,-0.2300563063890696,0.37850144243332884,-0.5097898719965933,0.3836079361771881,-1.2727535327130113,-0.39635713812723566,-0.4619501131794961,0.16019184853506907,0.6556187821156194,-0.8291686446422536,-0.28673024163232314,0.8699464890423705,0,41.958333333333336,14.791666666666664,Rupicapra_rupicapra,181
997,1.063064204036985,0.44905618433665734,-0.3586142549817146,-0.11369850862215994,-0.44386110047998606,0.2868283900286577,-0.55801070657169,-0.018717449055960653,0.05239982941520167,-0.029050782844863236,0.30378972300761775,-0.056120282823444466,0.09560290171738395,-0.4248858257179079,-0.1349211254491566,0.6611193549547445,0.1768856222956834,-1.6821579864651586,0.13539645161709243,-0.42733869202686875,0.07001902507237993,-0.5265643710461048,0.2738762012182331,0.06584229020267619,0.3687623855910284,0.2326953374076044,-0.24341251566926533,1.0376019981170657,-1.4266395549448028,-0.22000004767533624,1.1851278222182111,-0.054025951277210875,0.508822682653441,-0.15600425531442605,0.13592532728012247,-0.5359844355582448,0.053705414427707876,0.48551329153626493,-0.6626035432866085,-0.8824750513653072,0.30396024503520425,0,44.95833333333334,1.1249999999999998,Rupicapra_rupicapra,145
998,0.7593362130191568,0.5715829182890886,0.1896524826790128,-0.022406512704081484,0.5812018761953831,-0.3926207729471675,-0.3252451491826662,-0.22648249692774283,0.5258592492871348,0.5607457345778326,0.47462226103577343,1.0915076405293822,0.5201434304560599,-0.19630032742454898,1.0851394874987559,0.3504871147404856,-0.03306992550262447,-1.4265728261659762,0.4829669592451113,-0.3463241778169488,1.143381438338841,0.8289734637472641,0.6045582887725581,0.7697393723820108,0.5795614415945307,-0.17803371553381428,-0.2166722485415119,-0.6021878116605304,0.04958173997180889,-0.16636666786875837,-0.523022158502716,-0.944355470822051,0.5810619594666638,-1.1451250438674587,-0.49313576820130073,-0.3217656430129822,0.5958181698833649,0.7256622194130007,-0.6046678558585581,-0.45694304441317574,1.1431812275285886,0,36.37500000000001,1.7083333333333328,Rupicapra_rupicapra,248
999,0.5356398032851487,0.36737169503503647,0.5551636411194977,0.19156107831340088,0.8426782644642434,-0.6602825500119315,-0.592751830584175,-0.25009772779293066,0.5982044917123878,0.6313291728643318,0.5992838428401033,0.7567828295514745,1.156954223564074,-0.08926581568112485,1.248435220143441,0.48439783042135215,0.1688555351991224,-1.3042182415490557,0.6005089854611322,-0.3058169207119888,1.0608150988568057,-0.03491121827806539,0.6517985869946046,0.6558736679118243,0.6776075141542992,-0.2974655678075601,-0.25232593804518316,-0.5706533922417305,0.04958173997180889,-0.28704177243355855,-0.5135324363875998,-0.9125579879811638,0.4606631647779591,-0.4750754774283075,0.039146697206057346,-0.5619445226261177,0.5377346603702589,0.8057118620385793,-0.7639909962856969,-0.2299926407053723,1.0797517346657166,0,37.208333333333336,9.958333333333332,Rupicapra_rupicapra,238
1000,0.10762271544429233,-0.5719999319336031,0.09827469306889156,-0.772542996799997,-2.0502353059711456,1.7692629148793242,-0.4676838371499773,0.4713974691147108,-0.8989736016446639,-0.9468642231934288,-0.1763882217201712,-0.8690233951983634,-0.9657484201293061,-0.6557939703171275,0.11875484248023019,-0.3609820549312498,-0.8764174952754831,-1.880644341844555,-0.6128280593494064,0.1817168523012795,-0.4253790118198329,6.00615355329457,-0.38073935985869595,-0.8864890562752471,-0.11656567357982578,1.1284342294606984,0.25573913738213216,2.456650871963062,-1.485688406741467,0.32639000910417576,2.3713430866077436,0.6932148954836371,1.3082706793864405,-1.1132179216560705,-0.39635713812723566,-0.457719580472139,-0.9627560020516491,0.010218538446892005,-0.7350231525716716,-1.7808203993753626,0.36738973789807633,0,45.29166666666667,6.458333333333332,Rupicapra_rupicapra,141
1001,0.5591163693383788,0.28568720573341566,0.37240806189925524,-0.08951954822269709,-0.17518469138481427,0.1427028118629099,-0.3704087164203934,-0.10058365779281378,0.12032397369224469,0.03421289147118414,0.27608714927332223,0.2307866980147622,0.09560290171738395,-0.4287568905886055,1.1579094139152397,0.7998306101715398,0.29890260147572756,-0.9649269714736715,0.13350061248457595,-0.37091786963067447,0.5654170619645927,0.11739325421783413,0.31436788540855864,0.2521679884266177,0.35895777833505155,0.16132752324402458,-0.14536486953416938,0.438448029159867,-1.0723464441648158,-0.14290206420338056,0.7580903270379793,-0.29780665305734566,0.3161846111515134,-0.34744698858275497,-0.15441056294207287,-0.3809931009159812,0.2763588675612813,0.4805101888721663,-0.48879648100245726,-0.1732550397784214,0.9089800231118302,0,44.45833333333334,4.708333333333333,Rupicapra_rupicapra,151
1002,0.014132275631498135,0.1631604717809844,0.281030272289134,-0.23001902858995066,-0.6807056026951088,0.34859649714830315,-0.34261571118890877,-0.07962514743785357,-0.04687391991278431,-0.308018751665161,0.156042663091375,0.06342429252580832,0.09560290171738395,-0.5187587981188236,-0.7735500152255529,0.64707285472579,0.06524858413256711,-0.4055916745915864,-0.01563873260671941,-0.3318573002794631,-0.17767999337372647,-0.45521654878900414,0.20639006090102394,0.08654514556089192,0.2560094021472946,0.18463129929743838,-0.2968930499247722,1.1637396757922653,-1.3675907031481382,-0.25352091005444743,0.9763539356856533,0.041366497245450565,0.229497478975646,-0.5069825996396957,-0.20279987797910543,-0.3506101841995077,0.053705414427707876,0.3854512382542917,-0.5177643247164825,0.07260789757169901,0.016087931272938654,0,45.87500000000001,5.124999999999999,Rupicapra_rupicapra,134
1003,-1.0489694156526401,0.5307406736382781,-0.906880992642442,-0.5125699386968148,-0.4400716462679089,-0.0014227509625631685,-0.14111721842186978,-0.26584125257182356,-0.4628590638579887,-0.5825752555925526,-0.07942921365013692,0.003652004851181927,-0.32893762702129203,-0.7113435370918163,-0.781263609659605,0.5317974520792097,-0.27377470000503923,0.27046599327965526,-0.2507227850387613,-0.3694711818769259,-0.17767999337372647,-0.395843594624776,0.044423324139721894,-0.04802341426751029,0.05991725702775757,-0.22464126764064193,-0.4216809631876216,0.21770709322826756,-0.954248740571487,-0.38425227333298095,0.16972755590077107,-0.07522427317113564,-0.11243509794027544,-1.0494036772332942,-0.5415250832383333,-0.1496598806000468,-0.17862862362471657,0.20533954234673985,-0.4308607935744068,0.27118950081602705,-0.11565024621148796,0,52.20833333333334,15.70833333333333,Rupicapra_rupicapra,58
1004,-0.5440932839239864,0.36737169503503647,2.4740972229320435,-0.3836044814502182,-0.5977153411599582,0.06034535615708228,-0.3704087164203934,-0.18136753227921956,-0.15860712765845272,-0.37301433442064563,0.077552037510871,-0.056120282823444466,-0.11666736265195404,-0.6097284718667161,-0.6731275223227099,0.5143608036043876,-0.1480364463729527,0.35281268752014605,-0.1015834399474659,-0.3275172370182174,0.9782487593747701,-0.4623078309694052,0.12540669252037293,-0.058374841946618156,0.20698636586741034,-0.10957887337691116,-0.3592870065561969,0.46998244857866694,-0.9837731664698192,-0.3306188935264031,0.35003227608798004,0.004269433931082226,-0.06909153185234174,-0.7941466995421891,-0.29957850805317054,-0.3665708303227185,-0.12054511411161047,0.3704419302619957,-0.6263937386440771,0.11043296485633292,0.030725506548986058,0,48.54166666666667,7.541666666666668,Rupicapra_rupicapra,102
1005,0.09987439789349238,0.3265294503842261,1.6516971164409524,-0.23759938988755736,-0.4950195996934998,0.20447091898255534,-0.5024249611624623,-0.09571302229178043,-0.15338219348329557,-0.3888956080351079,0.20221361931520085,-0.21152823077747307,-0.11666736265195404,-0.46320921288552946,-0.5559679241364565,0.4985762397642102,0.024119416411532302,-0.38481081997968436,-0.028909606534334675,-0.2768831656370174,0.6479834014466282,0.13418846264387643,0.12540669252037293,-0.11013198034215746,0.26091170577528305,0.08850322307710635,-0.3414601618043613,0.8168610621854661,-1.3085418513514737,-0.3138584623368475,0.8340081039589095,-0.11762091695898517,0.2343134307631942,-0.3155398663713668,-0.009242617830975207,-0.486756418599908,-0.08182277443620639,0.380448135590193,-0.6119098167870645,-0.04086730428220273,0.06487984885976333,0,44.29166666666667,3.2083333333333326,Rupicapra_rupicapra,153
1006,-0.2808385167228745,0.12231822713017397,0.5551636411194977,-0.5001864516399518,-0.4101344664938985,-0.02201213022929481,-0.15501372103761207,-0.2674156012961694,-0.380532857431474,-0.5786866309832501,-0.07019502240537175,0.003652004851181927,-0.32893762702129203,-0.7053434013091193,-0.7748598761218115,0.5452014905092364,-0.2543850431047053,0.2896932513040667,-0.2431394285086954,0.23524429918997664,-0.26024633285576193,-0.44173135865342994,0.05117193817144281,-0.04802341426751029,0.07462416791172284,-0.23338018366067212,-0.4216809631876216,0.21770709322826756,-0.9247243146731547,-0.38425227333298095,0.15074811167053856,-0.07522427317113564,-0.12206700151537182,-1.0174965550219062,-0.5415250832383333,-0.16542822978201407,-0.16894803870586556,0.22034885033903584,-0.44534471543141946,0.27118950081602705,-0.10101267093544056,0,52.04166666666667,15.70833333333333,Rupicapra_rupicapra,60
1007,-0.9253922765659903,0.36737169503503647,0.4637858515093765,-0.3958573431101531,-2.104046375248139,1.1721712536301507,-0.2766076550813097,0.11042843036574479,-0.5430417075459774,-0.6361010296264811,-0.010172779314398124,-0.33107280612672585,-0.32893762702129203,-0.5996637327366708,-0.6693434828179099,0.4579048231008776,-0.1940621143557517,0.3495109428602459,-0.31202158365679367,-0.3116036717269831,0.07001902507237993,0.08702950649370407,-0.036560044240929124,-0.24470054017055967,0.05011264977178072,0.6987708584758809,0.34487336114131034,1.289877353467465,-0.8066266110798258,0.477233889810176,1.251555877024025,1.2867679085135304,0.39323983975228444,-0.3793541107941431,-0.25118919301613796,-0.27099925052469737,-0.27543447281322675,0.13529610504935857,-0.4018929498603816,0.09152043121401597,-0.11565024621148796,0,47.79166666666667,12.874999999999998,Rupicapra_rupicapra,111
1008,-1.7102578033174276,0.8983208754955719,-0.17585867576147213,-0.32464376698247577,-0.2289958374584644,0.06034535615708228,-0.5441142702193831,-0.1273968325966044,-0.062146804424782154,-0.34066359187266687,0.20683071493758343,-0.08002919789329502,0.09560290171738395,-0.5501142832860737,0.858388370135849,0.48658875398412976,-0.10416503528764387,-1.800045666024875,0.04439617325630203,-0.34343080230945167,-0.26024633285576193,-0.6102811955689151,0.1928928328375821,-0.058374841946618156,0.31483704568315574,-0.0673407792800986,-0.45733465269129286,0.8799299010230659,-1.5152128326397993,-0.4110689632362699,0.7486006049228631,-0.3031062335308269,0.229497478975646,-0.6665182106966364,-0.05763193286800776,-0.5319461997921312,-0.12054511411161047,0.47050398354396894,-0.7712329572142032,-0.9864939863980505,0.7626042703513563,0,47.70833333333334,0.9583333333333328,Rupicapra_rupicapra,112
1009,-1.4258704529822896,0.20400271643179482,1.3775637476105889,-0.636111450549595,-0.5378409816119374,0.43095397202947416,-0.19670309635796826,-0.19135481051823555,-0.3976143730041032,-0.5914962179315407,-0.06557792678298915,0.0753787500607336,-0.11666736265195404,-0.7411506221528349,-0.5571322696082631,0.31241943275223205,-0.4890182409604032,-0.33975325913082877,-0.24693110677372834,-0.31883711049572594,-0.095113653891691,-0.5335841314275461,0.037674710108000976,-0.07907769730483388,0.07462416791172284,-0.11103535938024953,-0.3592870065561969,0.24924151264706748,-1.0132975923681515,-0.3339709797643142,0.27411449916704994,-0.027528048909804922,-0.030563917551956223,-1.3684748993471758,-0.6383037133123984,-0.1892730504962085,-0.2947956426509288,0.24036126099543048,-0.5684580512160267,0.17662683260444226,0.03560469830766853,0,54.20833333333334,15.791666666666664,Rupicapra_rupicapra,34
1010,-0.6082888420785548,0.20400271643179482,0.1896524826790128,-0.4009219190913523,-1.255953613519078,0.7192051245259011,-0.2488147823766958,-0.05369754613747214,-0.5333956752226103,-0.6303824640245657,-0.06096083116060657,-0.28325497598702476,-0.32893762702129203,-0.5698566476756524,-0.6560993584308717,0.2868156216879021,-0.2596731856865306,0.1894789368347595,-0.31960494018685953,-0.28411660440576025,0.7305497409286638,1.9467638386542832,-0.023062816177487285,-0.23434911249145182,0.05011264977178072,0.26765100148772514,-0.1542782919100872,1.1006708369546654,-1.2790174254531415,-0.10602911558635827,1.0143128241461183,0.21095307239684868,0.30655270757641706,-0.7303324551194128,-0.39635713812723566,-0.25811535546138265,-0.3044762275697798,0.15530851570575321,-0.4525866763599257,-0.059779837924519685,-0.12052943797017043,0,43.54166666666667,20.541666666666668,Rupicapra_rupicapra,162
1011,-1.1415783024702333,-0.7762111551876553,-0.5413698342019571,-0.45300475769763904,-1.2354902138336725,0.9045094458848375,-0.2696594037734385,0.0014539057045438336,-0.5454532156268191,-0.6404471394839368,-0.06096083116060657,-0.2593460609171742,-0.32893762702129203,-0.5696630907403963,-0.6597378547516959,0.1413991265452444,-0.37796903983930163,0.08693415339758846,-0.3284521894719364,-0.20165540244209174,-1.0859097276761167,-0.12159383858835922,-0.036560044240929124,-0.27575482320788325,0.05501495339976914,0.35649664769136535,-0.11862460240641595,1.1637396757922653,-1.2494929995548092,-0.038987390828135945,1.0427819904914672,0.3275438428134349,0.330632466514158,-0.8579609439649654,-0.39635713812723566,-0.2961901498275963,-0.381920906920588,0.15530851570575321,-0.5105223637879762,-0.10706117203031207,-0.11565024621148796,0,43.70833333333334,19.70833333333333,Rupicapra_rupicapra,160
1012,-1.222544040247624,0.6532674075907094,-0.26723646537159335,-0.46805120799905126,-2.104046375248139,1.0074562808573968,-0.28702996577968104,0.020641306588120058,-0.5650467187836584,-0.6491393591988484,-0.03787535304869364,-0.3191183485918006,-0.32893762702129203,-0.6178576785614125,-0.6965594197523415,0.30051792594872995,-0.33664382682108246,0.20812342944394915,-0.33666749237950777,-0.3159437349882288,0.1525853645544154,-0.21810461648405483,-0.0635545003678128,-0.296457678566099,0.03540573888781544,0.42640797585160684,0.1844317583747897,0.9429987398606657,-0.6885289074864969,0.27946080177342014,0.8529875481891419,0.9740926605781403,0.1765220093126159,-0.6027039662738601,-0.29957850805317054,-0.2790757220569245,-0.3625597370828859,0.14029920771345722,-0.4743125591454447,0.044239097108223574,-0.13516701324621783,0,47.79166666666667,11.70833333333333,Rupicapra_rupicapra,111
1013,1.7531662731477562,0.04063373782855314,0.4637858515093765,-0.5760234688205768,-2.104046375248139,1.4398330306949148,-0.28702996577968104,0.19495139714825988,-0.806130540532256,-0.7985736477563301,-0.16253693485302345,-0.6657976171046337,-0.753478155759968,-0.6660522479238233,-0.7515734941166319,0.18291408938920922,-0.4735457543845268,0.07236812965541631,-0.5414181186912862,-0.227695782009566,1.0608150988568057,1.0578394638363295,-0.2457670792242776,-0.5655947982229034,-0.09695645906787206,0.8313110847796721,0.3983538953968172,1.6367559670742642,-0.9247243146731547,0.5241630971409317,1.5647167068228616,1.360962035142267,0.5858779112542121,-0.570796844062472,-0.29957850805317054,-0.27772964346822,-0.6045743600541614,0.005215435782793342,-0.45982863728843204,-0.20162384024189686,-0.2766635742480094,0,47.79166666666667,14.374999999999998,Rupicapra_rupicapra,111
1014,-1.3359710084323966,0.9800053647971928,-0.08448088615135091,-0.17966792377637295,-0.594304774545724,0.03975597689035064,-0.13416896711399862,-0.19150239984623135,-0.13355423815192996,-0.2794912786910343,0.049849463776575495,0.13515103773536,0.09560290171738395,-0.5547595389805845,-0.6080711903402779,0.8362406062888895,0.18139018138784802,0.6674387410817622,-0.08009726311227927,-0.36368443086193164,1.2259477778208765,-0.590303747667524,0.19964144686930302,0.1797079946728627,0.17757254409947978,0.028787296940233426,-0.20775882616559407,0.6276545456726665,-1.0723464441648158,-0.24346465134071407,0.5113575520449565,0.12615978482114962,0.07538702177410395,-0.4431683552169194,-0.3479678230902031,-0.15715946130854344,0.15051126361621806,0.28038608230821976,-0.29326353593278703,0.33738336856413637,0.020967123031621123,0,45.79166666666667,17.791666666666668,Rupicapra_rupicapra,135
1015,1.5027852081633442,-2.124005228664399,0.8292970099498614,-0.504352404661521,-0.5670202416318499,0.03975597689035064,-0.13069490772349843,-0.25851065730760076,-0.4797396204238811,-0.5937836441723069,-0.09789759613966725,-0.056120282823444466,-0.32893762702129203,-0.7045691920267009,-0.7763152524425221,0.5144355801084477,-0.26809491510315275,0.2760982069074192,-0.2829520502915412,3.1112595536421352,-0.5905116907839039,-0.5793139527063431,0.017428868012838224,-0.08942912498394175,0.04030804251580387,-0.19696803357721301,-0.38602727368395034,0.24924151264706748,-0.8361510369781581,-0.3306188935264031,0.16972755590077107,0.009569014404563416,-0.12206700151537182,-0.9855894328105179,-0.5415250832383333,-0.15042906836502085,-0.20767037838126964,0.1703178236980492,-0.4018929498603816,0.23336443353139313,-0.13516701324621783,0,51.54166666666667,15.791666666666664,Rupicapra_rupicapra,66
1016,-1.7102578033174232,-0.12273524077468854,0.8292970099498614,-0.262513541929425,-0.4264293798109719,-0.0631908887627581,-0.04384209769228586,-0.25427962560846173,-0.214976129048129,-0.40690092030171027,-0.033258257426311055,0.0753787500607336,0.09560290171738395,-0.6161157030613197,-0.6726908927707824,0.818173258611284,0.08424644928807071,0.6052904323844633,-0.15972250667797086,-0.32317717375697164,-0.8382107092300103,-0.6194008550075206,0.12540669252037293,0.11759942859821551,0.09423338242367656,-0.10083995735688098,-0.2879796275488544,0.5015168679974669,-0.9837731664698192,-0.30045011738520305,0.40697060877867763,0.051965658192412945,0.02722750389862205,-0.4431683552169194,-0.39635713812723566,-0.07927920010492465,0.06338599934655889,0.1703178236980492,-0.19911804386220508,0.290102034458344,-0.07173752038334576,0,47.95833333333334,22.45833333333333,Rupicapra_rupicapra,109
1017,0.42366084679391247,-1.3071603356481907,-0.5413698342019571,-0.39567765840384445,-1.0899729458903646,0.3691858687448974,-0.492002650464091,-0.09153116201168372,-0.33906831570811147,-0.6509693001914613,0.08678622875563619,-0.39084509380135224,-0.32893762702129203,-0.5421786335266332,-0.6287378505529403,0.29208666506960185,-0.2273572402774099,0.22094160146022343,-0.18563230815569592,1.706525744752273,-0.9207770487120457,-0.28516351779836846,-0.002816974082324531,-0.30680910624520685,0.1579633295875261,0.05937350301033908,-0.24341251566926533,0.5645857068350667,-1.0132975923681515,-0.2267042201511585,0.5018678299298402,0.11026104340070605,0.007963696748429292,-0.570796844062472,-0.10602124790504032,-0.47848765012643735,-0.32383739740748185,0.2903922876364171,-0.6626035432866085,-0.14488623931494599,-0.03270398631388602,0,45.37500000000001,3.7916666666666665,Rupicapra_rupicapra,140
1018,1.0226249519413682,-0.16357748542549896,1.6516971164409524,-0.4980135829189912,-0.43249259328534256,0.019166597623618997,-0.1897548450500971,-0.2506389136858715,-0.37952806239778997,-0.5812027998480929,-0.051726639915841394,-0.008302452683743352,-0.11666736265195404,-0.7012787979617711,-0.7728222993056737,0.538645803591494,-0.25066391807743216,0.2933832098942697,-0.22797271544856368,0.5607490437834051,-0.17767999337372647,-0.45819121387630735,0.05792055220316373,-0.04802341426751029,0.08933107879568812,-0.20716343560058156,-0.4305943855635394,0.31231035148466735,-1.0132975923681515,-0.38760435957089207,0.23615561070658492,-0.08052385364461684,-0.06909153185234174,-1.0174965550219062,-0.49313576820130073,-0.19388817708605258,-0.16894803870586556,0.24536436365952913,-0.48155452007395094,0.27118950081602705,-0.0961334791767581,0,51.79166666666667,15.041666666666664,Rupicapra_rupicapra,63
1019,-1.1411712343470573,0.5715829182890886,0.0068969034587703275,-0.4971640192687418,-0.6647897215342904,-0.0631908887627581,-0.2557629011576962,-0.2651524773508869,-0.5505776702986079,-0.6372447427468642,-0.07942921365013692,-0.28325497598702476,-0.32893762702129203,-0.6792138241835425,-0.8942025526688928,0.4584898722281488,-0.28160874180441586,0.2626975658224348,-0.32592440396191447,-0.3651311186156802,0.2351517040364509,-0.3336832370714647,-0.04330865827265004,-0.23434911249145182,0.04030804251580387,-0.25085801570073246,-0.38602727368395034,0.06003499613426795,-0.5409067779948358,-0.32391472105058083,0.027381724174027153,0.020168175351525798,-0.25209769977917296,-0.8260538217535772,-0.39635713812723566,-0.24273160016190237,-0.31415681248863087,0.18032402902624653,-0.4960384419309636,0.10097669803517445,-0.1985965061090899,0,50.12500000000001,14.124999999999998,Rupicapra_rupicapra,83
1020,-0.05950050813853729,0.9800053647971928,-0.7241254134221995,0.15655067994347557,0.713076733123342,-0.49556757723917727,-0.592751830584175,-0.1842210135364853,0.5809220171330217,0.6144675737181126,0.5854325559729555,0.7567828295514745,1.156954223564074,-0.11171790332986539,1.2015713697651302,0.43773813207333206,0.1292929367583322,-1.3174247756688888,0.5878700579110224,-0.2870099799132574,0.8131160804106992,-0.22145043969644776,0.6383013589311627,0.6455222402327165,0.6678029068983223,-0.17075128551712246,-0.029490378647237823,-0.5706533922417305,0.1676794435651378,-0.11943746053800275,-0.5040427142724835,-0.8966592465607203,0.6821969470051759,-0.570796844062472,-0.009242617830975207,-0.5534834572114036,0.5086929056137057,0.8057118620385793,-0.7857168790712158,-0.23944890752653075,1.074872542907034,0,37.29166666666667,9.708333333333332,Rupicapra_rupicapra,237
1021,-0.1969724761749392,-0.28610421937793024,0.281030272289134,-0.28981295360481557,-0.6833582495552453,0.20447091898255534,-0.4642096452326063,-0.10205962614364056,-0.06938132866730745,-0.3327229550654357,0.1883623324480531,-0.03221136775359391,0.09560290171738395,-0.5241782446371475,-0.25848448493272735,0.4853497605235995,-0.07733312833276366,0.46526226041724994,0.003951605095950746,0.30902537463115376,1.143381438338841,-0.5186925709160389,0.18614421880586118,-0.006617703551078841,0.2756186166592483,0.0462651289802938,-0.3147198946766078,0.8168610621854661,-1.2199685736564772,-0.3071542898610253,0.6631931058868167,0.046666077718931755,0.1476262985873268,-0.6027039662738601,-0.15441056294207287,-0.44887392117493785,-0.08182277443620639,0.41546985423888366,-0.6626035432866085,0.30901456810066097,0.22589317689628474,0,46.54166666666667,3.7916666666666665,Rupicapra_rupicapra,126
1022,1.2744876053204033,0.04063373782855314,0.0068969034587703275,-0.5961181420000613,-0.3820921583843387,0.9662775530044829,-0.8220432623192633,0.24336264857347065,-0.07179283674814921,-0.022351891711190862,0.2714700536509396,-0.10393811296314558,-0.11666736265195404,-0.5739212694816058,0.44228987314658413,-0.16587755305704724,-0.9919714049135184,-1.823351300308019,0.1328686661070705,-0.23637590853205742,-0.5905116907839039,-0.16842906346084394,0.18614421880586118,-0.22399768481234394,0.39327390373097054,0.24143425342763458,-0.09188433527866252,0.6907233845102664,-0.9247243146731547,-0.018874873400669248,0.6157444953112354,-0.26600917021645853,0.7977797899063324,-1.4961033881927284,-0.15441056294207287,-0.7705867038753187,-0.5077685108656512,0.5805722421541395,-1.2202345347815942,-0.8351937172595149,0.6650204351777069,0,48.54166666666667,-3.1250000000000004,Rupicapra_rupicapra,102
1023,0.5473273920767896,0.48989842898746777,0.281030272289134,-0.25478610241771993,-0.26954360467302046,-0.20731645158823117,-0.11679840510775609,-0.2747461590249578,-0.22934469802981117,-0.4458525214301857,-0.014789874936780708,-0.03221136775359391,0.09560290171738395,-0.6147608229731334,-0.6726908927707824,0.8753809250207757,0.13144734308059153,0.6722940823291529,-0.17172948785057515,-0.24794941056204597,1.308514117302912,-0.5674295751948379,0.118658078488652,0.07619371788178406,0.11384259693563026,-0.17657722953047592,-0.4127675408117038,0.34384477090346727,-0.9837731664698192,-0.3540834971917809,0.25513505493681743,-0.027528048909804922,-0.0835393872149863,-0.3793541107941431,-0.3479678230902031,-0.13869895494916715,0.06338599934655889,0.2103426450108385,-0.2570537312902555,0.3846647026699288,-0.05222075334861589,0,48.20833333333334,17.875,Rupicapra_rupicapra,106
1024,-1.1954732200163873,-0.00020850682225728276,-0.6327476238120783,-0.5056266504228516,-2.0271192820128556,1.1104031465105053,-0.2766076550813097,0.038992342922763816,-0.632870383557333,-0.6873393774196435,-0.09789759613966725,-0.4745262965458292,-0.32893762702129203,-0.6575359273586151,-0.4476862936155856,0.3454053931443461,-0.34467376449287424,0.2001607468483214,-0.4257719316077817,-0.22046234324082314,-1.7464404435324004,0.2325999536244411,-0.1445378687484638,-0.3999719553571776,-0.028324208276034102,0.4802979579751263,0.122037801743365,1.2583429340486652,-0.9837731664698192,0.19901073206355333,1.2325764327937925,0.8469027292145916,0.43176745405267,-0.570796844062472,-0.29957850805317054,-0.2621535912274962,-0.4400044164336941,0.08526507840837194,-0.4525866763599257,-0.050323571103361206,-0.05222075334861589,0,48.54166666666667,14.291666666666664,Rupicapra_rupicapra,102
1025,1.1236974058795794,0.28568720573341566,-0.26723646537159335,-0.5272897257918635,-1.088078218784326,0.9045094458848375,-0.5510625215272543,0.07844944140492922,-0.2313542880971793,-0.433304354623697,0.10063751562278393,-0.22348268831239837,-0.11666736265195404,-0.6437936987517335,-0.43953604187008216,0.26312155212613897,-0.4069553531164412,0.13840080025458124,-0.09715981530492747,-0.3955115614444002,-0.4253790118198329,0.03163240520902829,0.07141778026660557,-0.23434911249145182,0.22659558037936406,0.26765100148772514,-0.30580647230069,1.289877353467465,-1.5152128326397993,-0.2267042201511585,1.147168933757746,0.17385600908248033,0.44139935762776633,-1.0813107994446824,-0.25118919301613796,-0.518870007787573,-0.391601491839439,0.395457443582489,-0.8653784492847851,0.10097669803517445,0.1429469169986828,0,50.54166666666667,5.374999999999999,Rupicapra_rupicapra,78
1026,1.7296733796006643,0.3265294503842261,-0.08448088615135091,-0.4632644353429219,-1.0391934788331059,0.3074177539551146,0.01869189902481303,-0.22904079952901696,-0.5156108031264023,-0.6102531131058233,-0.1763882217201712,-0.11589257049807085,-0.32893762702129203,-0.6923753819846562,-0.7688927443764217,0.5353018655447647,-0.22128581305546227,0.322515257378614,-0.3455147416645846,-0.34053742680195453,-0.5905116907839039,-0.3351261362939735,-0.05005727230437096,-0.1308348357003732,-0.06264033367195308,-0.03384160120331623,-0.18101855903784064,0.3753791903222672,-0.6590044815881647,-0.12278954677591386,0.312073387627515,0.3381430037603973,-0.06427558006479354,-0.6984253329080246,-0.5415250832383333,-0.03235874644150986,-0.19798979346241863,0.02022474377508933,-0.17739216107668615,0.19553936624675922,-0.23763004017854966,0,49.70833333333334,21.625,Rupicapra_rupicapra,88
1027,-1.4396853562161214,0.24484496108260523,-0.5413698342019571,-0.5015097567106631,-0.8303913570067489,1.2957074065083427,-0.3495639624967799,0.1837341577953664,-0.6307603139865966,-0.7621055379749722,-0.07942921365013692,-0.46257183901090393,-0.5412078913906301,-0.574695460305419,0.6162100639048381,0.07616180789640757,-0.4300661350440483,-1.7982977402123492,-0.39354266635500174,-0.37381124513817166,-0.6730780302659393,1.955355767722254,-0.12429202665330105,-0.4310262383945012,0.02069882800385016,0.7133357185092646,0.16660491362295407,1.5736871282366642,-1.2199685736564772,0.2090669907772867,1.4698194856716988,0.09966188245374367,0.9904178614082599,-0.8898680661763535,-0.39635713812723566,-0.35003329337577715,-0.4980879259468002,0.14029920771345722,-0.5757000121445329,-1.5065886615617667,0.5869533670387873,0,42.54166666666667,19.875,Rupicapra_rupicapra,174
1028,0.02477477314264446,-2.001478494711968,1.46894153722071,-0.6013296964813154,-0.29644910543063957,0.12211343259617825,-0.6448635166029026,-0.15701427970318402,-0.17990878237255498,-0.42065815526403255,0.1837452368256705,-0.17566485817269725,-0.11666736265195404,-0.6536648809465228,-0.49076607672957256,0.09278935779359133,-0.5340645790058955,0.012356182960829845,-0.011215107964180987,1.3506405573301246,0.1525853645544154,-0.6194008550075206,0.11190946445693108,-0.25505196784966755,0.29522783117120205,-0.2304672116539954,-0.5732091435782244,0.3753791903222672,-1.456163980843135,-0.5384482402768923,0.40697060877867763,-0.31900497495127045,-0.020932013976859842,-1.1770321660788468,-0.20279987797910543,-0.6398247838297365,-0.42064324659599206,0.44548847022347565,-0.9595239413553671,0.08206416439285749,0.18685964282682502,0,52.54166666666667,0.04166666666666666,Rupicapra_rupicapra,54
1029,1.674370577810606,0.4082139396858469,0.1896524826790128,-0.21248920003625424,-0.7951488835124657,1.0074562808573968,-0.6900270175771944,0.325081267982328,0.13760644827161067,0.1819479491069539,0.4053658267000346,0.13515103773536,0.30787316608672194,-0.347658380576897,0.8019189472103719,0.11373041973396833,-0.4300661350440483,-1.3902548943797495,0.2567301560981463,-0.3795979961531659,0.4002843830005218,-0.11864895223940007,0.3278651134720005,0.07619371788178406,0.4570038508948201,0.7293570645459866,0.2735659821339678,1.226808514629865,-1.1313952959614804,0.2727566292975979,1.4887989299019315,0.21625265287032988,1.144528318609802,-0.6346110884852483,0.0875360122430899,-0.6588621810128433,-0.08182277443620639,0.5755691394900408,-0.8943462929988103,-0.46639931123433426,0.8162753796968634,0,43.37500000000001,-1.2083333333333333,Rupicapra_rupicapra,164
1030,1.019338648781663,-0.8578956444892761,0.37240806189925524,-0.2546227708145382,0.2579565458308753,0.4103646042679486,-0.5788553942318682,0.06757662719793843,0.390814796759996,0.4289899831097009,0.4469196873014779,0.7328739144816239,0.732413694825398,-0.33178708105801596,0.7655339840021299,0.023192877026049004,-0.4535687087164857,-1.364812879572236,0.44125849832974906,-0.19586865142709745,-0.012547314409655536,4.317524877698155,0.5100776923284652,0.43849368665055927,0.5795614415945307,0.20210913133749875,-0.011663533895402197,-0.19224035921613142,-0.39328464850317457,0.0716314550229309,-0.020066886401554157,-0.5627856767314052,0.841123355994266,-1.432289143769952,-0.39635713812723566,-0.5590600685074651,0.18923360329162214,0.7606839380616913,-0.9595239413553671,-0.16379877295726294,0.9870470912507497,0,39.79166666666667,15.874999999999998,Rupicapra_rupicapra,207
1031,-1.0739885348558,-0.6945266658860344,-1.0896365718626844,-0.437745816769621,-0.8591917294288185,0.34859649714830315,-0.30092646839542336,-0.14377988610652287,-0.5153093646162971,-0.6205465311892711,-0.019406970559163295,-0.22348268831239837,-0.32893762702129203,-0.6449550219046638,-0.7106768032432347,0.4891182722787747,-0.21678110453852845,0.326982236522446,-0.25577835605880517,0.29455849709366805,-2.0767058014605424,-0.4024684247608333,0.003931639949396387,-0.19294340177502037,0.08933107879568812,0.015678922910188152,-0.26123936042110096,0.6907233845102664,-1.0723464441648158,-0.2065917027236918,0.6157444953112354,0.2056534919233675,0.08020297356165214,-0.6984253329080246,-0.29957850805317054,-0.2911904293552652,-0.2560733029755247,0.2353581583313318,-0.5322482465734951,0.13880176531980837,-0.08637509565939316,0,49.12500000000001,10.95833333333333,Rupicapra_rupicapra,95
1032,0.4255288964343781,0.48989842898746777,1.9258304852713162,-0.07927612396649761,0.20907180587965507,-0.49556757723917727,-0.3704087164203934,-0.29796783086063494,-0.12524793254014166,-0.3677205765491582,0.19759652369281827,-0.15175594310284668,-0.11666736265195404,-0.38288493061484474,0.9687076052323815,0.7497009459609587,0.3388566928118097,0.12849586262139254,-0.03838880219691701,-0.08013363112721178,1.308514117302912,-0.2902439427365366,0.14565253461553568,0.014085151807136884,0.26091170577528305,-0.27561827775748465,-0.48407491981904627,0.09156941555306787,-1.101870870063148,-0.5049273778977812,0.16972755590077107,-0.5892835790988112,0.003147744960881103,0.03543847795390286,-0.05763193286800776,-0.3858005244470688,0.16987243345392009,0.35042951960560104,-0.3801670670748627,-0.27727397481116467,0.7967586126621335,0,41.29166666666667,-2.708333333333333,Rupicapra_rupicapra,189
1033,0.6721387053567208,0.20400271643179482,3.2964973294231346,-0.43946119745920315,-0.498430166307734,0.16329219112964155,-0.3252451491826662,-0.1848606173383796,-0.45220823650093755,-0.624206413174497,-0.014789874936780708,-0.24739160338224891,-0.32893762702129203,-0.655019761034709,-0.720864576285828,0.5301224023759025,-0.20659676054447731,0.3370812811207861,-0.25009083866125575,-0.217568967733326,-0.4253790118198329,-0.3948861357945498,0.003931639949396387,-0.20329482945412822,0.1040379896796534,-0.09210104133685079,-0.3503735841802791,0.5961201262538666,-1.1609197218598126,-0.3205626348126697,0.5018678299298402,0.02546775582500699,0.051307262836363,-0.6665182106966364,-0.25118919301613796,-0.32041956442427766,-0.26575388789437576,0.25036746632362783,-0.5612160902875203,0.12934549849864987,-0.0814959039007107,0,49.95833333333334,10.95833333333333,Rupicapra_rupicapra,85
1034,-1.5968378714266327,0.44905618433665734,-0.5413698342019571,-0.629070143370914,-0.5636096750176157,0.24564966217574388,-0.3287193411000372,-0.20463837553393904,-0.4552226216019898,-0.6251213836708035,-0.033258257426311055,-0.11589257049807085,-0.32893762702129203,-0.7262470703930229,-0.5427237997494183,0.2896949371869327,-0.48294681373845555,0.06304580926419356,-0.25325057054878325,-0.36802449412317734,0.1525853645544154,-0.2967634124875855,-0.002816974082324531,-0.19294340177502037,0.09913568605166498,-0.19114208956385956,-0.46624807506721067,0.2807759320658674,-1.1609197218598126,-0.4110689632362699,0.312073387627515,-0.11762091695898517,-0.04982772470214898,-1.2727535327130113,-0.5415250832383333,-0.2996514947699793,-0.381920906920588,0.27037987698002247,-0.6770874651436212,0.13880176531980837,0.030725506548986058,0,53.54166666666667,13.624999999999998,Rupicapra_rupicapra,42
1035,-0.0746920561169287,-0.16357748542549896,1.6516971164409524,-0.5305898617740998,-0.45219807321665023,-0.02201213022929481,-0.00562691428930064,-0.3016577142022675,-0.5147064875960866,-0.6061357458724442,-0.19023950858731895,-0.10393811296314558,-0.32893762702129203,-0.7423119360764625,-0.8188128905801296,0.5987669530411974,-0.25144735214232367,0.2926063375138965,-0.3436189025320681,0.5607490437834051,-0.17767999337372647,-0.6031041026376182,-0.05005727230437096,-0.11013198034215746,-0.06264033367195308,-0.25522747371074755,-0.38602727368395034,0.09156941555306787,-0.7180533333848291,-0.3507314109538698,0.03687144628914341,-0.022228468436323732,-0.20393818190369103,-0.9536823105991298,-0.6383037133123984,-0.004475689961201892,-0.21735096330012066,0.06525266775197729,-0.2570537312902555,0.21445189988907618,-0.23763004017854966,0,52.70833333333334,20.45833333333333,Rupicapra_rupicapra,52
1036,0.5422634988595466,-0.36778870867955105,0.281030272289134,-0.20213150348625358,-0.1323633094663767,-0.10436958593512242,-0.453787334534235,-0.19868536824702396,-0.2779767776601201,-0.6326698902653318,0.1421913762242272,-0.4147540088712028,-0.32893762702129203,-0.43940226360720797,0.843106641173149,0.5857986907921349,-0.12472976857293047,-0.04687903952663925,-0.1300210269352129,0.1672499747637938,-1.0033433881940812,0.592266772722592,0.037674710108000976,-0.19294340177502037,0.20698636586741034,-0.08044915331014388,-0.38602727368395034,0.438448029159867,-1.1904441477581449,-0.3909564458088032,0.44492949723914266,-0.47269280868222496,0.20060176825035686,-0.09219001089164974,-0.009242617830975207,-0.45502742329472995,-0.04310043476080232,0.31040469829281175,-0.48155452007395094,-0.46639931123433426,0.6991747774884841,0,41.958333333333336,-2.958333333333333,Rupicapra_rupicapra,181
1037,-0.7506340403393617,-0.2452619747271198,0.0068969034587703275,-0.5772324018834434,-1.5212194198604128,0.6574370174062557,-0.12374665641562725,-0.15234044248462317,-0.598506393405338,-0.6614914608989857,-0.19485660420970155,-0.3071638910568753,-0.32893762702129203,-0.7063111675267937,-0.7980007149430154,0.2722812537807732,-0.4520018405867027,0.0937316015092843,-0.45610535772804517,-0.1683815841058746,-1.0033433881940812,0.611741989337474,-0.13104064068502197,-0.32751196160342255,-0.07734724455591836,0.05937350301033908,-0.10971118003049814,0.5015168679974669,-0.6885289074864969,-0.06580408073142488,0.40697060877867763,0.4282358718095775,-0.016116062189311654,-0.9855894328105179,-0.5415250832383333,-0.13350693753559256,-0.44968500135254513,0.03523405176738532,-0.387409028003369,0.015870296644748143,-0.262025998971962,0,49.45833333333334,22.875,Rupicapra_rupicapra,91
1038,-1.5755628671188302,-0.4903154426319823,0.5551636411194977,-0.5946151522230415,-0.47152452099170294,0.7809732316455466,-0.7212940159357438,0.06610065884711165,-0.23014853405675842,-0.45830265568349876,0.20221361931520085,-0.27130051845209946,-0.32893762702129203,-0.6217287249735048,0.2446468373883665,0.02711612293288397,-0.5520832636488616,-1.8651072461485734,-0.006159536944137076,0.01534776062019388,0.6479834014466282,-0.41486185826066646,0.07141778026660557,-0.32751196160342255,0.30013013479919043,0.11617645714053527,-0.26123936042110096,0.8799299010230659,-1.2199685736564772,-0.20323961648578065,0.8340081039589095,-0.223612526428609,0.4751110201406037,-1.1132179216560705,-0.05763193286800776,-0.6996291325564661,-0.47872675610909815,0.4655008808798703,-1.0319435506404302,-1.0148627868615259,0.4259400390022659,0,51.12500000000001,-2.041666666666667,Rupicapra_rupicapra,71
1039,-0.7857934549440792,0.24484496108260523,0.5551636411194977,-0.32998604657470126,-0.8000752896348956,0.9045094458848375,-0.7039234539295013,0.23342454175349703,-0.03762980560289088,0.010979176368544844,0.30378972300761775,-0.06807474035836975,-0.11666736265195404,-0.4229502932825591,0.7295856225862916,0.05677522904885904,-0.501748783021544,-1.666815090342613,0.1429798081471583,0.365446197027348,0.2351517040364509,0.1622610866754389,0.20639006090102394,-0.11013198034215746,0.39327390373097054,0.48612390198847977,0.01507673323235124,0.9429987398606657,-1.1904441477581449,0.05822311007128644,1.109210045297281,-0.05932553175069207,0.8748350185071034,-0.8579609439649654,0.039146697206057346,-0.6882836130230994,-0.21735096330012066,0.5505536261695475,-0.9595239413553671,-0.8541062509018318,0.7235707362818965,0,43.04166666666667,-2.6250000000000004,Rupicapra_rupicapra,168
1040,-0.5201575729425613,0.44905618433665734,0.37240806189925524,-0.3818074349590451,-0.9599926715100323,0.8839200666181058,-0.5197955231687048,0.08858438404280977,-0.3177666609940092,-0.6495968444470015,0.13295718497946205,-0.29520943352195,-0.32893762702129203,-0.4657254161266461,-0.7336720988804626,0.09411433023069997,-0.2968854819326463,-0.2442001789437608,-0.14265995448532268,0.4131868929010508,1.2259477778208765,1.055788526603625,0.010680253981117304,-0.296457678566099,0.18737715135545666,0.4118431158182232,-0.09188433527866252,1.3214117728862649,-1.3085418513514737,-0.05909990825560265,1.2800250433693736,0.23745097476425464,0.3836079361771881,-0.6346110884852483,-0.10602124790504032,-0.5029093616643623,-0.3335179823263329,0.3154078009569104,-0.7060553088576464,-0.4853118448766512,-0.05222075334861589,0,42.37500000000001,0.7083333333333327,Rupicapra_rupicapra,176
1041,-0.7281506204349446,0.24484496108260523,0.1896524826790128,-0.6680996159763971,-2.104046375248139,1.5839585321592888,-0.47810614784834865,0.4046351438194219,-0.6551768333051194,-0.7775946813767317,-0.04710954429345881,-0.45061738147597863,-0.5412078913906301,-0.6443743695575013,-0.5265688672019112,-0.15486510247878324,-0.7083746986878706,-0.16049399508093087,-0.349938366307123,0.028367950403931017,-1.0033433881940812,-0.048490244700826225,-0.1377892547167429,-0.524189087506472,0.05501495339976914,0.9361780770200343,0.17551833599887187,2.2043755166126626,-1.3675907031481382,0.2995733192008868,2.124610311614721,1.0058901434190273,0.9470742953203263,-1.208939288290235,-0.39635713812723566,-0.4638730825919311,-0.6723384544861185,0.2103426450108385,-0.8074427618567347,-0.16379877295726294,-0.03270398631388602,0,47.79166666666667,8.124999999999998,Rupicapra_rupicapra,111
1042,1.3906756317212134,0.9800053647971928,-0.08448088615135091,-0.10319373385806097,-0.8220543842700847,0.3691858687448974,-0.20365121513896867,-0.0883332556085153,-0.035218297522049115,-0.28331454826488633,0.11910589811231428,0.06342429252580832,0.09560290171738395,-0.499016433729245,-0.5594609050328287,0.9165399293004698,0.3161378520538022,0.745900925247131,-0.05355551525704874,-0.36368443086193164,-0.17767999337372647,-0.4714492775440321,0.20639006090102394,0.1797079946728627,0.20698636586741034,0.3026066655678459,-0.10079775765458032,1.1006708369546654,-1.2494929995548092,-0.11943746053800275,0.9763539356856533,0.2957463599725477,0.34508032187680254,-0.12409713310303788,-0.20279987797910543,-0.2075412599143413,0.19891418821047316,0.3003984929646144,-0.2860215750042807,0.31847083492181943,0.04048389006635099,0,45.04166666666667,17.375,Rupicapra_rupicapra,144
1043,1.2331013585808004,0.20400271643179482,0.281030272289134,-0.19997498786841983,-0.5552728468393635,0.45154333979099975,-0.6344412059045312,0.06373915452831007,0.11268753143624578,0.15763587591938194,0.34534358360906103,0.06342429252580832,0.09560290171738395,-0.42798266284758174,0.913693558627615,0.4155239091312438,-0.029740442795412488,-1.684294348467871,0.2112300169177511,-0.34343080230945167,-0.095113653891691,-0.6200207751036151,0.31436788540855864,0.07619371788178406,0.4226877254989011,0.28367234752444714,-0.12753802478233375,0.9114643204418659,-1.1609197218598126,-0.06245199449351376,0.9668642135705371,-0.18121588264075947,0.6533012362798867,-0.5388897218510839,0.0875360122430899,-0.6015576925222794,-0.023739264923100276,0.5605598314977449,-0.8291686446422536,-0.7879123831537225,0.8260337632142283,0,45.20833333333334,-0.7083333333333334,Rupicapra_rupicapra,142
1044,-1.4779556850948674,0.612425162939899,0.0068969034587703275,-0.42523160460178655,-0.3157756977641043,0.16329219112964155,-0.6031742075459818,-0.10387998210493568,-0.15498986553719007,-0.39889492845902863,0.16989394995852275,-0.21152823077747307,-0.11666736265195404,-0.5866957134122077,-0.352648731962705,0.3228125266311374,-0.27671239096742084,-1.8332562008978937,-0.011215107964180987,-0.3318573002794631,-0.5079453513018684,-0.5777546728134302,0.12540669252037293,-0.20329482945412822,0.2854232239152252,-0.08190563931348224,-0.46624807506721067,0.7853266427666662,-1.456163980843135,-0.4110689632362699,0.6631931058868167,-0.3031062335308269,0.21986557540054963,-0.8260538217535772,-0.05763193286800776,-0.5913659546363738,-0.2947956426509288,0.4504915728875743,-0.8726204102132914,-1.0432315873250013,0.19661802634418996,0,48.70833333333334,1.0416666666666667,Rupicapra_rupicapra,100
1045,0.373730843871096,-0.3269464640287406,3.022363960592771,-0.19063008685780689,-0.03042534319560417,-0.3514420144137042,-0.022997476295543152,-0.3122845774754606,-0.17113357241171412,-0.2965489429436049,-0.033258257426311055,0.09928766513058415,0.09560290171738395,-0.6012121513015077,-0.6431462926522613,0.9351867248690873,0.20273819931325693,0.7101656847894982,-0.12054183127263056,-0.2031020901958403,0.7305497409286638,-0.6183098965843066,0.16589837671069843,0.16935656699375481,0.10894029330764184,-0.24503207168737903,-0.36820042893211474,0.21770709322826756,-0.9247243146731547,-0.40101270452253657,0.16023783378565482,-0.14411881932639112,-0.11243509794027544,-0.3155398663713668,-0.3479678230902031,-0.0640877417466879,0.15051126361621806,0.19533333701854252,-0.17015020014817986,0.33738336856413637,-0.03758317807256849,0,47.29166666666667,20.95833333333333,Rupicapra_rupicapra,117
1046,0.19511095783613888,-0.4494731979811719,-0.906880992642442,-0.5033068032018362,-0.40179763831564635,-0.08378023734894026,0.032588401640555355,-0.3099230543889418,-0.487878460196722,-0.5905812474352342,-0.18562241296493637,-0.03221136775359391,-0.32893762702129203,-0.7376666711526492,-0.8109537529621018,0.6381710900008909,-0.2099262432516893,0.33377968463414187,-0.30759795901425524,0.35821275825860516,-1.7464404435324004,-0.40980467717345287,-0.023062816177487285,-0.058374841946618156,-0.05773803004396466,-0.261053417724101,-0.37711385130803254,0.09156941555306787,-0.7180533333848291,-0.3540834971917809,0.05585089051937594,-0.027528048909804922,-0.20393818190369103,-0.9217751883877416,-0.6383037133123984,0.014946301104391933,-0.14958686886816353,0.07025577041607596,-0.2136019657192177,0.2617332339948686,-0.22787165666118472,0,52.45833333333334,19.95833333333333,Rupicapra_rupicapra,55
1047,-1.5239241639827894,-0.28610421937793024,-0.26723646537159335,-0.14205977514631885,-0.2816700316217618,0.225060298249287,-0.08900553240314223,-0.14638743519770808,0.10424725315329961,-0.1962616410448707,0.12834008935707944,0.4459669336434172,0.09560290171738395,-0.4999841814883141,-0.5558224087120045,0.8553805907101277,0.2522892458756831,-1.0204720871976818,0.06841013560151062,-0.4403588818106059,-0.17767999337372647,-0.6046316227821624,0.3076192713768377,0.3867365482550199,0.2511070985193062,0.16860995326071637,-0.19884540378967627,0.8799299010230659,-1.1904441477581449,-0.17642292658249173,0.9573744914554209,-0.18121588264075947,0.23912938255074237,-0.6027039662738601,-0.4447464531642682,-0.1292764048282355,0.34412296199323844,0.3604357249337984,-0.2642956922187618,-0.1827113065995799,0.0990341911705406,0,44.95833333333334,10.291666666666666,Rupicapra_rupicapra,145
1048,0.2649880229979414,0.04063373782855314,0.0068969034587703275,-0.4781149475489421,-0.28962797220217107,0.6986157605994442,-0.7803539532623425,0.14240741932656037,-0.027179937252576565,0.021174561898816942,0.28993843614047,-0.0919836554282203,0.09560290171738395,-0.5394689102674712,0.5930691695645864,0.033396649119394134,-0.7771195062782156,-1.7924713455328058,0.15561873569726808,-0.23637590853205742,-0.5905116907839039,-0.29714861866400966,0.21313867493274485,-0.1618891187376968,0.4030785109869474,0.18026184128742329,-0.18101855903784064,0.8168610621854661,-1.0723464441648158,-0.10602911558635827,0.7580903270379793,-0.18651546311424066,0.6292214773421457,-1.208939288290235,-0.05763193286800776,-0.7415498657475498,-0.3625597370828859,0.5855753448182381,-1.1188470817825058,-0.8162811836171979,0.7040539692471667,0,47.62500000000001,-2.458333333333333,Rupicapra_rupicapra,113
1049,-1.0140979706372437,-0.28610421937793024,-0.26723646537159335,-0.058789375168142095,0.2803145280639074,-0.43379947011953185,-0.41904621052174995,-0.23651898412123554,0.3960397309351531,0.43408767587483693,0.4192171135671824,0.7089649994117734,0.5201434304560599,-0.31978680949262195,1.0988202691972455,0.5664234544480111,0.2193859116988552,-1.3335444700851795,0.3755360750691782,-0.4403588818106059,-0.17767999337372647,-0.4074093865932744,0.5100776923284652,0.53165653576253,0.5305384053146465,-0.22755423964731866,-0.448421230315375,0.18617267380946764,-0.9837731664698192,-0.4043647907604477,0.16972755590077107,-0.6263806424131795,0.16689010573751956,-0.7941466995421891,-0.25118919301613796,-0.41406817480986374,0.40220647150634453,0.6606218847797181,-0.6553615823581023,-0.22053637388421382,1.040718200596257,0,41.708333333333336,15.374999999999998,Rupicapra_rupicapra,184
1050,0.9594117427219302,-1.8789517607595365,0.09827469306889156,-0.13178374439790908,-0.28318587112995747,0.10152408400999609,-0.49895076924509135,-0.10038685951034125,0.02346173244510049,-0.2883142084768467,0.2807042448957048,-0.020256910218668628,0.09560290171738395,-0.4183050375880484,1.0643271730640218,0.6253344568039191,0.17296830254645668,0.18306985082662233,0.10000745447678505,2.3155812890804213,-0.5905116907839039,-0.2760635501496873,0.25363035912307036,0.07619371788178406,0.3442508674510863,0.09287268108712145,-0.3325467394284435,0.7222578039290662,-1.3675907031481382,-0.34402723847804756,0.9478847693403045,-0.19181504358772186,0.3354484183017062,-0.2517256219485905,-0.009242617830975207,-0.4819489950688204,0.08274716918426094,0.45549467555167295,-0.5974258949300518,-0.09760490520915359,0.8260337632142283,0,44.12500000000001,2.3749999999999987,Rupicapra_rupicapra,155
1051,0.7725275113261368,0.48989842898746777,0.1896524826790128,0.1386450291599916,0.699434755783229,-0.6191038528395671,-0.25923709307506715,-0.3301928082906826,-0.14896109533508567,-0.46624329249072993,0.1837452368256705,-0.23543714584732364,-0.11666736265195404,-0.25804354999998014,1.430650955995459,0.9846394796777467,0.6659328689531667,-1.4809526333194267,-0.06872222831718047,-0.37091786963067447,1.308514117302912,1.54638310587668,0.13215530655209384,0.07619371788178406,0.20698636586741034,-0.2727053057508079,-0.45733465269129286,-0.22377477863493134,-0.7771021851814935,-0.47475860175658113,-0.09598466332248425,-0.7747688956706529,0.13317844322468222,0.5778595555475015,-0.009242617830975207,-0.2663841239348533,0.3731647167497915,0.2753829796441211,-0.11945647364863572,-1.1661630560000615,0.8260337632142283,0,35.37500000000001,6.208333333333332,Rupicapra_rupicapra,260
1052,1.4416432205442815,-0.0410507514730677,1.5603193268308313,-0.2446244436771548,-0.031183262949702,-0.3514420144137042,-0.06121265969852837,-0.30800431805412765,-0.16708089910918839,-0.296843040603132,-0.019406970559163295,0.14710549527028527,0.09560290171738395,-0.6058574254546238,-0.6546439543506373,0.820272601961224,0.09893550179905565,0.6138358803953129,-0.11106263561004823,-0.278329853390766,0.2351517040364509,-0.5994921515168065,0.17264699074241935,0.16935656699375481,0.12854950781959554,-0.2625099037274394,-0.448421230315375,0.24924151264706748,-1.0132975923681515,-0.44123773937746996,0.16023783378565482,-0.223612526428609,-0.12206700151537182,-0.570796844062472,-0.4447464531642682,-0.09235539210948286,0.11178892394081398,0.2353581583313318,-0.2570537312902555,0.3279271017429779,-0.022945602796521084,0,47.20833333333334,19.625,Rupicapra_rupicapra,118
1053,-0.8721312015486861,0.6941096522415199,-0.5413698342019571,-0.40201648014637426,-1.0869413391531793,1.316296816455624,-0.2905040251701812,0.24749529989909064,-0.41804520535567924,-0.60979562785767,-0.02402406618154588,-0.17566485817269725,-0.32893762702129203,-0.5959862432598345,0.8116699796629421,0.4356217049528015,-0.16703431152845633,-1.628943450838954,-0.22860466182606914,-0.4446989450718516,1.2259477778208765,0.8114043994348987,0.03092609607628006,-0.1515376910585889,0.11384259693563026,0.9099613289599437,0.38052705064498155,1.8259624835870636,-1.0723464441648158,0.5074026659513761,1.7545111491251868,0.25864929665817943,1.0963688007343202,-0.9217751883877416,-0.39635713812723566,-0.29561325900386576,-0.19798979346241863,0.27037987698002247,-0.5394902075020014,-0.9675814527557336,0.718691544523214,0,44.79166666666667,15.291666666666664,Rupicapra_rupicapra,147
1054,-0.13507099674462628,0.28568720573341566,1.1948081683903464,-0.10245854221565619,0.1499553660857321,-0.042601478815476976,-0.492002650464091,-0.13467818137091608,0.17096564338992176,0.21449475676128404,0.3776632529657391,0.2427411555496875,0.09560290171738395,-0.3430131248823863,1.067820209479442,0.5320842353756796,0.1776689069358057,-0.9163735589997644,0.2213411589578389,-0.2725431023757717,0.6479834014466282,-0.04950193918327955,0.35485956959888415,0.24181656074750985,0.4226877254989011,0.024417838930218337,-0.18993198141375844,0.18617267380946764,-0.9837731664698192,-0.2669292550060919,0.43543977512402643,-0.4779923891557062,0.3161846111515134,-0.3793541107941431,-0.05763193286800776,-0.48752560636488196,0.20859477312932417,0.5155319075208569,-0.5901839340015456,-0.09760490520915359,0.9041008313531478,0,43.54166666666667,3.624999999999999,Rupicapra_rupicapra,162
1055,-0.07652442228290596,-0.28610421937793024,0.281030272289134,-0.32044510775465285,-0.22823791770436658,-0.042601478815476976,-0.49547670985459114,-0.16995345710841916,-0.12122875240540538,-0.36566189293246865,0.16065975871375757,-0.15175594310284668,-0.11666736265195404,-0.573534155611094,-0.28526382007475537,0.5537649405640811,-0.08281701736223497,0.45982430192789325,-0.026381821024312718,0.30902537463115376,1.2259477778208765,-0.5207737662425996,0.1524011486472566,-0.09978055266304961,0.26091170577528305,-0.11977427540027971,-0.45733465269129286,0.5645857068350667,-1.3675907031481382,-0.4512939980912033,0.5208472741600728,-0.18121588264075947,0.12836249143713402,-0.5069825996396957,-0.05763193286800776,-0.48771790330612547,-0.1399062839493125,0.410466751574785,-0.6988133479291401,0.22390816671023467,0.2063764098615549,0,48.54166666666667,4.041666666666667,Rupicapra_rupicapra,102
1056,-1.463718143365689,0.9391631201463824,1.3775637476105889,-0.006167283014842565,0.8309305805549331,-0.6808718985981136,-0.2696594037734385,-0.32655211513580956,0.5877546233620734,0.6211337873340597,0.4838564522805386,1.2230066734135603,0.732413694825398,-0.18333227118287523,1.1037685708952805,0.36566954568280136,-0.009763546552140607,-1.4129778558559567,0.5158281708753967,-0.41142512673563447,1.308514117302912,0.8654400136719996,0.6450499729628836,0.8732536491730895,0.5893660488505076,-0.38631121401120033,-0.448421230315375,-0.6337222310793303,-0.03899153772318781,-0.3943085320467143,-0.5799604911934136,-0.9920516950833818,0.25357723791338693,-1.1770321660788468,-0.5415250832383333,-0.2652303422873923,0.682943434153024,0.7306653220770993,-0.5467321684305078,-0.4380305107708588,1.1968523368740958,0,36.12500000000001,1.4583333333333328,Rupicapra_rupicapra,251
1057,-1.5287399517136682,-3.2267458342362803,-1.272392151082927,-0.8326800378383958,-1.0168353520416618,1.028045629443579,-0.3634604651125222,-0.11007895909336562,-0.5027829198630357,-0.6610339756508324,0.059083655021340664,-0.03221136775359391,-0.32893762702129203,-0.5642436442220725,-0.6083622767082296,-0.28666499227537845,-0.9529964940899738,-1.6073857238466787,-0.2899034604441016,4.465359291150797,-1.5813077645683296,-0.5348331460195553,-0.04330865827265004,-0.32751196160342255,0.09913568605166498,0.012765950903511422,-0.3503735841802791,0.5645857068350667,-1.1313952959614804,-0.2769855137198252,0.49237810781472396,-0.1017221755385416,0.06575511819900756,-1.3684748993471758,-0.5899143982753658,-0.3929155112730784,-0.6045743600541614,0.14029920771345722,-0.6553615823581023,-0.6744371812998208,-0.01318721927915615,0,56.54166666666667,9.541666666666666,Rupicapra_rupicapra,6
1058,0.6070254498757814,-0.4494731979811719,-0.906880992642442,-0.47989564093698833,-0.616662901337168,-0.02201213022929481,0.004795528935941488,-0.29034207570813775,-0.4939072303988264,-0.5951560999167665,-0.1717711260977886,-0.08002919789329502,-0.32893762702129203,-0.7082466999621425,-0.7834467296597186,0.5632114255151853,-0.23264523343446603,0.31125097829634196,-0.32529245758440894,0.35821275825860516,-1.7464404435324004,-0.5870286514043895,-0.023062816177487285,-0.09978055266304961,-0.0479334227879878,-0.21298937961393502,-0.30580647230069,0.15463825439066772,-0.5409067779948358,-0.270281341244003,0.05585089051937594,0.10496146292722486,-0.21357008547878742,-0.8579609439649654,-0.5899143982753658,-0.015244318670838072,-0.19798979346241863,0.050243359759681305,-0.22084392664772398,0.22390816671023467,-0.21811327314381979,0,50.62500000000001,22.20833333333333,Rupicapra_rupicapra,77
1059,0.04871061579740723,0.04063373782855314,0.09827469306889156,-0.18202047720364217,-0.22065886472180024,0.16329219112964155,-0.5024249611624623,-0.08528293853334265,0.058026681603832446,-0.024018445115177648,0.30378972300761775,0.11124212266550942,0.09560290171738395,-0.39836911626321386,0.9839893341950815,0.45994087248108895,0.06485709123727515,-1.446576808397505,0.13539645161709243,0.335065754198628,-1.0033433881940812,1.100306527365046,0.2738762012182331,0.10724800091910765,0.3687623855910284,0.09724213909713654,-0.3147198946766078,0.46998244857866694,-1.2494929995548092,-0.28368968619564744,0.710641716462398,-0.3243045554247516,0.3787919843896399,-0.5388897218510839,-0.10602124790504032,-0.4950251870733786,0.0730665842654099,0.48551329153626493,-0.648119621429596,-0.5987870467305529,0.8406713384902758,0,43.37500000000001,2.6249999999999987,Rupicapra_rupicapra,164
1060,0.8879096969008632,0.48989842898746777,0.281030272289134,0.07161385887105377,0.3966525359873027,-0.7838187642512223,-0.4155721511312498,-0.3472646745569721,0.338967373021898,0.37840518567104314,0.423834209189565,0.4937847637831183,0.5201434304560599,-0.21352648857301096,-0.34813703205707364,0.6944951613904973,0.3903663992488492,-0.8175188082394242,0.31992479384869515,-0.46495257362433157,1.473646796266983,-0.049207751857562675,0.4695860081381397,0.45919654200877497,0.5109291908026927,-0.43000579411135126,-0.5642957212023066,-0.1607059397973315,-0.7771021851814935,-0.5820253613697368,-0.001087442171321632,-0.6846760276214726,-0.25691365156672114,-0.21981849973720233,-0.05763193286800776,-0.4446433884675808,0.4312482262628976,0.5755691394900408,-0.5105223637879762,0.015870296644748143,0.3088394367938867,0,41.208333333333336,0.04166666666666666,Rupicapra_rupicapra,190
1061,-1.147444481333445,0.24484496108260523,0.09827469306889156,-0.5233198105797298,-0.4582612866910209,-0.042601478815476976,0.0638553337356694,-0.3139573253410427,-0.5225438888588224,-0.6077369442409806,-0.22255917794399704,-0.0919836554282203,-0.32893762702129203,-0.7436667977060435,-0.8247800362052814,0.608552032724169,-0.24165465046833368,0.3023170200086779,-0.35373004457215595,-0.278329853390766,-0.5079453513018684,-0.578288718876364,-0.0635545003678128,-0.12048340802126532,-0.09695645906787206,-0.25959693172076265,-0.39494069605986815,0.06003499613426795,-0.6885289074864969,-0.34737932471595867,0.00840227994379463,-0.01692888796284254,-0.2183860372663356,-0.8898680661763535,-0.6383037133123984,0.048598265822005,-0.19798979346241863,0.015221641110990667,-0.17015020014817986,0.2049956330679177,-0.28154276600669187,0,52.29166666666667,21.95833333333333,Rupicapra_rupicapra,57
1062,1.2863671738382583,-0.4903154426319823,1.6516971164409524,-0.5720861601006534,-0.2771226576555868,0.12211343259617825,-0.6622340786091451,-0.14299273051206712,-0.1610186357392945,-0.41095293249963893,0.20683071493758343,-0.17566485817269725,-0.11666736265195404,-0.6416646278397341,-0.4706815614932896,0.13508989402290594,-0.48294681373845555,-1.7301287446537859,0.011534961626016612,-0.04830650054474323,-0.095113653891691,-0.5264272558041106,0.118658078488652,-0.24470054017055967,0.3099347420551673,-0.20425046359390484,-0.5732091435782244,0.3753791903222672,-1.456163980843135,-0.5216878090873367,0.43543977512402643,-0.3243045554247516,0.01759560032352567,-1.1132179216560705,-0.15441056294207287,-0.6529009758342947,-0.391601491839439,0.46049777821577165,-0.9595239413553671,-0.759543582690247,0.19173883458550747,0,52.12500000000001,-0.29166666666666724,Rupicapra_rupicapra,59
1063,0.35605264491221594,0.20400271643179482,-0.08448088615135091,-0.4232711267933883,-0.7201165625577242,0.5544901785986277,-0.48158020723884887,-0.02644160334969412,-0.20402386318097263,-0.4094824442020035,0.08678622875563619,-0.21152823077747307,-0.11666736265195404,-0.6172770077556448,-0.3599257246043534,0.4146576779437619,-0.2545809389771205,-1.8666609538660057,-0.10979874285503725,-0.21901565548707458,-1.0033433881940812,-0.5687186110807255,0.09166362236176832,-0.1825919740959125,0.21679097312338722,0.14530617720730257,-0.3503735841802791,0.9745331592794657,-1.4266395549448028,-0.2903938586714697,0.9289053251100721,0.046666077718931755,0.4173195986900254,-0.7941466995421891,-0.15441056294207287,-0.4692573969467492,-0.2851150577320778,0.3704419302619957,-0.7495070744286843,-1.1756193228212202,0.1624636840334127,0,49.20833333333334,4.958333333333333,Rupicapra_rupicapra,94
1064,0.8720412162938939,-0.08189299612387813,-0.17585867576147213,-0.18767306689910435,-1.4079129825345997,1.1104031465105053,-0.2766076550813097,0.17994585654478035,0.02627515853941588,-0.2603749308217741,0.19759652369281827,0.20687778294491166,0.09560290171738395,-0.48546774359901407,-0.564991379466767,0.6801445140326695,0.11930448863669627,-1.026881099119191,0.02417388917612639,-0.036732998514754665,0.31771804351848637,-0.5928634082745279,0.25363035912307036,0.20041085003107842,0.27071631303125987,0.8983094409332368,0.3003062492617213,1.5106182893990645,-1.1609197218598126,0.2593482843459534,1.4698194856716988,0.8734006315819975,0.5906938630417602,-0.3793541107941431,-0.25118919301613796,-0.2848446302942296,0.16019184853506907,0.3604357249337984,-0.4018929498603816,-0.24890517434768925,0.09415499941185813,0,46.20833333333334,13.041666666666664,Rupicapra_rupicapra,130
1065,1.0810794867401095,-0.20441973007630937,1.6516971164409524,-0.5880802926710762,-0.4571244793390801,0.3074177539551146,-0.6518117679107738,-0.10397836247845475,-0.1903586507228693,-0.4268342061141012,0.1837452368256705,-0.1995737732425478,-0.11666736265195404,-0.6472776497519191,-0.47533883234242075,0.1171833018259388,-0.5101705124381661,-0.8427666419951583,-0.013742893474202943,-0.29569010643574883,-0.5079453513018684,-0.4573297239761584,0.09841223639348924,-0.2654033955287754,0.2903255275432136,-0.13433913543366335,-0.5197286093227176,0.5330512874162667,-1.456163980843135,-0.48481486047031447,0.530336996275189,-0.24481084832253378,0.08501892534920032,-1.1451250438674587,-0.20279987797910543,-0.6442476134783371,-0.410962661677141,0.4504915728875743,-0.9595239413553671,-0.15434250613610445,0.17710125930946008,0,52.20833333333334,-0.8750000000000003,Rupicapra_rupicapra,58
1066,-0.9141649519259142,0.7349518968923303,0.5551636411194977,0.08955201643270456,0.5921914957921837,-0.7014612471842958,-0.6240188952061599,-0.2681535854715828,0.5978025736989141,0.630937042651629,0.6593060859310769,0.8882818624356525,1.156954223564074,-0.08229791368075344,1.0225573063653415,0.1486261216286492,-0.11043250780677588,-0.6188381791999634,0.6232590550513298,-0.3984049369518973,1.473646796266983,-0.6062821245181679,0.6517985869946046,0.6248193848745007,0.6923144250382645,-0.35718149394443305,-0.30580647230069,-0.41298129514773085,-0.27518694490984563,-0.38425227333298095,-0.2573099392794607,-0.6899756080949538,-0.03537986933950441,-0.5388897218510839,0.0875360122430899,-0.6152107753505681,0.4312482262628976,0.7856994513821847,-0.814684722785241,0.3752084358487703,1.0699933511483517,0,39.208333333333336,-0.29166666666666724,Rupicapra_rupicapra,214
1067,-1.3723716417539569,-0.28610421937793024,-0.26723646537159335,-0.1805991532282132,-0.18352166412147844,0.03975597689035064,-0.13069490772349843,-0.17925199766193287,0.20030565837349656,-0.14273586701094218,0.16527685433614014,0.6013748815974458,0.09560290171738395,-0.5214685213779855,-0.5846392929106464,0.7670168877943955,0.18021510500289536,-1.0128977667056127,0.13666034437210342,-0.4403588818106059,-0.17767999337372647,-0.6128203038083373,0.3751054116940469,0.4798993973669907,0.29522783117120205,0.024417838930218337,-0.3325467394284435,0.7537922233478662,-1.2790174254531415,-0.30380220362311416,0.6726828280019329,-0.17591630216727827,0.08501892534920032,-0.9217751883877416,-0.5415250832383333,-0.12908410788699198,0.3538035469120895,0.4504915728875743,-0.387409028003369,-0.059779837924519685,0.13806772524000033,0,44.95833333333334,11.45833333333333,Rupicapra_rupicapra,145
1068,1.122128386388793,-0.2452619747271198,-0.08448088615135091,-0.4675611134754626,-0.7007901147826714,0.43095397202947416,-0.4086238998233786,-0.10363397486798642,-0.3851884077542102,-0.6347285738820214,0.00829560317513222,-0.29520943352195,-0.32893762702129203,-0.6385677907100602,-0.4056252850299055,0.3735502050376523,-0.3078532599915889,0.2366728596863275,-0.2260768763160472,-0.06711344134347465,-0.9207770487120457,-0.017722547021471993,0.010680253981117304,-0.2654033955287754,0.13835411507557238,0.028787296940233426,-0.3503735841802791,0.848395481604266,-1.338066277249806,-0.3105063760989364,0.710641716462398,0.041366497245450565,0.25357723791338693,-0.7622395773308009,-0.20279987797910543,-0.42002937998841233,-0.3431985672451839,0.28538918497231847,-0.6698455042151149,0.07260789757169901,0.08927580765317567,0,49.37500000000001,7.708333333333332,Rupicapra_rupicapra,92
1069,0.4697390095720514,0.24484496108260523,-0.5413698342019571,-0.29188780342105847,-1.0141827051815253,0.9662775530044829,-0.24534059045932483,0.06103322506360576,-0.31113501377169434,-0.5908099900593108,0.012912698797514806,-0.15175594310284668,-0.11666736265195404,-0.5210814075074737,0.6802476213589631,0.44244709139642324,-0.07929148935783863,-1.5211548529208916,-0.22291714442851976,-0.37381124513817166,-0.6730780302659393,2.109269192103163,0.05792055220316373,-0.09978055266304961,0.11384259693563026,0.5866214362188269,0.03290357798418687,1.6367559670742642,-1.3675907031481382,0.06827936878501978,1.5362475404775129,0.1420585262415932,0.7592521756059468,-0.5388897218510839,-0.29957850805317054,-0.2571538707551651,-0.1399062839493125,0.20533954234673985,-0.4018929498603816,-0.9675814527557336,0.728449928040579,0,43.12500000000001,19.791666666666668,Rupicapra_rupicapra,167
1070,0.978978137341928,0.5307406736382781,-0.906880992642442,-0.4884236845036056,-0.3343442257850592,-0.12495899588240354,-0.17933253435172575,-0.2888169171705514,-0.4936057918887212,-0.6017896360149885,-0.07942921365013692,-0.15175594310284668,-0.32893762702129203,-0.7072789337444682,-0.7828645569238152,0.6143565938595554,-0.19954600338522302,0.34407298437088923,-0.28927151406659607,-0.3694711818769259,-0.17767999337372647,-0.5583282868728071,0.010680253981117304,-0.11013198034215746,0.05011264977178072,-0.27561827775748465,-0.39494069605986815,0.09156941555306787,-0.8066266110798258,-0.38760435957089207,0.0653406126344922,-0.08052385364461684,-0.18949032654104647,-0.8579609439649654,-0.49313576820130073,-0.17427388907921523,-0.19798979346241863,0.1853271316903452,-0.41637687171739424,0.21445189988907618,-0.13028782148753537,0,52.29166666666667,17.041666666666668,Rupicapra_rupicapra,57
1071,1.6605799024708918,0.28568720573341566,1.0120525891701038,-0.3263264414658042,-1.01607750456677,0.739794488452358,-0.41904621052174995,0.02580712074514502,-0.15298027546982196,-0.37301433442064563,0.11910589811231428,-0.12784702803299614,-0.11666736265195404,-0.5675340382870022,-0.3015642680467144,0.5259069119672448,-0.09260971903622493,-1.8171364694382892,-0.0845208877548177,-0.24794941056204597,0.31771804351848637,-0.28565453436701643,0.12540669252037293,-0.07907769730483388,0.21679097312338722,0.3506707036780119,-0.23449909329334753,1.4475494505614646,-1.456163980843135,-0.1697187541066695,1.2705353212542574,0.22155223334381108,0.5521662487413747,-0.570796844062472,-0.15441056294207287,-0.40060738892281855,-0.1302256990304615,0.3604357249337984,-0.6191517777155707,-1.1661630560000615,0.18198045106814253,0,47.62500000000001,6.041666666666668,Rupicapra_rupicapra,113
1072,-1.6970748343777484,-1.4705293142514324,-0.26723646537159335,-0.1167699005887071,0.4121896741086903,-0.3720313629998864,-0.45726152645160595,-0.21310051400308588,0.4261835819456752,0.46349744182754493,0.4376854960567127,0.780691744621325,0.5201434304560599,-0.32520629292815645,0.9903929011757312,0.3994125131553433,0.07347441767677407,-1.3444204611505206,0.4134528577195075,-0.3723645573844231,-0.26024633285576193,-0.17812703200226326,0.530323534423628,0.5523593911207457,0.5550499234545886,-0.21881532362728848,-0.4216809631876216,0.18617267380946764,-0.9247243146731547,-0.38425227333298095,0.15074811167053856,-0.6369798033601419,0.1909698646752605,-0.9855894328105179,-0.29957850805317054,-0.43791299552405816,0.3538035469120895,0.7006467060925073,-0.7495070744286843,-0.1827113065995799,1.0504765841136219,0,41.87500000000001,15.374999999999998,Rupicapra_rupicapra,182
1073,0.7747122353435193,-0.0410507514730677,0.37240806189925524,-0.22805855078155238,-0.027772696335467754,-0.33085266582752204,-0.10637609440938474,-0.30308447359861757,-0.19913386068371017,-0.4016725174656733,-0.005555683692015537,0.003652004851181927,0.09560290171738395,-0.6058574254546238,-0.6578458211195339,0.9023214711183586,0.16454672255460373,0.7051162365769561,-0.14581968637285012,-0.3014768574507431,-0.095113653891691,-0.3649966565444406,0.14565253461553568,0.10724800091910765,0.12364720419160712,-0.24503207168737903,-0.48407491981904627,0.21770709322826756,-1.0428220182664836,-0.4512939980912033,0.21717616647635238,-0.18121588264075947,-0.09317129079008268,-0.3793541107941431,-0.3479678230902031,-0.12946870176947897,0.10210833902196297,0.22034885033903584,-0.2425698094332429,0.4130335031334042,-0.027824794555203553,0,47.87500000000001,18.20833333333333,Rupicapra_rupicapra,110
1074,1.7493593336111986,-0.0410507514730677,-0.6327476238120783,-0.4833101489270693,-0.6579685883058218,0.34859649714830315,-0.3565122138046511,-0.13689213389715624,-0.45890687005883135,-0.6312974345208722,-0.028641161803928467,-0.28325497598702476,-0.32893762702129203,-0.6643102724237305,-0.7279960257435006,0.420014980363853,-0.3056988536693296,0.23880922168903987,-0.268417283608915,-0.15680808207588603,-0.9207770487120457,0.03385876699363346,-0.002816974082324531,-0.25505196784966755,0.1040379896796534,-0.020733227173270953,-0.3414601618043613,0.6591889650914664,-1.2790174254531415,-0.32391472105058083,0.5967650510810029,0.020168175351525798,0.10909868428694126,-0.7622395773308009,-0.25118919301613796,-0.3559944985543258,-0.3625597370828859,0.24536436365952913,-0.6263937386440771,0.08206416439285749,-0.08637509565939316,0,50.45833333333334,9.708333333333332,Rupicapra_rupicapra,79
1075,-1.603363346920768,0.36737169503503647,0.09827469306889156,-0.4164748170194801,-1.8137697591156212,0.8839200666181058,-0.3148228384842949,0.033088469519456695,-0.20924879735612978,-0.49160104624550927,0.04061527253181032,-0.020256910218668628,-0.32893762702129203,-0.6118575427787155,-0.6792401972520755,0.4384091601771816,-0.22618216389245724,0.31765991613122324,-0.14961136463788305,-0.09460050866469749,0.07001902507237993,-0.3533002842213375,0.0849150083300474,-0.06872626962572602,0.16776793684350294,0.38562636775813264,0.023990155608269056,0.8799299010230659,-0.9247243146731547,0.131969007305331,0.8150286597286769,0.7409111197449678,0.21986557540054963,-0.9217751883877416,-0.39635713812723566,-0.3169582194818946,-0.15926745378701454,0.32541400628510775,-0.5901839340015456,0.25227696717371006,-0.01318721927915615,0,47.62500000000001,9.291666666666666,Rupicapra_rupicapra,113
1076,0.31366120391340996,-0.4903154426319823,1.3775637476105889,-0.22773178786114542,0.9806164794249851,-0.6191038528395671,-0.6587600192186449,-0.2507865030138673,0.4655715472660907,0.5019262026724167,0.5207932172595993,0.8165551172261009,1.156954223564074,-0.028877380900853414,0.6776278995664459,-0.2567650330002587,-0.5536499823538754,-1.2566358825073012,0.5246754201604735,-0.4244453165193716,-0.5079453513018684,-0.4134157502910562,0.5573179905505117,0.4695479696878828,0.6383890851303918,-0.4241798500979978,-0.4127675408117038,-0.5706533922417305,0.07910616587014112,-0.40101270452253657,-0.523022158502716,-0.891359666087239,0.01759560032352567,-1.4961033881927284,-0.3479678230902031,-0.6302099367675614,0.16019184853506907,0.8107149647026779,-1.053669433425949,-0.04086730428220273,0.9919262830094322,0,37.208333333333336,14.041666666666664,Rupicapra_rupicapra,238
1077,0.9353297426624365,-0.5719999319336031,0.37240806189925524,-0.31799453542266587,-0.7333799414168183,1.1104031465105053,-0.2905040251701812,0.14147271193954322,-0.3052402162407478,-0.5002279109249702,0.04061527253181032,-0.10393811296314558,-0.11666736265195404,-0.5083069451182665,0.8461630757961656,0.37488105877283306,-0.1206167023760578,-1.7351783039962698,-0.18563230815569592,-0.003459180178537538,-0.9207770487120457,0.4886344936837014,0.07141778026660557,-0.08942912498394175,0.14325641870356082,0.7177051765192797,0.2735659821339678,1.1637396757922653,-1.0132975923681515,0.3163337503904424,1.0997203231821648,-0.1070217560120228,1.1252645114596092,-0.7303324551194128,-0.3479678230902031,-0.29715163453381377,-0.14958686886816353,0.2553705689877265,-0.48155452007395094,-1.270181991032805,0.7479666950753089,0,42.208333333333336,20.041666666666668,Rupicapra_rupicapra,178
1078,-0.8266780262674436,-0.4086309533303615,1.2861859580004675,-0.6063125069468802,-0.4484086190045731,0.34859649714830315,-0.7004493282755657,-0.0831182324970136,-0.22090441974686498,-0.44859743291910514,0.1837452368256705,-0.28325497598702476,-0.11666736265195404,-0.640503323145409,-0.47854072687084137,0.04397892475295323,-0.5657929862225399,-1.739645209053474,-0.023854035514290765,0.06742851975514243,-0.095113653891691,-0.3887738051802954,0.07816639429832649,-0.32751196160342255,0.2903255275432136,-0.1285131914203099,-0.5108151869467997,0.438448029159867,-1.3675907031481382,-0.4479419118532922,0.48288838569960774,-0.27660833116342093,0.0994667807118449,-1.1451250438674587,-0.10602124790504032,-0.6911680671417519,-0.4884073410279492,0.44548847022347565,-1.0102176678549113,-0.7879123831537225,0.1624636840334127,0,51.95833333333334,-1.3750000000000002,Rupicapra_rupicapra,61
1079,0.07643193523469949,-1.5522138035530533,-0.17585867576147213,-0.6937653127637964,-2.104046375248139,1.316296816455624,-0.3912533378171361,0.08115537086963352,-0.861695705894985,-0.8877505936284857,-0.16253693485302345,-0.8212055650586623,-0.9657484201293061,-0.6484389729048495,-0.7680194852725667,-0.17351175801649432,-0.7228680047512096,-0.1748659118579516,-0.6052447028193405,0.7589452660469592,0.8131160804106992,2.9681684594093767,-0.3334990616366495,-0.7726233518050607,-0.11166336995183734,0.4613636399317276,0.11312437936744718,0.7853266427666662,-0.8066266110798258,0.2157711632531089,0.7201314385775143,0.8734006315819975,0.0994667807118449,-0.8260538217535772,-0.3479678230902031,-0.38291607032841624,-0.8272278131877349,-0.024803180201798634,-0.5829419730730392,-0.3907491766650664,-0.3205763000761516,0,46.37500000000001,12.541666666666664,Rupicapra_rupicapra,128
1080,1.6540196734452148,-0.3269464640287406,-0.17585867576147213,-0.2764001184773512,-0.643568402094787,0.5133114430755765,-0.34261571118890877,-0.024080099030892532,0.09259163076256441,-0.11476391183814437,0.211447810559966,0.37424018843386553,0.09560290171738395,-0.4783063215805973,-0.5961369268494984,0.47828940221890526,-0.01642251196656457,-1.0688312445331818,0.10822275738435641,-0.3202837982494745,0.2351517040364509,0.42670160499503385,0.3008706573451168,0.2625194161057256,0.3442508674510863,0.2530861414543415,-0.14536486953416938,1.0376019981170657,-1.2494929995548092,-0.11608537430009164,1.109210045297281,-0.0964225950650604,0.34508032187680254,-1.1132179216560705,-0.4447464531642682,-0.3386877738424105,0.14083067869736704,0.5005225995285609,-0.6191517777155707,-0.15434250613610445,0.13318853348131787,0,43.12500000000001,13.041666666666664,Rupicapra_rupicapra,167
1081,-0.9533458677708009,0.44905618433665734,1.1948081683903464,-0.21288127565512519,-0.366934052419206,-0.186727103002049,-0.5475883958733186,-0.15347198568954723,0.29957940770148256,0.3399764248261714,0.4146000179447998,0.5535570514577447,0.5201434304560599,-0.3362387798172708,-0.6363059295625404,0.16755970049373667,-0.4171398465352615,-0.41044701583897714,0.3452026489489147,-0.2566295370845374,1.473646796266983,-0.005127353764868873,0.44259155201125605,0.35568226521769636,0.5109291908026927,-0.1445345374570319,-0.40385411843578595,0.34384477090346727,-1.0132975923681515,-0.3909564458088032,0.312073387627515,-0.2607095897429773,-0.10761914615272725,-1.0813107994446824,-0.25118919301613796,-0.5284848548497482,0.15051126361621806,0.6556187821156194,-0.8364106055707599,0.4130335031334042,0.26980590272442695,0,41.708333333333336,1.7916666666666667,Rupicapra_rupicapra,184
1082,-1.2997775631075428,0.24484496108260523,0.09827469306889156,-0.07806719090363098,0.7589300831749949,-0.33085266582752204,-0.5545366471811899,-0.17393855664147773,0.4659734652795643,0.5023183328851194,0.5069419303924515,0.7448283720165492,0.732413694825398,-0.26288236262974685,0.9988342392891864,0.32849666118695153,0.08483398748054703,-1.2814952059862208,0.48675863751014425,-0.24939609831579457,1.0608150988568057,-0.436620098438238,0.5640666045822326,0.53165653576253,0.6089752633624613,-0.17220777152046082,-0.3592870065561969,-0.19224035921613142,-0.5409067779948358,-0.3105063760989364,-0.11496410755271677,-0.7853680566176152,0.31136865936396524,-0.9536823105991298,-0.20279987797910543,-0.5306001212034267,0.34412296199323844,0.7456746300693953,-0.8219266837137473,-0.10706117203031207,1.040718200596257,0,40.62500000000001,17.875,Rupicapra_rupicapra,197
1083,-0.8064472738226083,0.48989842898746777,-1.1810143614728057,-0.10422298221461898,-0.5492096333649928,0.2868283900286577,-0.5753812685779326,-0.012075666548108911,0.05682092756341157,-0.026894066674997986,0.3314922967419133,-0.03221136775359391,0.09560290171738395,-0.38249781674433286,1.0360926281584268,0.5436070986080612,0.13497287108498787,-1.6400136229560747,0.14803537916720222,-0.3014768574507431,-2.406971159388684,-0.502449002856778,0.2738762012182331,0.06584229020267619,0.37366468921901685,0.24143425342763458,-0.18993198141375844,1.0060675786982656,-1.3675907031481382,-0.1864791852962251,1.1186997674123973,-0.0964225950650604,0.5425343451662783,-0.12409713310303788,0.13592532728012247,-0.544060907090472,0.03434424459000584,0.4805101888721663,-0.6698455042151149,-0.8730187845441488,0.8211545714555458,0,44.04166666666667,0.04166666666666666,Rupicapra_rupicapra,156
1084,-0.5683222314282365,0.44905618433665734,-0.5413698342019571,-0.6163271871873904,-0.557546461543245,0.24564966217574388,-0.3287193411000372,-0.20419560754995164,-0.4585719383809367,-0.6267225820393398,-0.033258257426311055,-0.12784702803299614,-0.32893762702129203,-0.7233437901986051,-0.5347191189474146,0.3172432174186364,-0.45944424006601814,0.08635153615562251,-0.25325057054878325,-0.36802449412317734,0.1525853645544154,-0.535479023766911,-0.002816974082324531,-0.20329482945412822,0.09913568605166498,-0.18677263155384446,-0.46624807506721067,0.31231035148466735,-1.1313952959614804,-0.40101270452253657,0.312073387627515,-0.1017221755385416,-0.040195821127052604,-1.208939288290235,-0.49313576820130073,-0.3044589183010669,-0.37224032200173696,0.27037987698002247,-0.6698455042151149,0.12934549849864987,0.030725506548986058,0,53.37500000000001,13.541666666666664,Rupicapra_rupicapra,44
1085,-1.463948423573976,0.3265294503842261,-0.08448088615135091,-0.49023708409790556,-0.7716539493690808,0.12211343259617825,-0.15153952912024113,-0.23937246537850126,-0.4951129844392473,-0.602018378639065,-0.10251469176204984,-0.1398014855679214,-0.32893762702129203,-0.6958593329848419,-0.7686016580084701,0.501065709219602,-0.27377470000503923,0.27046599327965526,-0.3170771546768376,-0.34053742680195453,-0.5905116907839039,-0.3952600526595256,-0.002816974082324531,-0.1308348357003732,0.02069882800385016,-0.15181696747372372,-0.27906620517293657,0.24924151264706748,-0.6294800556898325,-0.23676047886489182,0.16972755590077107,0.15795726766203677,-0.15096271224066096,-0.8898680661763535,-0.49313576820130073,-0.14562164483393325,-0.2560733029755247,0.1453023103775559,-0.4018929498603816,0.19553936624675922,-0.14980458852226525,0,50.87500000000001,19.291666666666668,Rupicapra_rupicapra,74
1086,-1.7102578033174276,0.1631604717809844,-1.3637699406930481,-0.5471557546697023,-1.0429830053243891,0.739794488452358,-0.492002650464091,-0.0027279545755528652,-0.23095237008370567,-0.6113968262262064,0.07293494188848842,-0.15175594310284668,-0.32893762702129203,-0.6925689389199121,-0.4727191105499035,0.34005985332039923,-0.40636781492396484,0.1389834174965472,-0.11485431387508116,0.0732152707701367,-2.1592721409425777,-0.5464436647921632,0.07141778026660557,-0.20329482945412822,0.21679097312338722,0.13802374719061075,-0.27906620517293657,1.0691364175358655,-1.3675907031481382,-0.24681673757862518,0.8814567145344907,0.1420585262415932,0.3258165147266098,-1.1451250438674587,-0.29957850805317054,-0.4792568378914113,-0.3528791521640349,0.3904543409183904,-0.8291686446422536,0.12934549849864987,0.13806772524000033,0,51.70833333333334,8.458333333333332,Rupicapra_rupicapra,64
1087,-1.3211539394261265,0.4082139396858469,-0.08448088615135091,-0.5113610056339482,-0.5927889350375283,0.6368476534797988,-0.7629833912561,0.08440248622727868,-0.09630983557004048,-0.2748837486917767,0.26223586240617447,-0.15175594310284668,-0.11666736265195404,-0.5714050662404893,0.5629424244696859,0.0277641859680709,-0.7922002011092617,-1.81577697981595,0.10000745447678505,-0.3535576165856916,-0.012547314409655536,0.3005349994217025,0.16589837671069843,-0.22399768481234394,0.36386008196304,0.10598105511716673,-0.23449909329334753,0.8799299010230659,-1.2199685736564772,-0.213295875199514,0.8055389376135607,-0.17061672169379707,0.44139935762776633,-1.1451250438674587,-0.009242617830975207,-0.725589219624339,-0.410962661677141,0.5405474208413502,-1.0898792380684805,-0.8824750513653072,0.6796580104537543,0,48.87500000000001,-1.0416666666666672,Rupicapra_rupicapra,98
1088,0.41152688538782334,0.24484496108260523,-1.1810143614728057,-0.4971150596734047,-0.31653361751820214,-0.042601478815476976,-0.26618534438293834,-0.2527544483031582,-0.3862266959556837,-0.5866926228259317,-0.010172779314398124,-0.056120282823444466,-0.11666736265195404,-0.7005045886793526,-0.46471442974789984,0.5751188136167595,-0.23342866749935753,0.31047410591596875,-0.19890318208331118,0.05006826671015958,-1.5813077645683296,-0.5807273128682638,0.06466916623488465,-0.07907769730483388,0.11874490056361868,-0.2377496416706872,-0.45733465269129286,0.2807759320658674,-1.1313952959614804,-0.4345335669016477,0.2836042212821662,-0.1547179802733535,-0.05464367648969717,-0.9855894328105179,-0.4447464531642682,-0.2527310411065645,-0.18830920854356759,0.28038608230821976,-0.5467321684305078,0.2428207003525516,0.0843966158944932,0,52.45833333333334,13.70833333333333,Rupicapra_rupicapra,55
1089,1.0880887218469866,0.12231822713017397,0.4637858515093765,-0.5839305930385904,-1.364712568459907,1.04863503939086,-0.5058990205529625,0.10580383963709508,-0.2976707603203278,-0.6340423460097916,0.05446655939895808,-0.22348268831239837,-0.32893762702129203,-0.67089106055359,-0.47650317781422746,0.18924040568213815,-0.498615046761978,0.04750880617649677,-0.16035445305547635,-0.15102133106089174,-0.9207770487120457,0.6235118302298819,0.02417748204455914,-0.28610625088699115,0.17757254409947978,0.3346493576412899,-0.20775882616559407,1.289877353467465,-1.3971151290464705,-0.15966249539293614,1.1851278222182111,0.27984761855210416,0.5329024415911819,-1.1451250438674587,-0.29957850805317054,-0.48425655836374243,-0.4400044164336941,0.35543262226969974,-0.8436525664992662,0.05369536392938205,0.09415499941185813,0,51.29166666666667,7.374999999999999,Rupicapra_rupicapra,69
1090,-0.5494835953451284,-0.20441973007630937,0.0068969034587703275,-0.4811046737138984,-2.0506142568132937,1.0898137365632241,-0.20017715574846845,0.011244385661087283,-0.6370905226988062,-0.6877968626677967,-0.13483436111872793,-0.4864807540807545,-0.32893762702129203,-0.6459227881223382,-0.869169694095289,0.3797504935147497,-0.29571025612292445,0.24871415932222857,-0.46748039252314394,-0.18140177388961173,-1.0859097276761167,0.15709187335710964,-0.16478371084362656,-0.3792690999989619,-0.06264033367195308,0.4890368739951565,0.22008544787846093,0.848395481604266,-0.7475777592831614,0.3096295779146202,0.8434978260740257,1.021788884839471,0.16207415394997135,-0.4750754774283075,-0.29957850805317054,-0.20004167920584467,-0.40128207675829003,0.030230949103286654,-0.34395726243233116,-0.03141103746104425,-0.30105953304142175,0,47.37500000000001,14.95833333333333,Rupicapra_rupicapra,116
1091,0.9458443853627777,0.36737169503503647,0.09827469306889156,0.024284987000599164,0.7574142436667992,-0.6191038528395671,-0.23144422037045329,-0.31085781807911056,0.5206343151119777,0.5556480418126966,0.45153678292386046,1.1512799282040087,0.5201434304560599,-0.19049376703571322,1.161547910236064,0.4659288741039635,0.06661970581470412,-1.4209406125382125,0.4646405142974521,-0.3607910553544345,0.4002843830005218,0.4237465837009616,0.5978096747408371,0.831847938456658,0.5452453161986117,-0.32513880187098904,-0.40385411843578595,-0.6021878116605304,-0.03899153772318781,-0.34737932471595867,-0.5325118806178323,-0.970853373189457,0.3354484183017062,-1.0174965550219062,-0.49313576820130073,-0.22984770509858768,0.6926240190718751,0.6856373981002114,-0.4743125591454447,-0.5231369121612851,1.1724563780806836,0,36.04166666666667,1.6249999999999998,Rupicapra_rupicapra,252
1092,-1.4319113952828249,0.3265294503842261,2.2913416437118013,-0.736911679081468,-0.9327082108753644,1.028045629443579,-0.6274929545966601,0.06157441095654662,-0.26873266335022666,-0.5535576198525474,0.12834008935707944,-0.17566485817269725,-0.11666736265195404,-0.6844397322252157,-0.6411087435956474,-0.10751141095825094,-0.7420616163543592,-1.4494900427805908,-0.07946531673477378,0.9643749270792562,-0.4253790118198329,-0.6200552021841541,0.044423324139721894,-0.3171605339243147,0.24130249126332934,0.12200240115388873,-0.2968930499247722,0.7537922233478662,-1.1609197218598126,-0.2267042201511585,0.6537033837717005,0.020168175351525798,0.2824729486386761,-1.5599176326155046,-0.4447464531642682,-0.5752130115719195,-0.5368102656222042,0.4204729569029823,-1.0102176678549113,-0.4758555780554927,0.07951742413581073,0,53.12500000000001,5.624999999999999,Rupicapra_rupicapra,47
1093,0.2730282603381903,0.24484496108260523,0.09827469306889156,-0.5205915346367165,-0.5022196205198112,-0.042601478815476976,0.029114209723184382,-0.3073155240654738,-0.5228453273689276,-0.6095668852335935,-0.2087078910768493,-0.11589257049807085,-0.32893762702129203,-0.7359246956525564,-0.8161931965471363,0.5788929266081939,-0.2520348903348,0.2920237202719305,-0.35752172283718886,-0.278329853390766,-0.5079453513018684,-0.5986468887790188,-0.0635545003678128,-0.1308348357003732,-0.08715185181189522,-0.2537709877074092,-0.38602727368395034,0.09156941555306787,-0.6294800556898325,-0.3306188935264031,0.00840227994379463,0.009569014404563416,-0.2183860372663356,-0.8898680661763535,-0.5899143982753658,0.016292379693096454,-0.21735096330012066,0.030230949103286654,-0.20636000479071137,0.19553936624675922,-0.262025998971962,0,51.87500000000001,21.875,Rupicapra_rupicapra,62
1094,-1.6629750228955056,0.12231822713017397,-0.5413698342019571,-0.4963145553325359,-0.7220112896637628,0.6162582818832045,-0.55801070657169,-0.0034659387509662553,-0.13248245678266696,-0.37742579931355186,0.13757428060184462,-0.1398014855679214,-0.11666736265195404,-0.6364387197980608,-0.4216346466339128,0.3144327971255937,-0.35603333429664724,-1.7147858855745544,-0.03143739204435663,-0.28845666766700595,0.2351517040364509,-0.4351775122642269,0.13890392058381476,-0.1515376910585889,0.27071631303125987,0.10889402712384345,-0.39494069605986815,0.9429987398606657,-1.456163980843135,-0.3138584623368475,0.9004361587647233,-0.027528048909804922,0.29210485221377247,-1.0813107994446824,-0.25118919301613796,-0.5281002609672611,-0.32383739740748185,0.4354822648952783,-0.8726204102132914,-0.7689998495114055,0.19661802634418996,0,50.87500000000001,4.124999999999999,Rupicapra_rupicapra,74
1095,0.8866659105539372,0.8166363861939511,0.5551636411194977,-0.34598007943108067,-0.6905584149399687,0.03975597689035064,-0.06121265969852837,-0.24699823929871564,-0.4737108502217766,-0.5857776523296252,-0.08404630927251949,-0.10393811296314558,-0.32893762702129203,-0.6449550219046638,-0.7144608149885108,0.7195256859237004,-0.02288573093334255,0.5192536313805137,-0.27284090825145335,-0.34921755332444593,-0.012547314409655536,0.27129282620271966,0.017428868012838224,-0.03767198658840243,0.025601131631838584,-0.08918806933017406,-0.24341251566926533,0.34384477090346727,-0.6885289074864969,-0.18312709905831395,0.24564533282170117,0.24275055523773584,-0.0835393872149863,-0.4431683552169194,-0.39635713812723566,-0.08735567163715179,-0.08182277443620639,0.10027438640066792,-0.20636000479071137,0.2806457676371855,-0.1546837802809477,0,48.70833333333334,21.375,Rupicapra_rupicapra,100
1096,-1.1684314666744249,-0.4494731979811719,-0.906880992642442,-0.5302958050599467,-1.3431123614225609,1.2339393607497962,-0.5649589578795612,0.22481481395635436,-0.5325583460278736,-0.7742615745687581,0.06370075064372326,-0.45061738147597863,-0.5412078913906301,-0.5226298260723106,-0.6415453731475749,-0.12396714293318441,-0.7671309087318104,-0.45861191803606977,-0.24629916039622285,0.11516921562884526,-0.4253790118198329,1.9249177492420437,-0.1040461845581383,-0.4827833767900405,0.12854950781959554,0.590990894228842,0.023990155608269056,1.699824805911864,-1.3675907031481382,0.04816685135755308,1.5647167068228616,0.31164510139299134,0.5569822005289229,-0.9217751883877416,-0.20279987797910543,-0.5379074049706798,-0.5561714354599063,0.27037987698002247,-0.8074427618567347,-0.6744371812998208,-0.07661671214202823,0,42.79166666666667,1.3749999999999998,Rupicapra_rupicapra,171
1097,-0.2342765861024102,-1.919794005410347,-1.0896365718626844,-0.6515011165885845,-0.5617149479115771,0.4103646042679486,-0.7351904522880508,-0.0626024525906064,-0.21125838742349792,-0.4456564563238343,0.19297942807043567,-0.2593460609171742,-0.11666736265195404,-0.6718588267712645,-0.5088130429092417,0.011939433257733863,-0.625136734458956,-1.9165738559622523,0.0014238195859287903,0.5853427355971307,-1.8290067830144359,-0.5396135824520335,0.0849150083300474,-0.32751196160342255,0.30013013479919043,-0.13725210744034008,-0.5108151869467997,0.5961201262538666,-1.456163980843135,-0.48146277423240336,0.5398267183903053,-0.25541000926949614,0.0946508289242967,-1.2727535327130113,-0.15441056294207287,-0.7071287132649626,-0.5174490957845023,0.4805101888721663,-1.0826372771399744,-1.0054065200403675,0.16734287579209514,0,53.54166666666667,-0.6250000000000003,Rupicapra_rupicapra,42
1098,0.9792478043373233,0.44905618433665734,2.0172082748814373,-0.11100283917135688,-0.4298399464252062,0.10152408400999609,-0.5545366471811899,-0.07135980725117924,0.06485928783288411,-0.01898610738549206,0.32225810549714806,0.015606462386107205,0.09560290171738395,-0.38307848755010065,0.7882381655118823,0.5206759174247982,0.11617075237713026,-1.6394309686707946,0.14550759365718025,-0.29569010643574883,1.2259477778208765,-0.34770235098540336,0.28062481524995403,0.07619371788178406,0.37366468921901685,0.11326348513385855,-0.3236333170525256,0.9114643204418659,-1.4266395549448028,-0.3205626348126697,0.9953333799158859,-0.14411881932639112,0.3643441290269953,-0.1879113775258142,0.13592532728012247,-0.5256004007310956,0.03434424459000584,0.4805101888721663,-0.6698455042151149,-0.8730187845441488,0.8211545714555458,0,43.79166666666667,0.4583333333333328,Rupicapra_rupicapra,159
1099,-0.3707553421533302,-0.36778870867955105,0.5551636411194977,-0.6797643642080256,-0.5787677809827483,0.6368476534797988,-0.7803539532623425,0.004110626214771407,-0.2562732049325442,-0.47594851525512355,0.19297942807043567,-0.34302726366165115,-0.32893762702129203,-0.679600919595449,-0.5213294236168766,-0.03411785213061162,-0.6778215172809481,-1.9245366126445078,-0.013742893474202943,-0.07145350460472036,-0.4253790118198329,-0.23860545823953802,0.05792055220316373,-0.3999719553571776,0.29522783117120205,-0.05860186326006842,-0.46624807506721067,0.7537922233478662,-1.456163980843135,-0.42112522195000324,0.6726828280019329,-0.21301336548164662,0.18133796110016412,-1.2408464105016233,-0.05763193286800776,-0.7465495862198809,-0.5948937751353104,0.47050398354396894,-1.1260890427110122,-1.0243190536826845,0.15270530051604775,0,54.12500000000001,-1.0416666666666672,Rupicapra_rupicapra,35
1100,0.7465991877268808,0.6532674075907094,-0.26723646537159335,-0.5099233285553922,-1.320375274754068,0.6368476534797988,-0.3565122138046511,-0.07431170641739841,-0.5605251411320802,-0.6484531313266184,-0.04710954429345881,-0.3191183485918006,-0.32893762702129203,-0.6567617180761967,-0.7298880593756626,0.30277802477930843,-0.37287679312989147,0.17219393384790901,-0.29875070972917844,-0.3159437349882288,0.1525853645544154,0.09731549750699722,-0.04330865827265004,-0.296457678566099,0.07462416791172284,0.11035051312718182,-0.17210513666192284,0.8168610621854661,-1.0132975923681515,-0.11943746053800275,0.6916622722321655,0.34344258423387847,0.12836249143713402,-0.8898680661763535,-0.3479678230902031,-0.339649258548628,-0.391601491839439,0.2353581583313318,-0.6336356995725834,0.044239097108223574,-0.10589186269412303,0,48.79166666666667,10.124999999999998,Rupicapra_rupicapra,99
1101,-1.0279931287703399,-1.3071603356481907,-0.5413698342019571,-0.2482839490720084,-0.6628949944282518,0.2662390261022008,-0.35998627319515125,-0.10171523853317223,-0.05812762429004588,-0.3183121697486088,0.16065975871375757,0.06342429252580832,0.09560290171738395,-0.5197265458778927,-0.7742777033859082,0.607536808652193,0.03156166646607857,-0.4215171879560977,-0.0162706789842249,1.706525744752273,-0.9207770487120457,0.8956573329613289,0.1928928328375821,0.06584229020267619,0.26091170577528305,0.11617645714053527,-0.3147198946766078,0.9114643204418659,-1.2494929995548092,-0.270281341244003,0.7770697712682119,0.036066916771969375,0.12836249143713402,-0.570796844062472,-0.20279987797910543,-0.37060906608883204,0.03434424459000584,0.395457443582489,-0.5467321684305078,0.05369536392938205,0.020967123031621123,0,45.87500000000001,4.791666666666667,Rupicapra_rupicapra,134
1102,1.6844159367357572,-3.1042191002838493,-0.08448088615135091,-0.700267466109508,-0.6132523347229337,0.3074177539551146,-0.42599446182962114,-0.19076441567081798,-0.45689727999146323,-0.6333561181375617,0.017529794419897392,-0.08002919789329502,-0.32893762702129203,-0.7277954889578598,-0.576343525740691,0.09619070851197736,-0.6335584638755781,-0.08630438674773094,-0.20585459223587155,6.15364389977538,-0.9207770487120457,-0.49623759239300036,0.003931639949396387,-0.22399768481234394,0.14325641870356082,-0.22318478163730357,-0.5019017645708819,0.21770709322826756,-1.1609197218598126,-0.4445898256153811,0.24564533282170117,-0.17061672169379707,-0.07390748363988993,-1.4641962659813401,-0.5415250832383333,-0.3811853978572247,-0.4593655862713961,0.3204109036210091,-0.8074427618567347,0.11043296485633292,0.03560469830766853,0,54.12500000000001,13.291666666666664,Rupicapra_rupicapra,35
1103,-1.0335479001901384,-0.28610421937793024,-0.26723646537159335,-0.1902380112389359,-0.00844624856041501,-0.08378023734894026,-0.22102177714521118,-0.1993249345134839,0.1745829055111844,-0.04058594660186981,0.19759652369281827,0.4937847637831183,0.09560290171738395,-0.48198382951603896,-0.5609162813535392,0.638715810227096,0.11734582876208291,-0.997360689531288,0.1202297385569607,-0.4403588818106059,-0.17767999337372647,-0.583567401341234,0.35485956959888415,0.3867365482550199,0.3246416529391326,-0.06151483526674515,-0.3503735841802791,0.7222578039290662,-1.3085418513514737,-0.3540834971917809,0.6726828280019329,-0.3031062335308269,0.08020297356165214,-0.8579609439649654,-0.4447464531642682,-0.2308091898048052,0.26667828264243026,0.45549467555167295,-0.45982863728843204,-0.06923610474567816,0.15270530051604775,0,44.37500000000001,12.041666666666664,Rupicapra_rupicapra,152
1104,-1.147935886229351,0.28568720573341566,1.0120525891701038,-0.3461270579311356,-0.8228123040241826,0.43095397202947416,-0.3947273972076363,-0.06575118757473249,-0.11640573624372186,-0.3512511076156417,0.12834008935707944,0.015606462386107205,-0.11666736265195404,-0.5578564130274689,-0.2989445462541971,0.4402502865355735,-0.14960331450273573,0.3508704324825851,-0.05671524714457619,-0.24794941056204597,0.31771804351848637,0.03618714345742776,0.1524011486472566,-0.016969131230186705,0.2314978840073525,0.1365672611872724,-0.2968930499247722,1.0060675786982656,-1.3085418513514737,-0.28704177243355855,0.8529875481891419,0.07316398008633772,0.21504962361300142,-0.7941466995421891,-0.25118919301613796,-0.3919540265668609,-0.11086452919275945,0.3854512382542917,-0.6408776605010896,0.13880176531980837,0.2014972181028724,0,46.45833333333334,4.624999999999999,Rupicapra_rupicapra,127
1105,0.6473322385937774,0.08147598247936355,2.8396083813725284,-0.41542931527383864,-0.5806625080887869,0.38977523267135433,-0.4398909644453634,-0.08424977570193766,-0.19076056873634292,-0.40036541675666404,0.08678622875563619,-0.15175594310284668,-0.11666736265195404,-0.6155350507141572,-0.37316984899139155,0.45424525539094346,-0.20267959022001983,0.30289978542389967,-0.10221538632497139,-0.32317717375697164,0.8956824198927347,-0.23082992052251597,0.09841223639348924,-0.1308348357003732,0.21679097312338722,0.05937350301033908,-0.40385411843578595,0.8799299010230659,-1.485688406741467,-0.3540834971917809,0.8245183818437931,-0.032827629383286115,0.2776569968511279,-0.8260538217535772,-0.25118919301613796,-0.4321440872867531,-0.19798979346241863,0.380448135590193,-0.6988133479291401,0.044239097108223574,0.1575844922747302,0,48.95833333333334,6.208333333333332,Rupicapra_rupicapra,97
1106,0.31298585136488327,0.612425162939899,0.281030272289134,-0.5701257820062985,-1.2036583069536237,1.5221904864007423,-0.39820158912500725,0.3176030833901094,-0.6856221228257467,-0.7897507179705177,-0.07481211802775432,-0.6060253294300073,-0.5412078913906301,-0.6180512170380632,0.3551115323903032,0.060394467857727105,-0.500181914891761,-1.8386941779089074,-0.43841085915789146,-0.39406487369065163,1.473646796266983,3.01208916363718,-0.19177816697051023,-0.5552433705437956,-0.008714993764080397,0.9900680591435538,0.22008544787846093,2.2359099360314625,-1.4266395549448028,0.2928691467250646,2.1530794779600697,0.5448266422261637,1.293822824023796,-0.7941466995421891,-0.29957850805317054,-0.3994536072753575,-0.5852131902164593,0.1052774890647666,-0.5901839340015456,-1.6957139979849363,0.5137654906585504,0,45.95833333333334,6.291666666666668,Rupicapra_rupicapra,133
1107,-0.6947032225656422,0.6941096522415199,0.281030272289134,-0.2067058852298206,-0.6545580216915876,0.43095397202947416,-0.18628065313272615,-0.09197392999567112,0.031902010728046666,-0.24890512210021798,0.156042663091375,0.32642235829416444,0.09560290171738395,-0.4891452515344557,-0.7512824077486803,0.6367486560528726,0.08777197729246705,0.15374369637712662,0.007743283360983679,-0.25373616157704026,0.07001902507237993,-0.4819248976848092,0.25363035912307036,0.2521679884266177,0.24620479489131777,0.2559991134610182,-0.11862460240641595,0.7537922233478662,-1.0723464441648158,-0.12278954677591386,0.7201314385775143,0.03076733629848818,0.0994667807118449,-0.570796844062472,-0.3479678230902031,-0.2140793559166204,0.18923360329162214,0.34042331427740374,-0.3511992233608375,0.044239097108223574,0.0063295477555737195,0,45.37500000000001,8.208333333333332,Rupicapra_rupicapra,140
1108,0.36688317194944847,0.36737169503503647,-0.6327476238120783,-0.2947794109672536,-0.35442873787262175,-0.31026325588024095,-0.4120979592138788,-0.2584122769340817,-0.25868471301338597,-0.6214615016855776,0.12372299373469686,-0.15175594310284668,-0.32893762702129203,-0.40669187989316624,-0.5339914307870594,0.13501539758065886,-0.19367032261092135,-0.1531139297272691,-0.14771552550536657,-0.10183394743344035,-0.012547314409655536,0.10401770931858058,0.05117193817144281,-0.17224054641680464,0.1971817586114335,-0.2654228757341161,-0.36820042893211474,0.18617267380946764,-0.8361510369781581,-0.4077168769983588,0.19819672224611987,-0.3878995211065259,-0.16541056760330552,-0.4431683552169194,-0.10602124790504032,-0.427913554579396,-0.22703154821897167,0.28538918497231847,-0.5829419730730392,-0.40966171030738335,-0.0034288357617912155,0,40.958333333333336,-1.1250000000000002,Rupicapra_rupicapra,193
1109,1.5571702467903628,-0.0410507514730677,0.0068969034587703275,-0.24408528984418548,-0.11758423565749895,-0.2896739072940588,-0.09942784310151358,-0.2973774547809345,-0.2050286582146567,-0.3233118299605692,-0.005555683692015537,0.05146983499088304,0.09560290171738395,-0.6075993824961113,-0.6662871314734651,0.8635483134232615,0.1371269785577088,0.677926147783661,-0.13697243708777326,-0.2971367941894974,-0.4253790118198329,-0.5677835107611713,0.14565253461553568,0.12795085627732336,0.12364720419160712,-0.23483666966401048,-0.4305943855635394,0.24924151264706748,-0.954248740571487,-0.414421049474181,0.17921727801588735,-0.12292049743246636,-0.10761914615272725,-0.4431683552169194,-0.3479678230902031,-0.11581561894119026,0.10210833902196297,0.23035505566723316,-0.2570537312902555,0.4319460367757212,-0.04734156158993342,0,47.62500000000001,17.458333333333332,Rupicapra_rupicapra,113
